50	231	PC	501.431517916292
50	233	PC	.481673288674106
50	301	PC	116.116960728327
50	412	PC	286.343221480679
50	1034	PC	.649392364371981
50	1102	PC	7.30810151846207
50	1253	PC	1.1523496017728
50	1277	PC	18.6056288586932
50	1416	PC	5.212386331609
51	125	PC	90.4579974353096
51	301	PC	11.7789572660101
51	1840	PC	44.7180475376237
51	1866	PC	1.43731424859528
51	1868	PC	.652275110135425
51	1922	PC	57.659155643348
51	1931	PC	1.33055844226856
51	1933	PC	3.52211728819036
51	1939	PC	1947.10395761388
51	2004	PC	14.9209498638211
51	2020	PC	104.826765827017
52	104	PC	68.200462298811
52	106	PC	24.2514437252998
52	219	PC	14.1458875379293
52	230	PC	116.135640908069
52	231	PC	15.5050404695599
52	301	PC	50.5552845857151
52	605	PC	2.04368142819153
52	628	PC	29.3516317419422
52	704	PC	50.4777779143996
52	805	PC	174.133636788616
52	1721	PC	54474.5319494738
52	1804	PC	1.16539824088738
54	417	PC	24.5518984174489
54	1719	PC	33451.9430563344
55	106	PC	181.965145826013
55	301	PC	4350.15738165377
55	412	PC	38.3171761113386
55	426	PC	10516.5684986602
55	428	PC	20.0653167464845
55	1702	PC	116.632699896165
56	138	PC	2.4304871802633
56	235	PC	.81224144075952
56	301	PC	214.479106537688
56	1130	PC	1340.40432816907
56	1663	PC	1.53094725253144
56	1901	PC	.655006544867168
57	301	PC	21.9873868965521
57	432	PC	52.4052401670226
57	602	PC	1861.87457228377
58	101	PC	372.574829262349
58	104	PC	64.9977756475215
58	105	PC	124337.194700776
58	106	PC	168.005197843501
58	118	PC	40.1010238054311
58	124	PC	11.4334618217512
58	128	PC	216.307004431072
58	211	PC	14.9298366070637
58	213	PC	12.2525230041211
58	219	PC	657.731936815208
58	220	PC	1.0206767246548
58	230	PC	638.425974541756
58	231	PC	18.0916986632798
58	235	PC	311.900713251656
58	301	PC	3242.29148231828
58	402	PC	10.2100574222887
58	412	PC	105.857083094813
58	427	PC	5.59960667951607
58	501	PC	24.4804633106365
58	502	PC	29.4102608627014
58	513	PC	1.61924659719958
58	528	PC	1.49614222946038
58	529	PC	33.4889321114074
58	602	PC	26.8801664048775
58	604	PC	2.95484082613138
58	605	PC	5.99348880383093
58	617	PC	12.1368465203407
58	626	PC	8.55881139358736
58	627	PC	2.17707335847924
58	628	PC	350.528540391425
58	704	PC	9.21379613567782
58	706	PC	23.6358086826606
58	709	PC	14.6021215993075
58	806	PC	19.0806002584543
58	906	PC	41.8542573878116
58	1032	PC	2.0465678903693
58	1034	PC	27.5494472416906
58	1101	PC	7.19444256007279
58	1102	PC	10.4424121588448
58	1106	PC	13.7399737644467
58	1121	PC	3.29099340441468
58	1173	PC	53.7542538063983
58	1221	PC	4.8783963782479
58	1241	PC	194.365684791567
58	1247	PC	1.99683898932074
58	1271	PC	38.2973279187073
58	1274	PC	1.70032302010067
58	1416	PC	604.636814466644
58	1420	PC	3.16583169752607
58	1449	PC	200.196615154367
58	1502	PC	3.14947301332251
58	1516	PC	1.83332391709648
58	1640	PC	111.499397450734
58	1663	PC	3.01764747464289
58	1677	PC	32.4201761411727
58	1702	PC	37.7388186849377
58	1703	PC	736.733461116465
58	1719	PC	83.8068064006837
58	1729	PC	64.4483767281276
58	1804	PC	22.8262668781808
58	1805	PC	8.71477367280757
58	1828	PC	22.9950632690089
58	1833	PC	537.098684101996
58	1841	PC	7.84584545791511
58	1901	PC	18.5610575562941
58	1925	PC	19.1463789612454
58	1931	PC	2.61454733905771
58	1939	PC	503.379108324268
58	1971	PC	22.629434616601
58	2012	PC	12.1846830014302
59	106	PC	35.6732193473543
59	118	PC	10.7012446383636
59	125	PC	11.1122970987342
59	128	PC	163.46848923497
59	135	PC	35.5558835451586
59	214	PC	7.88431066342588
59	230	PC	6.79573794400513
59	235	PC	1236.22019170487
59	237	PC	16.6936619738184
59	301	PC	21.1628598879314
59	402	PC	101.59627807361
59	412	PC	19.7705331287005
59	415	PC	16.3018429715942
59	515	PC	11.6808786247002
59	605	PC	303.604596784223
59	706	PC	31.8873631931753
59	709	PC	25.7662984764236
59	719	PC	169.860467339705
59	1102	PC	194.216170212679
59	1149	PC	12.5138152456138
59	1211	PC	148.334492663172
59	1504	PC	44.5448345928402
59	1702	PC	249.182960940631
59	1743	PC	.775559021831358
60	101	PC	106335.008777228
60	105	PC	11.5125277171855
60	106	PC	52.7364796299548
60	111	PC	1.18036159830017
60	118	PC	169.570043520109
60	119	PC	229.224043173651
60	125	PC	400.90048690942
60	127	PC	123.02883033054
60	128	PC	327.225188552829
60	135	PC	614.187483829494
60	136	PC	93.5363087613655
60	137	PC	45.9953084561322
60	211	PC	39.109343295011
60	213	PC	146.057604568972
60	219	PC	1813.44435164786
60	221	PC	11.5984258663702
60	231	PC	12.7469323091094
60	233	PC	24.4918621359715
60	235	PC	2927.64530529984
60	237	PC	39.0495016931424
60	301	PC	627.111684842375
60	402	PC	2751.82771057111
60	412	PC	7432.97670776416
60	415	PC	113.836436797548
60	417	PC	478.13528915634
60	420	PC	16650.2366644955
60	427	PC	118.598411133571
60	430	PC	65.8624042319786
60	437	PC	62.6989081623828
60	438	PC	37.0879385159921
60	439	PC	19.7364052478697
60	511	PC	44.5178579286102
60	513	PC	14.4581909280007
60	516	PC	60.206463244519
60	517	PC	44.3359897142967
60	522	PC	46.9299041337916
60	528	PC	49.0822659629442
60	538	PC	56.7125589118051
60	542	PC	60.407294428077
60	605	PC	75.478657362343
60	612	PC	25.2817850733889
60	706	PC	47.8310447897629
60	709	PC	22964.0992237374
60	719	PC	911.407256535071
60	720	PC	105.498392747356
60	805	PC	.854440985396885
60	904	PC	36.4216937035417
60	906	PC	1.780303790729
60	1102	PC	118.905430243381
60	1149	PC	24.3690086361952
60	1211	PC	43.3178865709342
60	1260	PC	33.1144171997049
60	1271	PC	49.131323287621
60	1273	PC	44.8671624152219
60	1416	PC	92.7769901565989
60	1449	PC	42.4625719775266
60	1502	PC	1.12333501350453
60	1529	PC	10.9227009363427
60	1624	PC	341.523869473676
60	1640	PC	44.1681384997362
60	1644	PC	13.2222094362611
60	1812	PC	23.3477905601813
60	1826	PC	774.899015422493
61	426	PC	27.5234857910871
61	1640	PC	44.7748647980286
61	1833	PC	1175.31491067549
62	101	PC	260.768897060806
62	104	PC	30.1564269259167
62	105	PC	743.119624476374
62	106	PC	22.4965354917029
62	118	PC	19.9244801136128
62	119	PC	25.369144038626
62	123	PC	29.0794610897397
62	125	PC	19.5576428937721
62	127	PC	170.827824259026
62	128	PC	119.617858845963
62	135	PC	32.7578779366333
62	211	PC	222.605105377774
62	213	PC	369.426903586484
62	215	PC	.661879605482657
62	216	PC	1.65503383663307
62	219	PC	10.0274645838486
62	220	PC	57.0881067191537
62	221	PC	1537.09664902737
62	231	PC	1.67722793540913
62	235	PC	343.386350212209
62	301	PC	302.161664425867
62	403	PC	9.87851144814244
62	412	PC	59445.0787283389
62	417	PC	18.7123666625695
62	419	PC	28.002740970444
62	420	PC	14.7756297264861
62	425	PC	57.0014226764889
62	428	PC	316.566202598554
62	432	PC	18.4025531424304
62	434	PC	11.2798732000545
62	436	PC	87.306387927908
62	437	PC	319.729106553869
62	502	PC	15.3034612470238
62	514	PC	76.4152649456747
62	516	PC	44.2682368731255
62	522	PC	20.4117638593611
62	602	PC	296.679991550208
62	605	PC	7.76205927053514
62	701	PC	16.1535062823381
62	706	PC	166.59748699873
62	806	PC	12.9090182057
62	815	PC	25.1274900325172
62	941	PC	35.9408698245495
62	1120	PC	984.820988106483
62	1416	PC	81.1493591091635
62	1432	PC	14.0698456367596
62	1449	PC	14.7088685296541
62	1504	PC	90.4442489510768
62	1519	PC	22.4898515372814
62	1520	PC	50.1339500865377
62	1535	PC	596.892505720152
62	1621	PC	53.1814131936829
62	1634	PC	44.64406398453
62	1636	PC	48.3178330780925
62	1638	PC	146.690480715511
62	1640	PC	44.8900659939069
62	1653	PC	50.6781253360345
62	1663	PC	25.2208073393907
62	1664	PC	26.413663310366
62	1665	PC	20.6117406689856
62	1677	PC	372.901505064606
62	1702	PC	1085.76769887777
62	1703	PC	94.1631542807275
62	1711	PC	860.078843777452
62	1714	PC	108.355326659837
62	1719	PC	415.635200410502
62	1721	PC	119.336381397427
62	1725	PC	150.375279818794
62	1729	PC	61.2259578917212
62	1738	PC	287.440193343725
62	1743	PC	14.5029537082464
62	1804	PC	81.5623382189048
62	1805	PC	171.589444634024
62	1812	PC	47.9998613177356
62	1828	PC	151.625909493803
62	1833	PC	23.1200876583084
62	1838	PC	2.25334920281714
62	1840	PC	225.333328928871
62	1848	PC	187.119425573918
62	1865	PC	14.0930290522151
62	1866	PC	2.87462849719056
62	1870	PC	83.0249837878753
62	1871	PC	19.781686871828
62	1931	PC	9.97918831701418
62	1933	PC	47.161150488869
62	1940	PC	7.48073291246446
62	1971	PC	5.16845111613726
62	1973	PC	23.0074135535522
62	2011	PC	7.2744267925536
62	2012	PC	129.000376855121
62	2020	PC	13.9567042748495
62	2021	PC	4.63292441000539
62	2025	PC	23.4132572600522
101	54	PC	61.2601129594186
101	58	PC	44079.2861178699
101	101	PC	64907.4827689939
101	105	PC	8699.86341243421
104	58	PC	1202.59406980945
104	101	PC	306.796806711247
104	105	PC	956.667271074597
104	136	PC	1186.14712340408
105	51	PC	297.680095176287
105	58	PC	24406.4602478425
105	101	PC	1599.69511679923
105	105	PC	54575.0365510578
106	58	PC	9234.69806369104
106	101	PC	925.214337464819
106	105	PC	10826.3598313311
106	106	PC	15891.8904281617
106	5850	PC	18.6380815146486
111	58	PC	557.323289302271
111	105	PC	171.26284503568
111	106	PC	294.647561626581
118	58	PC	24937.1475952816
118	101	PC	49464.1585363059
118	105	PC	6929.26031423808
119	60	PC	44137.8804256824
119	101	PC	7551.77142371719
119	105	PC	25266.0762143384
119	125	PC	36013.5340961296
119	4002	PC	23.3324259277156
119	5101	PC	19985.6677734523
121	60	PC	13005.4796077041
121	101	PC	2601.29302247814
121	105	PC	7719.86544543397
121	221	PC	15854.7372711307
122	60	PC	8006.33608723662
122	101	PC	2234.59260323263
122	105	PC	16760.3829042467
122	122	PC	23984.7036424212
123	58	PC	6002.65792018598
123	101	PC	3909.49726718442
123	105	PC	12248.6319672866
123	138	PC	13049.4741330564
124	58	PC	2350.46861904017
124	101	PC	1324.50858278627
124	105	PC	5532.76946621455
124	124	PC	5161.40240309593
125	58	PC	12010.3417889515
125	101	PC	4053.15232003577
125	105	PC	15933.4384573523
125	125	PC	17630.8620333139
127	58	PC	3333.87922444044
127	101	PC	689.734776288739
127	105	PC	3982.4918168598
127	124	PC	3994.97547073484
128	58	PC	23561.3795332031
128	101	PC	4971.95683608732
128	105	PC	14237.5757934517
128	128	PC	45829.8527303935
135	58	PC	5099.60776438187
135	105	PC	13276.5514217989
136	58	PC	2861.86943195161
136	101	PC	676.669611326507
136	105	PC	3092.05541699781
136	136	PC	3807.92937506214
137	58	PC	22123.6714952288
137	101	PC	4504.94517010049
137	105	PC	20317.5564306632
137	137	PC	29072.5020071025
137	5810	PC	89.5095332972101
138	58	PC	7349.61213950765
138	101	PC	4406.27484533741
138	105	PC	9946.59735434408
138	138	PC	10858.9361936337
211	58	PC	6357.20504958769
211	101	PC	9311.71569967648
211	105	PC	7844.44340324269
211	213	PC	21286.3837183969
213	60	PC	14121.2186723807
213	101	PC	1235.37352724793
213	105	PC	1411.21650551931
213	213	PC	10081.9314775766
214	60	PC	6248.12700047949
214	101	PC	7249.29935487872
214	105	PC	6799.74745323534
214	213	PC	13917.3548866565
215	58	PC	1913.97889294557
215	101	PC	5686.11939604668
215	105	PC	2260.8765684573
215	213	PC	6637.40127726889
216	60	PC	8353.54639133254
216	101	PC	985.086333678339
216	105	PC	241.510471469329
216	213	PC	5286.57120624687
217	60	PC	833.424468967394
217	101	PC	435.797650213583
217	105	PC	1224.63372746965
217	213	PC	1360.34295884612
219	50	PC	19931.7776517229
219	54	PC	21481.4449320794
219	56	PC	1857.15969129211
219	60	PC	865.431428350303
219	62	PC	222.964203868876
219	101	PC	3177.07416275443
219	105	PC	953.352717414468
219	220	PC	14412.6376344141
219	6030	PC	4475.30446832217
220	60	PC	617.693424051552
220	101	PC	3527.15917403532
220	105	PC	282.166124886794
220	220	PC	3747.57774982522
221	60	PC	76603.6066780929
221	101	PC	27798.7972272168
221	105	PC	36316.8211315904
221	221	PC	86307.89872963
226	54	PC	38.2672036973671
226	60	PC	12099.4946952706
226	101	PC	14542.0925852619
226	105	PC	562.819689070891
226	227	PC	17444.3062256526
227	60	PC	6291.94483939078
227	101	PC	6602.1721527367
227	105	PC	2086.20507529039
227	227	PC	8961.53222539542
228	60	PC	216.247760495971
228	101	PC	1042.96535189726
228	105	PC	624.402303194058
228	227	PC	1575.6147558654
229	60	PC	21380.3295811325
229	101	PC	2417.95451983208
229	105	PC	1609.58189972061
229	138	PC	13426.2484769314
230	60	PC	226.627652999778
230	101	PC	1072.61977079953
230	105	PC	62.691730269156
230	227	PC	1664.04211461294
231	50	PC	29146.3402548097
231	52	PC	35881.6968021422
231	55	PC	157.220771790991
231	56	PC	14385.2854231755
231	60	PC	7334.04279722086
231	101	PC	864.485672024558
231	227	PC	4522.30017513974
231	4003	PC	42.3486537849452
233	60	PC	2951.34943524902
233	101	PC	10468.638707958
233	105	PC	420.982743511131
233	227	PC	11845.6932495957
234	60	PC	517.264643106363
234	101	PC	4923.74117533321
234	105	PC	239.288731417825
234	235	PC	8776.55682304921
235	60	PC	8720.18526212735
235	101	PC	1648.32548957108
235	105	PC	12209.5675455587
235	235	PC	20743.0573500928
235	5800	PC	43.3690652467924
235	5810	PC	196.216196220866
236	60	PC	133697.945897969
236	101	PC	11370.6914275976
236	105	PC	1808.71816499017
236	236	PC	107974.207539707
236	5800	PC	91.3430540334983
236	5810	PC	31.1396775114199
237	60	PC	11362.4480669547
237	101	PC	1336.11774241263
237	105	PC	39206.9682568989
237	237	PC	69373.5083716617
238	60	PC	5665.06889404568
238	101	PC	25383.7409166684
238	105	PC	1401.07781642387
238	235	PC	41957.0721072261
239	60	PC	47244.4936325177
239	101	PC	4714.4864285594
239	105	PC	3634.71628614519
239	239	PC	56902.9707115322
301	50	PC	14937.4257314942
301	54	PC	10813.581227889
301	56	PC	6123.94379488091
301	60	PC	704.398775916193
301	101	PC	1444.80149933584
301	105	PC	6963.22804693192
301	308	PC	16530.6334325092
301	4004	PC	24.9813347385125
301	6000	PC	15.0482016390511
301	6030	PC	3292.53661849173
307	5101	PC	6600.08843818031
402	50	PC	83330.9127030085
402	54	PC	2600.06089585497
402	55	PC	62153.7173050983
402	56	PC	3331.17435256875
402	60	PC	93552.0660081403
402	101	PC	77710.0298108068
402	105	PC	18040.2292283407
402	402	PC	113895.830091082
403	60	PC	16980.7074180074
403	101	PC	22426.2487889725
403	105	PC	8236.85080739332
403	403	PC	40435.2952120192
412	55	PC	336824.814574643
412	60	PC	25326.0243745924
412	101	PC	24527.7603594187
412	105	PC	91920.7636753912
412	412	PC	142055.002833125
412	4001	PC	97.4516606139004
415	101	PC	1728.64131598393
415	105	PC	4545.68947952856
415	415	PC	63108.8524936561
415	426	PC	42779.4000462348
417	60	PC	53107.8957817124
417	101	PC	56391.7863575387
417	105	PC	6719.65724726786
417	417	PC	84015.8828813203
417	3001	PC	109.152378393295
417	5605	PC	7876.71787615814
417	5850	PC	1.45036752418681
417	6010	PC	1187.99766868785
418	60	PC	28470.4367999543
418	101	PC	29992.2526307161
418	105	PC	17012.0310514348
418	402	PC	65003.2008708969
419	60	PC	38489.3402336801
419	101	PC	28680.2566473779
419	105	PC	21151.1198424124
419	236	PC	72662.832620303
420	59	PC	163135.729765618
420	60	PC	56468.164096544
420	101	PC	36006.773984963
420	105	PC	10575.621366513
420	420	PC	75659.4946317799
423	50	PC	7.93136750611607
423	57	PC	745.945113950217
423	59	PC	1981.2556030278
423	101	PC	19581.3330381185
423	105	PC	36897.5794647468
423	423	PC	107860.441002015
423	426	PC	42118.8338160678
423	4001	PC	188.766546645563
423	4004	PC	74.5548545574911
423	4005	PC	840.724955648304
423	5101	PC	514.999554907129
423	6020	PC	970.36609301412
425	101	PC	48865.5945252198
425	105	PC	34398.6389632716
425	426	PC	209143.887651446
426	101	PC	8043.5355424997
426	105	PC	382.528285277382
426	426	PC	124816.629767453
427	54	PC	12713.1631264417
427	55	PC	3469.97336946219
427	59	PC	2162.95006696477
427	101	PC	19893.1531932881
427	105	PC	4335.11483441779
427	426	PC	151125.406861307
427	427	PC	146784.923084913
427	5101	PC	85307.8976600653
428	60	PC	151785.591245802
428	101	PC	18756.3587992471
428	428	PC	146594.080573668
429	60	PC	42430.0632565905
429	101	PC	59169.2988323702
429	423	PC	98330.2724383516
430	60	PC	67636.0863622418
430	101	PC	8069.3585073771
430	430	PC	62173.2823858996
432	101	PC	6470.52781818984
432	430	PC	56314.4867716388
432	1719	PC	68880.4485951361
434	434	PC	12867.5162559818
434	1719	PC	10820.8265452168
436	436	PC	1338.09055273416
436	1719	PC	2736.16404252937
437	437	PC	13837.8811190576
437	1719	PC	41495.9431829356
438	438	PC	14309.9792561124
438	1719	PC	43575.5500054384
439	438	PC	862.470259066167
439	1719	PC	8080.23443809454
441	1640	PC	41.9180818574685
441	1719	PC	247.354115451874
501	60	PC	82824.6336607185
501	521	PC	46229.3269475045
502	101	PC	16131.0863830204
502	105	PC	4506.22705560846
502	502	PC	173948.796705644
511	512	PC	3233.44462559748
511	1719	PC	4872.73153353344
512	512	PC	366.70060558897
512	1719	PC	2574.35725051173
513	513	PC	6071.17289242516
513	1438	PC	7269.6390483589
514	513	PC	706.610851244834
514	1719	PC	1632.15733461838
515	515	PC	4136.12826970801
515	1719	PC	10859.7813927927
516	519	PC	10789.4874337433
516	1719	PC	14964.0753554257
517	517	PC	9759.21401901831
517	1719	PC	21977.7404003341
519	519	PC	6330.87959496426
519	1719	PC	11649.9108392466
520	60	PC	29629.5258992834
520	519	PC	13411.8130127428
521	60	PC	38935.7176356586
521	521	PC	17060.5028639823
522	60	PC	46592.5838247417
522	101	PC	6575.05470499246
522	522	PC	27140.3255975831
528	60	PC	51352.4889084294
528	101	PC	6881.64691459086
528	105	PC	3596.84008042907
528	605	PC	64041.0753072039
529	60	PC	27929.2298118106
529	101	PC	4667.22459422829
529	105	PC	1098.22245324464
529	529	PC	39509.8952905204
532	60	PC	24953.5229956822
532	101	PC	2726.13834897575
532	532	PC	18486.9591806181
533	60	PC	13602.1926137083
533	101	PC	17725.7399671263
533	532	PC	29652.4157342188
534	60	PC	21279.2246217319
534	101	PC	29811.9260710155
534	534	PC	30184.6383613388
536	60	PC	85525.3302860375
536	101	PC	9667.61212140033
536	105	PC	2543.75361986189
536	536	PC	80668.7152329338
538	60	PC	94290.3378956859
538	101	PC	2046.3453688317
538	105	PC	12373.114372335
538	538	PC	65445.5222582796
540	58	PC	55959.5759129275
540	101	PC	10960.4527967291
540	540	PC	33692.4980692154
541	60	PC	13517.0333691539
541	101	PC	2478.53682769886
541	541	PC	12012.1391032861
542	101	PC	5369.41469643341
542	542	PC	15329.6678284814
542	1719	PC	32126.2929129198
543	101	PC	2802.38699830089
543	542	PC	5446.68082631521
543	1719	PC	14431.8943857142
544	101	PC	871.965263586693
544	544	PC	1304.76180539821
544	1719	PC	4556.84969626485
545	545	PC	641.479384536053
545	1719	PC	1595.16249512694
602	101	PC	2089.79298496686
602	105	PC	70.2908677425395
602	624	PC	17335.0446610492
602	5820	PC	39.5245924920148
604	101	PC	7567.14888724211
604	105	PC	169.689085779416
604	624	PC	46238.7649725297
604	631	PC	38157.5183331159
605	57	PC	24888.3060345837
605	60	PC	101016.68205914
605	101	PC	71782.2848130428
605	105	PC	7564.07885359646
605	605	PC	157527.393517744
605	5101	PC	173769.370045939
605	5605	PC	.713362243032888
605	5870	PC	4564.64149046611
605	6020	PC	7252.00919570533
612	60	PC	3563.43099307333
612	101	PC	8392.94578228297
612	105	PC	171.040577274153
612	605	PC	9655.88187594981
615	58	PC	9466.08038248235
615	101	PC	4628.45983063592
615	616	PC	9645.49253336985
616	58	PC	34953.4524755524
616	101	PC	704.020611443079
616	616	PC	20382.4116211214
617	617	PC	16742.2565808968
617	1719	PC	26355.643832535
618	617	PC	2178.94917726119
618	1719	PC	4235.00105964393
619	617	PC	22608.7311499634
619	1719	PC	45352.7732852422
620	617	PC	9518.91679309186
620	1719	PC	22685.1156039257
621	60	PC	51983.7526557715
621	101	PC	8779.26424201176
621	621	PC	47676.7700516439
622	60	PC	35375.5985041655
622	101	PC	3795.36045162215
622	622	PC	28712.8841352063
623	60	PC	68605.5209650543
623	101	PC	8660.07506943161
623	105	PC	1290.9670256175
623	623	PC	62581.2883548445
624	101	PC	8172.90857899711
624	624	PC	94696.9512624424
625	101	PC	3820.11013354019
625	624	PC	12468.9486830703
626	60	PC	30207.6767103966
626	101	PC	1889.54802100777
626	105	PC	4646.01042613162
626	220	PC	19204.336176987
627	57	PC	188.003721191907
627	60	PC	9470.68745504231
627	101	PC	1859.61919452518
627	105	PC	101.835197097563
627	220	PC	6303.61646307553
628	52	PC	24025.8197503262
628	60	PC	18029.8378461263
628	101	PC	1985.00562759015
628	105	PC	814.874084423801
628	220	PC	10510.4955866703
631	60	PC	29428.3569119808
631	101	PC	4862.01765495957
631	631	PC	24963.0965324537
632	58	PC	21535.4874611306
632	101	PC	3532.19012338685
632	631	PC	21173.7817788186
633	58	PC	33261.3313316249
633	101	PC	5041.60569446709
633	633	PC	20230.3283732789
701	58	PC	2122.80941853447
701	101	PC	2714.92733690789
701	105	PC	423.135556341061
701	714	PC	2013.33241571167
702	58	PC	49202.384316753
702	714	PC	24978.3836087154
704	58	PC	3466.74631659945
704	101	PC	3705.46905514763
704	105	PC	580.011860591109
704	714	PC	4161.88169120945
706	58	PC	90529.3990722483
706	709	PC	58054.2338380995
709	58	PC	96037.5249275505
709	59	PC	34514.8645953757
709	709	PC	66391.7123588627
709	4001	PC	362.849833791419
709	4002	PC	260.859610239237
709	4003	PC	48.5434237099331
709	4004	PC	115.883122593746
709	4005	PC	67.8300364970446
709	5101	PC	39.2270090585318
709	5700	PC	5.11816736962572
711	58	PC	4133.08322767665
711	105	PC	691.837984440969
711	714	PC	4211.2922516955
713	60	PC	7977.92477237703
713	101	PC	1240.73297316533
713	105	PC	906.756297031467
713	714	PC	8256.36170987262
716	58	PC	32494.4258027849
716	101	PC	4143.84845019638
716	105	PC	900.655398956293
716	701	PC	12716.9922573736
720	50	PC	351.474001164445
720	54	PC	22504.1101376149
720	57	PC	534.026694570587
720	4001	PC	30.0086619297768
723	58	PC	3392.08315559584
723	722	PC	1075.56735309784
805	101	PC	8654.049305443
805	806	PC	10354.5005327902
805	815	PC	3065.46889691453
806	101	PC	8998.63880003004
806	714	PC	57628.4765994065
806	5101	PC	68864.1249020306
807	60	PC	46004.7999376532
807	101	PC	3867.4130800464
807	714	PC	41053.1409770045
807	5850	PC	12.8030588613447
811	101	PC	7522.37752092067
811	105	PC	151.372334686041
811	811	PC	10208.7581928965
811	5101	PC	1064.14256899669
814	101	PC	3399.26285061543
814	714	PC	21094.1473921612
814	815	PC	13009.1874306627
814	5840	PC	2553.11130352616
815	101	PC	4263.23227903807
815	815	PC	3320.22763286328
815	911	PC	8535.81068506932
817	101	PC	3056.2092809016
817	815	PC	26298.6721191553
817	830	PC	19364.4834897977
819	101	PC	2650.16704137548
819	821	PC	13152.7419412104
819	5101	PC	22410.3072361624
821	821	PC	10080.787349339
821	5101	PC	8211.33325114384
822	821	PC	10232.5974700548
822	5101	PC	11436.7895799983
826	101	PC	3788.7540722893
826	834	PC	8977.54371081908
826	5101	PC	17937.0388962893
827	714	PC	21384.293623989
827	5101	PC	21074.7493899777
828	101	PC	5751.07534845432
828	828	PC	10449.0127761026
828	5101	PC	12526.7871412009
829	101	PC	2985.37546942298
829	828	PC	7603.47125934695
829	5101	PC	9175.12923214178
830	101	PC	1020.54325536257
830	830	PC	10245.4456424914
830	5101	PC	8965.63918152303
831	831	PC	10836.8864746101
831	5101	PC	10975.8794609899
833	834	PC	6755.34814848455
833	5101	PC	9387.38565797879
834	101	PC	4388.77060804003
834	834	PC	7289.04323162219
834	5101	PC	9418.20444966646
901	815	PC	3202.98907597856
901	901	PC	4105.08151061135
904	904	PC	8925.0022363622
904	1071	PC	13279.6868185506
906	101	PC	1497.43514473851
906	906	PC	14009.976641783
906	929	PC	15663.2016370306
911	815	PC	5518.08226022227
911	911	PC	8288.03579550468
912	815	PC	14757.7338201065
912	929	PC	23648.9573015584
914	901	PC	10955.8322637782
914	5101	PC	13212.8999925349
919	101	PC	1618.68108887737
919	906	PC	20458.9586835134
919	929	PC	32366.2801832896
926	1071	PC	9612.95814571901
926	1074	PC	7372.07839348706
928	1014	PC	30141.2370647579
928	1075	PC	52882.6000923366
929	101	PC	1219.38096182166
929	929	PC	41383.002072305
929	5101	PC	37682.1550323881
935	929	PC	9305.77828789225
935	1014	PC	5942.04132417429
937	929	PC	17047.6011671911
937	1014	PC	11248.1416343233
938	929	PC	7297.48414639006
938	1014	PC	4473.44431797181
940	834	PC	5328.45041299351
940	5101	PC	3278.95427912994
941	834	PC	65.4445177507127
941	5101	PC	318.336065027334
1002	50	PC	5734.42969585982
1002	52	PC	14293.19019421
1002	57	PC	5858.97988000598
1002	59	PC	4875.19087392058
1002	1002	PC	24975.4756916205
1002	1071	PC	16497.5112906928
1002	4001	PC	2497.41624042546
1002	4003	PC	50.337804570793
1002	5101	PC	282415.810616052
1002	5605	PC	42.3736744961663
1002	5810	PC	64669.0918164182
1002	6020	PC	2713.21748518328
1003	1032	PC	17320.175717779
1003	5101	PC	13826.5100550493
1004	1034	PC	11532.6429401929
1004	5101	PC	4142.70404584938
1014	1014	PC	32902.095132695
1017	1017	PC	12065.3072687636
1017	1071	PC	7907.04708859997
1018	1017	PC	5405.48120301527
1018	1071	PC	4302.67983557648
1021	1021	PC	48108.4552674175
1021	1071	PC	30538.5821207006
1026	929	PC	6348.21696226297
1026	5101	PC	4880.90874664585
1027	1014	PC	12516.941019355
1027	1021	PC	23544.287058014
1029	1029	PC	30767.1674145343
1029	1071	PC	18492.8008452207
1032	1032	PC	24391.1852687526
1032	1071	PC	11375.4131820619
1034	1014	PC	5244.96496614832
1034	1034	PC	11589.9324158572
1034	5101	PC	6747.89733097848
1037	1034	PC	14394.6377968798
1037	5101	PC	6582.60126313992
1046	1046	PC	600.598689077464
1046	5101	PC	363.05816913956
1071	1071	PC	10685.5254218733
1071	1075	PC	13313.3293863727
1101	1114	PC	2015.93798721716
1101	2303	PC	38.0701150788587
1101	5101	PC	5516.52193485339
1102	1102	PC	933.541264201225
1102	5101	PC	1870.41929841492
1106	1106	PC	1.16864199468239
1106	5101	PC	115.644454466507
1111	5101	PC	52.3979524830241
1112	1046	PC	6438.44631519471
1112	5101	PC	20792.16251967
1114	1114	PC	3748.65453248377
1114	5101	PC	11892.6977776314
1119	1121	PC	3192.857426768
1119	5101	PC	5275.12998206467
1120	1121	PC	59.6000052996693
1120	5101	PC	164.571314435429
1121	1121	PC	21.6727291998798
1124	5101	PC	155.165532420354
1129	1130	PC	1059.08859808511
1129	5101	PC	2433.73764437577
1130	1130	PC	654.184380067197
1130	5101	PC	3916.24311173981
1133	1133	PC	6555.70943695187
1133	5101	PC	14042.4806840421
1134	1134	PC	6291.65601271029
1134	5101	PC	13485.7954544299
1135	1134	PC	3120.61777541836
1135	1238	PC	2612.11070098629
1141	1133	PC	46.3542686512188
1141	5101	PC	436.82470540078
1142	1102	PC	69.2498512674233
1142	5101	PC	514.407471610957
1145	1106	PC	240.155929907231
1145	5101	PC	2236.89416210929
1146	1106	PC	6855.25394080691
1146	5101	PC	11508.2752830527
1149	50	PC	1378.79578933146
1149	52	PC	82443.8567448086
1149	54	PC	21104.1382225927
1149	55	PC	904.620484746075
1149	56	PC	26263.9955332521
1149	62	PC	273.680861813165
1149	1106	PC	622.301862168373
1149	3001	PC	115.049711557822
1149	5101	PC	817.771499441728
1159	1154	PC	6872.97687268739
1159	5101	PC	22527.5397300756
1173	4001	PC	220.469982586834
1173	4005	PC	150.426237354037
1211	1154	PC	4410.09999730356
1211	1238	PC	7023.50526005446
1216	1106	PC	155.094472934049
1216	1238	PC	1198.03239148515
1219	1219	PC	85.7175673875193
1219	1238	PC	282.554809312536
1221	1219	PC	7770.77369238633
1221	1238	PC	10339.8914219284
1222	1219	PC	2688.67436372185
1222	1238	PC	3511.75263002723
1223	1224	PC	139.553628637374
1223	1238	PC	498.91106330042
1224	1224	PC	11130.5273163196
1224	1238	PC	11085.8361185135
1227	1234	PC	2501.95809898004
1227	1238	PC	2449.14511255198
1228	1234	PC	6564.06823318518
1228	1238	PC	4867.52943122621
1231	1234	PC	20486.5678237178
1231	1238	PC	18747.971468632
1232	1234	PC	673.208460620942
1232	1238	PC	771.949446360582
1233	1233	PC	1450.88730075265
1233	1238	PC	1454.09360031507
1234	1234	PC	5863.13242196741
1234	1238	PC	5281.7129924303
1234	5101	PC	47317.5655150113
1235	1234	PC	12626.2039095057
1235	1238	PC	13352.6278430633
1238	1234	PC	1377.06242152265
1238	1238	PC	1263.92678687663
1241	1224	PC	7151.91472464401
1241	1238	PC	5575.14083717079
1242	1238	PC	3248.65981012559
1243	1224	PC	4217.68440151093
1243	1238	PC	1464.16975785099
1245	1238	PC	630.679784650019
1245	1245	PC	330.291243045985
1246	1238	PC	371.390809413987
1246	1245	PC	394.649463198327
1251	1235	PC	2120.27528266659
1251	1238	PC	756.473445903144
1252	1234	PC	49.3570760402383
1252	1238	PC	103.544442255973
1253	1238	PC	2672.47349723475
1253	1253	PC	4675.96816063225
1256	1234	PC	380.049485509835
1256	1238	PC	267.846367158013
1259	1238	PC	66.7476569914539
1259	1245	PC	38.2506402792225
1260	1234	PC	25951.9505819573
1260	1238	PC	7974.63353209434
1263	1234	PC	18476.8214156632
1263	1238	PC	8081.6009311191
1264	1234	PC	425.704780847056
1264	1238	PC	467.233598940177
1266	1238	PC	213.934798049532
1266	1432	PC	114.666540528964
1271	50	PC	6136.39827686144
1271	54	PC	28055.5999869087
1271	56	PC	23722.4078699233
1271	62	PC	11971.4032354181
1271	1234	PC	9857.84201213661
1271	1238	PC	4218.79421753676
1273	5930	PC	2.29334863743198
1401	1401	PC	24.4455160779907
1401	1438	PC	180.47232447379
1411	1429	PC	174.683922480711
1411	1438	PC	551.474655757535
1412	1429	PC	5.02687546707082
1412	1438	PC	71.6376391057583
1413	1429	PC	11.5569260147335
1413	1438	PC	36.569911363863
1416	52	PC	16812.6999787252
1416	57	PC	3036.49658497517
1416	1430	PC	696.081182876931
1416	1438	PC	1966.65594148827
1416	5101	PC	85544.2477836877
1416	5501	PC	5925.09094428404
1416	5810	PC	58968.3908095276
1417	1238	PC	2190.34707174189
1417	1420	PC	988.838148881924
1418	1238	PC	269.047062741203
1418	1420	PC	393.040919677368
1419	1238	PC	331.288145894789
1419	1420	PC	263.844468045733
1420	1420	PC	3237.88079645597
1420	1438	PC	12336.9928578843
1421	1238	PC	73.9482468515154
1421	1420	PC	17.9367949767932
1422	1420	PC	205.405232798761
1422	1719	PC	372.937616748814
1426	1426	PC	979.315273662371
1426	1719	PC	4434.14016764338
1428	1429	PC	4145.726182063
1428	1438	PC	5668.33626139876
1429	1429	PC	2172.70209076989
1429	1438	PC	2525.76187819747
1430	1430	PC	4738.02149983975
1430	1438	PC	5824.36788321791
1431	1431	PC	196.411457453414
1431	1438	PC	1255.56695682596
1432	57	PC	4692.3202862132
1432	1432	PC	1653.41361990479
1432	1438	PC	5191.70841662308
1432	5101	PC	156925.335320481
1433	1433	PC	1395.93042100638
1433	1438	PC	2067.41898910372
1438	1438	PC	3737.13244236437
1438	2301	PC	113.490987810213
1439	1438	PC	162.848673381422
1439	2303	PC	25.0544887441889
1441	1438	PC	1922.23789445346
1443	1438	PC	1882.03467270075
1443	1449	PC	1350.14359764613
1444	1438	PC	2309.83453589786
1444	1449	PC	1547.30504472049
1445	1431	PC	10030.9281811089
1445	1438	PC	8373.77302936902
1449	1438	PC	4460.93467996053
1449	1449	PC	3618.62473394662
1502	1438	PC	3604.77079785239
1502	1535	PC	2049.06996394803
1503	1719	PC	107.657665040326
1504	1438	PC	72.8060260447914
1504	1528	PC	22.2684679624185
1511	1438	PC	172.868744969213
1514	1438	PC	725.333489485437
1514	1528	PC	285.99928908244
1515	1438	PC	10.0941042274315
1517	1438	PC	44.7024615786253
1519	1438	PC	13185.9617985837
1519	1528	PC	16537.8339099716
1520	1438	PC	6043.27552789366
1520	1528	PC	3802.82232219656
1523	1438	PC	1207.1418886192
1523	1523	PC	1420.846480829
1524	1438	PC	3972.87203849355
1524	1523	PC	5981.10526651188
1525	1438	PC	2279.45780308137
1525	1528	PC	4667.09974379022
1526	1438	PC	16.1791168988425
1528	1438	PC	3021.8995007727
1528	1528	PC	7740.14832260398
1529	1438	PC	3478.51013325114
1529	1529	PC	3027.30074627378
1531	1438	PC	121.343376741319
1531	1528	PC	113.198045475628
1532	1438	PC	34.155913453112
1532	1528	PC	38.9698189342325
1534	1529	PC	4319.27545829539
1534	1719	PC	4171.55033465756
1535	1438	PC	8303.1082532017
1535	1535	PC	7228.70683397354
1539	1535	PC	7821.73546024943
1539	1719	PC	5801.3599734424
1543	1535	PC	3377.92226730046
1543	1719	PC	5207.86441471648
1545	1529	PC	72.4647020888652
1545	1719	PC	57.9308413895817
1548	1548	PC	1938.5555375283
1548	1719	PC	4837.81638706466
1551	1548	PC	1998.02966858257
1551	1719	PC	1737.92524168745
1554	1548	PC	64.7453571000826
1554	1719	PC	180.625638012103
1557	1535	PC	9348.78417290986
1557	1719	PC	13062.8136023161
1560	1566	PC	6582.80652738679
1560	1719	PC	5975.59000948295
1563	1566	PC	1988.07802128391
1563	1719	PC	3683.01600307467
1566	1566	PC	15814.0107674047
1566	1612	PC	12787.452213572
1567	1566	PC	4190.70219271051
1567	1719	PC	8421.12173331196
1569	1612	PC	13324.2479296951
1571	1612	PC	1939.00804927957
1573	1719	PC	90.9109171451645
1612	1612	PC	3937.29060925717
1613	1612	PC	347.77026319525
1613	1638	PC	504.314318834413
1617	1719	PC	196.514965581893
1620	1719	PC	172.694969753785
1621	1719	PC	192.264517569831
1622	1612	PC	2032.88088130651
1622	1638	PC	3949.88646292569
1627	1627	PC	3401.08571210735
1627	1719	PC	4262.3564587404
1630	1630	PC	4578.29325533237
1630	1702	PC	5887.79627613504
1632	1630	PC	29.3951412862431
1632	1702	PC	22.8417473058639
1633	1630	PC	2688.43063013765
1633	1702	PC	3729.92297182813
1634	1635	PC	1174.23184224457
1634	1719	PC	2730.26150604968
1635	1635	PC	21816.680367863
1635	1719	PC	31379.0674051751
1636	1612	PC	5568.03046614917
1636	1638	PC	6508.59078947769
1638	1612	PC	10418.9005849277
1638	1638	PC	15133.7473246114
1640	1640	PC	43.1104804857686
1640	1719	PC	405.132153076332
1644	1640	PC	2806.04187161846
1644	1719	PC	7686.5242737906
1648	1648	PC	21623.3798307504
1648	1719	PC	32840.2609521209
1653	1612	PC	16572.2846723844
1653	1653	PC	24752.4428758643
1657	1612	PC	5682.12510518656
1657	1653	PC	8496.06481147519
1662	1653	PC	3295.09540661267
1662	1719	PC	2238.69165738056
1663	1714	PC	1564.54475617286
1663	1719	PC	2134.70871154595
1664	1664	PC	15084.8636543402
1664	1719	PC	17225.6924740851
1664	5850	PC	112.109597288984
1665	1665	PC	4588.97486222569
1665	1719	PC	6027.34087208418
1671	1653	PC	9559.98644102028
1671	1719	PC	11304.7812053846
1677	52	PC	.999869417301615
1702	62	PC	4783.1191557497
1702	1702	PC	60007.7434965616
1702	1703	PC	33512.1580614469
1703	1702	PC	8756.02917207775
1703	1703	PC	6502.37762057221
1711	1664	PC	7088.64758452919
1711	1719	PC	14227.8045672763
1714	1664	PC	17298.2422014799
1714	1719	PC	20710.250924364
1717	1719	PC	1452.77714519867
1719	1719	PC	24707.9663645186
1721	1719	PC	16577.457363109
1721	1721	PC	10114.535267168
1724	1702	PC	9165.28310843201
1724	1703	PC	2077.78754577913
1725	1702	PC	24216.0765622409
1725	1703	PC	11383.6403513529
1729	1702	PC	45097.8725854701
1729	1729	PC	22973.6855215938
1736	1702	PC	22926.5023505817
1736	1736	PC	13301.4761650326
1738	1702	PC	27198.5153750204
1738	1738	PC	13565.7600907545
1739	1702	PC	108.891423243217
1740	1743	PC	646.598755212472
1740	1826	PC	1381.99642917487
1742	1702	PC	8082.3057557818
1742	1743	PC	3266.64954723272
1743	1702	PC	14656.1621695192
1743	1703	PC	15704.3742084914
1744	1702	PC	14387.2334555474
1744	1703	PC	11514.2226597123
1748	1702	PC	2762.63133443735
1748	1703	PC	1431.49358064836
1749	1702	PC	744.30775382088
1749	1703	PC	610.608843722888
1751	1702	PC	604.807246198351
1751	1751	PC	289.935240815409
1804	1702	PC	1491.32961547658
1804	1804	PC	214.874541592973
1805	51	PC	2.53472451929204
1811	1702	PC	2042.03414278912
1811	1751	PC	1329.70939564029
1812	1702	PC	2718.19841022902
1812	1813	PC	653.31192672577
1813	1702	PC	10193.018349351
1813	1813	PC	1552.96225736391
1815	1702	PC	5859.78939913536
1815	1813	PC	38.4025648684682
1820	1702	PC	78.8409119180091
1822	1702	PC	4372.92034708027
1822	1832	PC	906.666496628331
1824	1826	PC	21108.4731940318
1824	1832	PC	10741.937694931
1825	1826	PC	10170.1940413423
1826	1826	PC	25824.7316408298
1827	1702	PC	154.014804677041
1828	1702	PC	5982.11311781559
1828	1833	PC	523.734918301556
1832	1826	PC	9476.54237434286
1832	1832	PC	4486.24233515834
1833	1702	PC	22425.1484815167
1833	1833	PC	3140.7272777377
1837	1702	PC	3321.92764712606
1838	1702	PC	612.315991755895
1839	1702	PC	2067.36021512842
1840	1702	PC	3839.90161941141
1840	1840	PC	2378.96016239248
1841	1702	PC	7118.28679601261
1841	1840	PC	2993.94867626512
1845	1702	PC	900.784858983117
1845	1840	PC	526.460305137527
1848	1702	PC	121.556063548578
1849	1931	PC	8233.28254240979
1851	1931	PC	69.756541450967
1854	1931	PC	15.3592384846166
1860	1702	PC	578.375434509841
1865	1702	PC	2757.97675041188
1866	1702	PC	1890.94684749666
1867	1702	PC	266.330541900939
1870	1931	PC	7037.92260510595
1922	1931	PC	2935.26291809031
1924	1931	PC	10433.1055913508
1925	1931	PC	313.448501723194
1931	1931	PC	385.483250566412
1933	1931	PC	138.690205844806
1972	2301	PC	309.528648245954
1973	2301	PC	809.155941190907
2012	1702	PC	9227.05377468514
2030	1702	PC	5172.10587554015
3001	233	PC	3.26558161812953
3001	235	PC	103.673595008055
3001	303	PC	32.3136060997542
3001	306	PC	39.7657597300499
3001	417	PC	5457.40553040173
3001	436	PC	1.88316416635607
3001	438	PC	2.44826712772829
3001	815	PC	139.05956833531
3001	1130	PC	51.8851573953207
3001	1271	PC	160.061821473351
3001	1671	PC	12.8269737452711
3001	1717	PC	1.50159800172087
3001	1744	PC	95.4135132357857
3001	1805	PC	11.3056523322909
3001	1866	PC	15.0917996102505
3001	1870	PC	15.2248887835818
3001	1871	PC	14.2428145477161
3001	1901	PC	16.451327173408
3001	1933	PC	2.59462640230024
3001	1938	PC	3.44359227560222
3001	1940	PC	4.77520117578981
3001	1941	PC	33.834910770253
3001	1971	PC	1.85702695110814
3001	1972	PC	44.248186423528
3001	2002	PC	29.6112058251581
3001	2003	PC	243.329776805936
3001	2004	PC	57.2364478903192
3001	2011	PC	1.22937812794156
3001	2012	PC	349.686337973889
3001	2017	PC	86.9701885870277
3001	2020	PC	378.709414114947
3001	2021	PC	76.8631115397457
3001	2023	PC	5.9847982403785
3001	2025	PC	105.986798489701
3001	2027	PC	8.39610127629299
3001	2028	PC	65.1347025079101
3001	2030	PC	451.480473035952
4001	106	PC	5.75054675415939
4001	119	PC	111.876722881239
4001	214	PC	4.77653790192212
4001	219	PC	22.0340340197727
4001	220	PC	4.5886833946019
4001	227	PC	5.22962215472929
4001	233	PC	5.28207826732452
4001	302	PC	192.232582581284
4001	305	PC	.447600376108382
4001	306	PC	17.943278235222
4001	412	PC	8.38835477032006
4001	417	PC	605.809140165068
4001	604	PC	8.16143112675483
4001	626	PC	118.449947692549
4001	628	PC	7.98412698824026
4001	709	PC	23.2244138148034
4001	720	PC	28.6352780314252
4001	806	PC	2.03707476068907
4001	906	PC	.607699851643071
4001	914	PC	.688686431706924
4001	1071	PC	8.23593535182856
4001	1102	PC	11.8230958333425
4001	1119	PC	50.0020615041696
4001	1235	PC	11.1444327131937
4001	1238	PC	20.3387391114628
4001	1260	PC	1.36098520951667
4001	1401	PC	1.50354858626249
4001	1523	PC	.717093796255473
4001	1528	PC	1.30738614051203
4001	1674	PC	1018.61136340155
4002	626	PC	8.68614758860354
4002	704	PC	34.7814481754864
4002	1569	PC	39.4740776568814
4003	106	PC	1.20959776553008
4003	219	PC	1.52673802874387
4003	704	PC	3.56581497291099
4003	901	PC	3.22776931709074
4003	1674	PC	44706.321916764
4004	219	PC	3.80742076304028
4004	628	PC	4.71075571166974
4004	709	PC	56.2231970658369
4004	720	PC	33.8440959189513
4005	211	PC	1.13292938910151
4005	231	PC	46.0231345476265
4005	233	PC	27.5125251327413
4005	1119	PC	165.860197637789
4005	1529	PC	4.98228463763001
4005	1531	PC	1.97464458240428
5101	106	PC	62.8495101286489
5101	136	PC	6.81532204063184
5101	217	PC	6.93445744176008
5101	233	PC	8.49051220713679
5101	301	PC	.863790199507404
5101	304	PC	3.29025539630547
5101	305	PC	191.117507960102
5101	412	PC	5204.73406422418
5101	417	PC	20.0255152002936
5101	709	PC	5.62507877289212
5101	722	PC	24.4796330960588
5101	1073	PC	16.1933608125325
5101	1102	PC	12.0770146700318
5101	1130	PC	9.81815205442749
5101	1432	PC	2.29879441227473
5101	1445	PC	2.67169482907351
5101	1504	PC	4.72339907043925
5101	1973	PC	.903862675318121
5102	106	PC	27.9793843797203
5102	217	PC	31.8712158579043
5102	722	PC	7.44236620293138
5103	417	PC	21.6669508724489
5106	231	PC	38.2631599664669
5106	305	PC	145.446564320692
5106	704	PC	135.846591698489
5106	928	PC	2.58222593995899
5106	1231	PC	2.95465886008316
5106	1271	PC	3.47186375832074
5201	231	PC	.447260782775767
5302	104	PC	37.055878609962
5302	1724	PC	3080.46389160004
5402	106	PC	68.0547464147415
5402	305	PC	.588947863300503
5402	1247	PC	1.43659042012706
5403	106	PC	12.0364892406026
5403	231	PC	16.5113772308054
5403	302	PC	107.887395918475
5403	602	PC	26.7086074664072
5403	1677	PC	8.46580267187891
5404	106	PC	45.95480035436
5404	125	PC	26.9814371660492
5404	303	PC	48.4193670014786
5404	1102	PC	11.8945105061614
5501	106	PC	7.96153283377584
5501	1275	PC	33.6859806704761
5501	1677	PC	5.13078949810843
5605	104	PC	38.3793028460321
5605	233	PC	8.55582383949937
5605	306	PC	.486863566995082
5605	501	PC	1.31955142821298
5605	709	PC	2.48702384158524
5605	1172	PC	.966235670034306
5605	1724	PC	194065.734484971
5700	220	PC	88.6680190546269
5700	303	PC	18.2573837623156
5710	532	PC	11.3026507645265
5710	625	PC	9.24131634129413
5770	1449	PC	3.4172118806267
5790	217	PC	18.4918865113602
5800	106	PC	22.6254270568823
5800	128	PC	12.6812436470644
5800	219	PC	.584307146803211
5800	220	PC	20.0645851855216
5800	229	PC	54.4612803183876
5800	234	PC	76.04986933043
5800	304	PC	.588947863300503
5800	522	PC	20.4117638593611
5800	604	PC	18.3184202159088
5800	704	PC	20.1472760880787
5800	713	PC	357.826446834233
5800	720	PC	11.8895014048607
5800	723	PC	21.4272177095271
5800	1071	PC	17.9042072865838
5800	1149	PC	.819618308484645
5800	1515	PC	45.713993801855
5800	1525	PC	8.15396934053725
5800	1531	PC	19.7464458240428
5800	1743	PC	22.8117760287997
5810	105	PC	47.1331709675711
5810	106	PC	159.091850374554
5810	137	PC	41.1536970396972
5810	231	PC	1043.8470322276
5810	235	PC	10.153018009494
5810	304	PC	404.882024423652
5810	713	PC	468.745357645171
5810	906	PC	984.302576604974
5810	1032	PC	4.59514026098748
5810	1072	PC	42.7711618512836
5810	1102	PC	53.640354250601
5810	1106	PC	938.422903358859
5810	1121	PC	15.4075255894568
5810	1149	PC	16.8314474063811
5810	1246	PC	16.1986387675082
5810	1247	PC	14.6993115278385
5810	1275	PC	102.375469796637
5810	1424	PC	47.5520020135875
5810	1449	PC	17.4574954771147
5810	1554	PC	16.8974394032548
5810	1563	PC	12.6367985894233
5810	1621	PC	6.7899765040193
5810	1671	PC	24.5850330117696
5810	1673	PC	220.110869468852
5810	1674	PC	15436.899471511
5810	1743	PC	515.038405611247
5810	1751	PC	14.5970344664533
5810	1805	PC	438.612203608169
5810	1833	PC	2.39739545320528
5810	1901	PC	1.32008022005526
5820	106	PC	114.614345651866
5820	135	PC	24.242647871699
5820	211	PC	110.266620678989
5820	213	PC	55.3952096383503
5820	216	PC	7.25736762587762
5820	217	PC	117.018969329701
5820	230	PC	11.8311983985898
5820	231	PC	12071.6356162354
5820	233	PC	65.1565172357295
5820	302	PC	5674.23782056413
5820	303	PC	17.4171514773402
5820	304	PC	1646.02289890495
5820	306	PC	151.037642702958
5820	403	PC	22.7068561759385
5820	412	PC	22.5948950042291
5820	419	PC	12.9590080746495
5820	436	PC	1.07195498700269
5820	501	PC	15.2779031015734
5820	522	PC	15.2179133580043
5820	602	PC	37.4310411208042
5820	627	PC	19.786991065097
5820	701	PC	173.923466137655
5820	713	PC	16.1641356227766
5820	720	PC	17.5918790245382
5820	805	PC	15.9256311395823
5820	941	PC	24.1991842753096
5820	1071	PC	4.42631791251656
5820	1149	PC	32.9310927516152
5820	1247	PC	67.7443730667298
5820	1272	PC	9.87255617430181
5820	1277	PC	21.36531543582
5820	1401	PC	12.8264260166546
5820	1433	PC	.633832849676918
5820	1504	PC	56.4842395763014
5820	1528	PC	40.4069476494253
5820	1531	PC	49.3661145601071
5820	1532	PC	17.7667415288232
5820	1671	PC	24.3071152472887
5820	1672	PC	102.615789962169
5820	1673	PC	25.3974080156367
5820	1743	PC	781.794516366882
5820	1805	PC	1593.34850279583
5820	1818	PC	240.629063138775
5820	1820	PC	8.85230880365927
5820	1835	PC	9.64946688493139
5820	1851	PC	26.2359159538428
5820	1867	PC	97.5962600610641
5820	1868	PC	7.13588970488155
5820	1870	PC	23.9651027148973
5820	1901	PC	15.8409626406631
5820	1925	PC	289.418672238152
5820	2003	PC	94.8518840303278
5820	2004	PC	2.46708827113445
5820	2012	PC	135.201396011147
5820	2018	PC	91.8726591168489
5820	2019	PC	1.12310113739621
5820	2020	PC	24.2374025033566
5820	2021	PC	33.7696755823049
5820	2023	PC	10.5997788998529
5830	2003	PC	175.805176367545
5831	303	PC	32.4628062251237
5831	1743	PC	153.69511655306
5831	1805	PC	6094.87193823972
5831	2019	PC	5.55673876700101
5831	2025	PC	16.9077164927949
5835	1743	PC	33.4421050213682
5840	106	PC	113.146964755978
5840	125	PC	5.06096899444103
5840	217	PC	6.93445744176007
5840	228	PC	.862585801260511
5840	231	PC	18.3004203619085
5840	235	PC	1.06042632543604
5840	302	PC	1926.2207343488
5840	305	PC	306.779015674143
5840	306	PC	1583.95564675126
5840	308	PC	18.0610678078821
5840	516	PC	28.5791750619934
5840	602	PC	3.24402356380303
5840	624	PC	4.43034485288338
5840	625	PC	7.14570185497836
5840	722	PC	18.9980776608787
5840	906	PC	.513549170402595
5840	1017	PC	11.6574350673227
5840	1173	PC	13.3596870703723
5841	220	PC	1.43941589374394
5841	312	PC	13.9305801266012
5841	516	PC	95.8619118179388
5841	937	PC	6.31115010522416
5841	1272	PC	3.11577516772374
5842	106	PC	253.033971918796
5842	125	PC	.639444464628913
5842	217	PC	11.1802074263562
5870	704	PC	20.2315743143886
5920	1172	PC	8.97218836460427
6000	626	PC	32.1160074715802
6010	1805	PC	13.5667827987491
6020	106	PC	7580.0832039952
6020	231	PC	4287.68040277265
6020	302	PC	10454.9239429287
6020	303	PC	10250.0486128819
6020	304	PC	.683179521428583
6020	305	PC	59.0832496463064
6020	306	PC	224.930967951728
6020	709	PC	92.2118950087763
6020	814	PC	4599.37262599294
6030	105	PC	269.932672964705
6030	219	PC	1.07437120541236
6030	220	PC	25.8222487604974
6030	237	PC	469.179762843106
6030	303	PC	189.49986449557
6030	306	PC	15.0770653004929
6040	220	PC	224.845486335493
6040	237	PC	28.5744728639569
