50	101	PC	40.5013896440146
50	231	PC	2.87874932142274
50	301	PC	123.603182336547
50	423	PC	237.101977444652
50	605	PC	264.653008637072
50	627	PC	70.9048568488431
50	704	PC	1.69106715495455
50	805	PC	10063.8216771449
50	1833	PC	26.8129652405729
50	2012	PC	22.4383540104093
51	1933	PC	2.48263446836287
52	105	PC	4.43548350305733
52	106	PC	3.1354462095208
52	123	PC	5275.50292460396
52	211	PC	8.86240811103117
52	226	PC	5797.28376339938
52	229	PC	108.550582864306
52	230	PC	26093.190154431
52	301	PC	3139.18994463043
52	528	PC	11.4861808564944
52	602	PC	132.160829388959
52	605	PC	1137.05127939838
52	626	PC	4.81221262592417
52	706	PC	33.1222987877362
52	720	PC	15.0286821165467
52	805	PC	88.9065115171122
52	819	PC	26.579219932423
52	1102	PC	34.1449267370331
52	1416	PC	9.51924029566466
52	1548	PC	28.692494608529
54	238	PC	14.0266410640307
54	301	PC	132.640044878293
54	1102	PC	.922377842229836
55	219	PC	1226.06188878553
56	135	PC	36.6079628919117
56	301	PC	.937832993954426
56	605	PC	173.971220667519
56	628	PC	145.825232390921
56	709	PC	1.6273341512543
56	806	PC	6.77450233259874
56	928	PC	5436.26487834875
56	2012	PC	188.381949039525
57	301	PC	5.68471076335452
57	418	PC	1.7372896822688
57	702	PC	890.712120077816
57	805	PC	7160.87932173369
58	104	PC	1128.22504171555
58	106	PC	272.08049528513
58	119	PC	1.76139506190854
58	124	PC	69.3127499409472
58	125	PC	49.4813998414837
58	211	PC	57.72414310134
58	213	PC	628.177781673785
58	215	PC	2.64163979352885
58	219	PC	341.469640785719
58	220	PC	5.66537197723134
58	229	PC	1.8632195901342
58	230	PC	54.2555876557259
58	231	PC	2.5700232571938
58	233	PC	164.683187376587
58	238	PC	17.6613222603847
58	301	PC	1880.43370641145
58	402	PC	2060.37210756705
58	403	PC	10.2674752091939
58	412	PC	124.576280932904
58	501	PC	8.52812843009177
58	502	PC	62.2138302659218
58	528	PC	23.7339112382686
58	602	PC	232.403756274156
58	604	PC	2.16953849037882
58	612	PC	.705919515026193
58	620	PC	13.7184873430713
58	626	PC	16.2966428256653
58	702	PC	1.6511588978582
58	704	PC	31.3508127451168
58	706	PC	977.679173892308
58	709	PC	25.3357412770131
58	805	PC	18369.1462998567
58	806	PC	1.76943549020495
58	815	PC	.755486384652777
58	904	PC	1.91470911595511
58	906	PC	259.244064223676
58	926	PC	1.95903156458681
58	1002	PC	3.25127429188348
58	1004	PC	.742292551277824
58	1034	PC	127.460069025183
58	1102	PC	8.66454146283617
58	1106	PC	211.726603724473
58	1146	PC	4.85598054095761
58	1173	PC	452.182912241367
58	1221	PC	188.940062927055
58	1223	PC	1.84266887315333
58	1228	PC	22.3666144604606
58	1247	PC	130.33828367154
58	1273	PC	18.5504736533207
58	1275	PC	17.9142719322269
58	1416	PC	104.870873088407
58	1504	PC	93.4049058119079
58	1548	PC	85.2167089873311
58	1551	PC	102.024011838001
58	1638	PC	2.45459732995451
58	1677	PC	199.406167827314
58	1738	PC	8.92348310639072
58	1922	PC	1.45721313730377
58	1931	PC	5.81308141657493
58	1940	PC	3.01282773616453
58	2020	PC	116.151294443389
59	219	PC	7.22697716300648
59	230	PC	45.3309668159634
59	301	PC	27.1923474247093
59	402	PC	1912.26894322586
59	1173	PC	3.42775887852314
60	124	PC	149.343304733874
60	128	PC	24.5868499112166
60	219	PC	3190.51561284376
60	220	PC	21.4508659831273
60	229	PC	1.41545643158962
60	301	PC	174.834513939627
60	412	PC	12.9084003317897
60	1677	PC	1.91330879247317
60	1871	PC	77.3734401954446
61	1275	PC	17.5280066015628
62	301	PC	65.9384767082726
62	517	PC	3.97574820882688
62	1719	PC	46.6378416471234
62	1804	PC	18.0053273358265
62	1833	PC	60.4390609930946
101	306	PC	126724.741948503
104	58	PC	1.57078758445684
105	58	PC	5422.37319347527
105	60	PC	74.2373273597928
105	306	PC	12958.4502717941
105	1003	PC	2.70690715632566
105	1276	PC	2.55117189651014
105	4001	PC	303.764714066787
105	5605	PC	10.0364271686533
106	58	PC	3193.33986796426
106	213	PC	13765.0240230519
106	231	PC	12930.2946054143
106	306	PC	77750.7016310956
106	412	PC	8720.23823313896
106	501	PC	18577.6150241342
106	542	PC	17693.9574307351
106	620	PC	19462.2871890679
106	709	PC	21397.5294436574
106	1071	PC	8342.0058236665
106	1271	PC	11871.1096483436
106	1272	PC	7458.2141265556
106	1504	PC	5508.81466240468
106	4001	PC	17.4877691983016
124	60	PC	35.916954896088
125	231	PC	4.98616486515387
128	237	PC	8394.08642912145
128	438	PC	5909.45104605261
135	104	PC	14288.2396851736
211	58	PC	2.8039779517321
211	101	PC	28.3203497106575
211	106	PC	13.2529089134399
211	122	PC	84.4651145098727
211	214	PC	83.2902549160652
211	215	PC	20.6330586581262
211	219	PC	74.2382943335786
211	221	PC	6.18956682618451
211	227	PC	43.715714181195
211	229	PC	5.52207947804794
211	231	PC	116.523354761038
211	233	PC	86.7597073847145
211	235	PC	33.7920308105324
211	236	PC	21.015379321912
211	238	PC	86.9364608147782
211	239	PC	62.4722335051402
211	301	PC	25.4864767414967
211	305	PC	17.3967691828428
211	307	PC	16.1914087534215
211	309	PC	32.3828175068429
211	310	PC	12.1582487693053
211	412	PC	54.9468529380971
211	419	PC	12.5932071046376
211	427	PC	26.1598453901848
211	517	PC	18.1889006922831
211	528	PC	2.64851502629413
211	534	PC	30.6380094235188
211	536	PC	40.1230606394986
211	542	PC	8.1151724448032
211	605	PC	13.0087712399442
211	612	PC	6.35470070001505
211	617	PC	9.78762860406963
211	620	PC	113.408261196823
211	623	PC	20.8275094162713
211	624	PC	31.3144432829108
211	625	PC	24.4816650029544
211	704	PC	7.03920717808011
211	711	PC	82.7654449658504
211	723	PC	113.498477344645
211	807	PC	19.5814462152722
211	817	PC	10.16102507795
211	1519	PC	25.4388665128783
211	1634	PC	4.58619016366929
211	5700	PC	6.76881655424271
211	5850	PC	51.8219217516679
213	136	PC	15801.8610477573
213	306	PC	6658.16139285868
213	926	PC	1.18261991543002
217	58	PC	3.64448239918005
219	54	PC	234.521900444183
219	58	PC	47.8480499631089
219	62	PC	172.61848580441
219	5820	PC	79.4310857200083
219	6020	PC	22.4287734202073
220	219	PC	637.223985725609
220	4001	PC	15.7832109253311
220	4002	PC	10.3471408045223
226	58	PC	6.36350376547114
226	226	PC	54354.7660849648
226	306	PC	7581.40580148899
226	412	PC	10251.1418362828
226	805	PC	3099.16148399054
226	1173	PC	7159.42946172239
226	1671	PC	8932.13052610269
226	1677	PC	11755.8220088364
226	1719	PC	28576.5488786272
229	219	PC	2269.33201693016
229	302	PC	37955.7401660487
229	303	PC	1246.27223632889
229	306	PC	75911.4803320974
230	52	PC	112.254869563253
230	230	PC	1078.80466542639
230	4001	PC	127.755397595501
231	58	PC	111.005646494756
231	516	PC	23336.1525516163
231	5104	PC	35.0413202944447
235	105	PC	3.2076885488213
235	216	PC	1.30491979889128
235	228	PC	35.2338599020678
235	235	PC	6.54076631706159
235	236	PC	97.7923662330723
235	237	PC	11.6631289444783
235	238	PC	37.0344865632674
235	239	PC	2.02302840625551
235	534	PC	.778684607934277
235	605	PC	7609.67454216197
235	1017	PC	1.09293587243418
301	54	PC	53.7580589124368
301	58	PC	99.7168778951979
301	61	PC	2.17797923568072
301	101	PC	38940.981580744
301	106	PC	19927.2342886835
301	125	PC	8452.23110488851
301	135	PC	29868.9500242251
301	211	PC	9094.2002149015
301	213	PC	9417.51572155948
301	217	PC	4.59999698559279
301	219	PC	33606.0151798471
301	228	PC	1.18839138413341
301	230	PC	3.62638131432465
301	231	PC	10209.8233638231
301	233	PC	23746.4334633773
301	235	PC	55158.644027158
301	301	PC	41151.9422621291
301	302	PC	30.7922903092412
301	303	PC	22.8423836718141
301	304	PC	5.59534280963421
301	305	PC	76.2214545452833
301	306	PC	61828.8654130894
301	307	PC	8.48810555186361
301	308	PC	3.72375871774867
301	309	PC	86928.3223269538
301	310	PC	2.20094317035951
301	311	PC	10551.6072476441
301	312	PC	14.1953913283249
301	402	PC	9119.15496900732
301	403	PC	34777.8832121884
301	412	PC	19579.6621189358
301	427	PC	22833.8025525972
301	501	PC	34176.2132714659
301	516	PC	22745.9789950349
301	517	PC	7625.99176557492
301	604	PC	3986.91161256683
301	605	PC	86102.6833642702
301	616	PC	10268.5942703766
301	618	PC	42749.8342472196
301	619	PC	33886.7329551733
301	624	PC	55954.2088910007
301	1671	PC	21620.7750781919
301	1751	PC	17768.7094018983
301	3001	PC	221.217005257101
301	4001	PC	104.059007926968
301	4004	PC	56.3508913358663
301	5605	PC	306.661204938794
301	5700	PC	1.48655725609954
301	6010	PC	617.310186144822
301	6020	PC	98.8353148712317
301	6030	PC	3.88924863514413
302	221	PC	25.7793135596705
302	307	PC	13.5414879226385
302	702	PC	22.6027037711888
302	709	PC	3.71923222490031
302	1102	PC	38.0445159796488
302	1124	PC	27.0904498932754
302	1246	PC	18.4368199699682
302	1273	PC	63.0583072052032
302	1535	PC	22.3292532074439
302	1633	PC	10.3052922653244
302	1671	PC	90.4896837443611
302	1674	PC	18.4852466792955
302	1677	PC	31.5129443389896
302	1850	PC	2.16328070468338
304	545	PC	25406.4221632099
306	213	PC	24451.7132701354
306	1750	PC	6412.23450607074
403	106	PC	4.37219257739051
403	235	PC	25223.559677621
403	403	PC	57.5116787377355
403	412	PC	17.0282044355166
403	415	PC	6.10002190262421
403	417	PC	10741.8027233006
403	501	PC	27625.7430128893
403	502	PC	8297.67032243782
403	542	PC	8694.37723000533
412	235	PC	9452.37249351
412	430	PC	9067.89930091882
412	502	PC	6315.6390729012
418	135	PC	11247.4237725483
418	306	PC	4826.64884838502
418	311	PC	4826.64884838502
418	1271	PC	8110.65056145265
425	60	PC	.569357277084619
427	235	PC	1.19644763847606
427	412	PC	3.83870539317049
427	415	PC	5.7794204351416
427	419	PC	1.02909553112081
427	425	PC	11.0739231989771
427	426	PC	15.3225973579051
427	427	PC	17.7150303510315
427	428	PC	1.94935850179719
501	213	PC	15.0837330669463
501	217	PC	15.4334523647727
501	219	PC	19.4860906604684
501	226	PC	12.4137510857034
501	228	PC	15.2506646330661
501	235	PC	21.386920922859
501	236	PC	5.642678420321
501	237	PC	13.8807325000546
501	403	PC	38.7160265865023
501	412	PC	6082.68610470677
501	501	PC	29904.775545484
501	502	PC	1265.00872824967
501	515	PC	8.59998486850053
501	516	PC	12.7957987876795
501	519	PC	8.89522175926172
501	520	PC	328.988918822926
501	521	PC	17127.9123255259
501	522	PC	15322.5615509622
501	529	PC	10.2613085264758
501	533	PC	11.8378291876657
501	534	PC	11.422626389657
501	538	PC	1338.19117274906
501	605	PC	44.5467536342546
501	807	PC	10.3234679775071
501	904	PC	14.3042187458787
501	906	PC	13.2179490770204
502	403	PC	13909.3297775242
511	58	PC	2.60101382748157
517	58	PC	2.81262494879802
517	4001	PC	1.37594675295449
521	60	PC	6.59273998157591
528	1173	PC	6852.72773114085
529	226	PC	75071.370616551
544	805	PC	11222.4380914015
602	52	PC	521.125589405658
602	219	PC	10319.8207009049
602	220	PC	9.29702051724432
602	301	PC	26106.5606154802
602	306	PC	8192.59518752272
602	602	PC	33.7411028728237
602	624	PC	2.67457466738323
602	625	PC	8.85715260399804
602	626	PC	16.8895068045328
602	627	PC	2.31465055968974
602	704	PC	23188.6472501817
602	709	PC	58326.2063643168
602	713	PC	2.55124195990201
602	806	PC	14366.9820940896
602	1573	PC	9262.81050135611
602	4001	PC	1.54863888813159
604	417	PC	25.1502908754955
604	626	PC	2536.25602210959
604	1235	PC	32.5810914208641
604	1430	PC	27.1714555088171
604	1677	PC	374.846295623555
604	1804	PC	158.11695671734
604	1853	PC	76.4001477294098
604	1874	PC	4.1403902446859
605	226	PC	16399.8153123831
605	235	PC	2590.33347214898
605	806	PC	17493.5141071767
605	1003	PC	4.76434530584857
618	906	PC	1.00381164034705
618	1102	PC	1.59542711359634
618	1173	PC	1.31272874335368
618	1256	PC	.85657822147556
618	1275	PC	1.52782160118833
618	1445	PC	8.97263334054743
618	1502	PC	.908691902199961
618	1504	PC	1.45142544918471
618	1515	PC	1.47377078781262
618	1674	PC	1.16295159940431
618	1805	PC	2.48494835907058
620	1276	PC	1.80109050546592
622	220	PC	8.50338240337502
622	602	PC	30.7161619139539
622	624	PC	2.7669047937871
622	625	PC	8.48114633140509
622	626	PC	16.1871573832661
622	627	PC	2.28371998383325
622	713	PC	2.44522752226415
624	231	PC	2.70632427962148
624	624	PC	3978.58998942767
624	704	PC	20868.2015852392
625	602	PC	3189.63835889539
625	626	PC	2487.80630478772
626	50	PC	251.997961296524
626	58	PC	22.7133703592633
627	52	PC	1.63467438191668
627	104	PC	3616.87618515555
627	106	PC	70065.5433728192
627	219	PC	41241.2131041079
627	602	PC	25210.195021167
627	626	PC	10193.0133197502
627	627	PC	28863.23670612
628	5101	PC	74.9885363830829
633	529	PC	1.12942674036393
633	906	PC	.800001565218529
633	1102	PC	1.12907770263889
633	1173	PC	.607894296127052
633	1275	PC	.831924952374262
633	1504	PC	1.56071041893398
633	1514	PC	3.03025564560193
633	1515	PC	.910457448404837
633	1671	PC	1.16743174656888
633	1805	PC	2.48253309094097
704	624	PC	26416.1198743756
704	806	PC	4246.22637881374
704	4001	PC	2.05645872630236
706	56	PC	4.67157645847929
706	58	PC	28.4289577736301
706	62	PC	4.20660134886019
709	1102	PC	2581.2740258657
709	4001	PC	24.2546200038047
709	5101	PC	22.4896124448424
711	501	PC	16153.9932753715
711	502	PC	5864.30068786145
711	522	PC	6316.35778804196
711	805	PC	6678.26254095771
711	1432	PC	4870.42518587135
719	720	PC	2281.1781249879
719	4001	PC	1.87887901437924
722	4001	PC	1.8765185877509
728	58	PC	28.4678638542309
728	4001	PC	1.66821682185793
805	52	PC	6731.25961932599
805	104	PC	30020.2245983312
805	105	PC	1168.41079218771
805	106	PC	15513.5927243747
805	217	PC	606.089597581391
805	219	PC	4695.70713677999
805	230	PC	44.2021103339545
805	231	PC	1608.18266970432
805	233	PC	9803.29320965613
805	235	PC	12396.1298754987
805	301	PC	372106.822123321
805	302	PC	116495.263752663
805	303	PC	6.46036703484582
805	305	PC	62.9885785897468
805	306	PC	1484.88194726775
805	309	PC	1912.32433513363
805	418	PC	5715.5410074021
805	513	PC	4512.87275338968
805	544	PC	6351.61874418727
805	545	PC	3831.13724290773
805	602	PC	151515.987118661
805	604	PC	1.74133729990309
805	625	PC	38.9321580201122
805	626	PC	29.4781414932027
805	627	PC	85153.1684086506
805	702	PC	1914.98647502968
805	704	PC	58.1098234177485
805	706	PC	97.8068280752188
805	709	PC	22.5682969188632
805	815	PC	2101.88054601448
805	906	PC	147.777774456914
805	926	PC	4.54854170462273
805	1003	PC	36.8307079208824
805	1004	PC	6.80488976059378
805	1017	PC	1074.19940686611
805	1037	PC	39386.1353213235
805	1072	PC	1776.92147406185
805	1073	PC	7228.29536655249
805	1102	PC	5485.23717412122
805	1106	PC	7014.23563405203
805	1124	PC	78146.8120760421
805	1127	PC	5.55979407151036
805	1149	PC	4294.58804110724
805	1154	PC	6637.82436796425
805	1171	PC	112.298276484629
805	1172	PC	5547.22146780163
805	1173	PC	970.018335083171
805	1211	PC	44.9311339038187
805	1263	PC	15109.0164370802
805	1271	PC	109726.401490794
805	1273	PC	33058.5054862897
805	1401	PC	2395.38181144752
805	1424	PC	3827.72612858448
805	1432	PC	51.8789890665131
805	1502	PC	284.101172645891
805	1503	PC	3244.6654806693
805	1504	PC	13825.2066046337
805	1511	PC	7691.25862302321
805	1535	PC	51.6570429379924
805	1548	PC	2965.41483680745
805	1554	PC	32.7681073768921
805	1671	PC	33793.5207902987
805	1675	PC	640.474252491707
805	1676	PC	14.3361969307737
805	1677	PC	8092.91349648474
805	1719	PC	856.416786302445
805	1804	PC	52.7449845005488
805	1813	PC	3366.92135146543
805	1833	PC	5099.06167158993
805	1850	PC	1071.07619198348
805	1913	PC	38.0236370750954
805	1972	PC	56.7395152876724
805	2004	PC	185.158995650688
805	2012	PC	48.3322647251699
805	3001	PC	2.54968683465375
805	4001	PC	73643.9548676936
805	5101	PC	5418.63956838934
805	5605	PC	212.267027419004
805	5730	PC	11.6447428834877
805	5760	PC	1301.52395459289
805	5800	PC	33.1267342193722
805	5820	PC	4011.00609337583
805	5830	PC	100131.992377243
805	5831	PC	59356.1976539094
805	5840	PC	37.047237626986
805	5850	PC	74560.6376650659
805	5870	PC	37.6262756659726
805	5890	PC	24652.3045769659
806	58	PC	48.1305375500198
806	101	PC	21.5794933929198
806	105	PC	1.43506668852508
806	106	PC	38.9839947257307
806	228	PC	617.318133183995
806	301	PC	463.400456624913
806	305	PC	.991749879077733
806	311	PC	2.07127164131854
806	402	PC	1.29860685545612
806	423	PC	9.97561676321234
806	502	PC	16.9558300219444
806	602	PC	90.3148461186458
806	604	PC	1.1779330581985
806	605	PC	1.75620094557686
806	625	PC	45.7238943780163
806	709	PC	17.490430112119
806	716	PC	7.62159636650108
806	811	PC	1.51777165724863
806	815	PC	1.15768120436789
806	906	PC	89.6683837071932
806	1071	PC	83.482696828467
806	1074	PC	22.2496170851655
806	1101	PC	1.79530622546166
806	1121	PC	3.83411082845703
806	1173	PC	291.45320129499
806	1238	PC	23.2695326683137
806	1271	PC	226.451570008765
806	1272	PC	2.63571779029495
806	1416	PC	130.990904027627
806	1504	PC	4.80658323687425
806	1539	PC	5.52954746834069
806	1671	PC	14.9089279981581
806	1677	PC	3.9061575119153
806	1702	PC	1.30690265028584
806	1721	PC	4.75771541614695
806	1804	PC	15.9365937574758
806	1812	PC	.734791758601458
806	1833	PC	33.6943788227731
806	1860	PC	2.92453778114856
806	1971	PC	74.8478712305465
821	1677	PC	300.237705517248
821	1804	PC	116.556824073852
821	1849	PC	174.370483458871
821	1853	PC	32.7657122009045
821	1874	PC	28.665538339068
904	231	PC	5.94242686833721
904	1134	PC	3.16171503522485
906	1134	PC	7.11732866577393
926	904	PC	10.6953716492061
926	906	PC	1.97648484444504
926	919	PC	3.67712282435034
926	926	PC	9.23997575709936
926	928	PC	5.50680744048219
926	1002	PC	3.95300109105034
926	1014	PC	2.64854877794428
926	1017	PC	2.24786816201858
926	1018	PC	9.08834498412541
926	1032	PC	18059.970764007
926	1034	PC	.926403415901513
926	1071	PC	8.76926176873543
926	1074	PC	17.5844839961704
926	1122	PC	.766744317431795
926	1833	PC	14.5628721374302
926	5800	PC	21.2898522850085
926	6010	PC	79.6055346309013
1003	105	PC	440.57546044137
1003	220	PC	1.35387532912326
1003	235	PC	1.84672660370931
1003	302	PC	149.469092588229
1003	305	PC	2486.25085351565
1003	306	PC	4386.23851543094
1003	307	PC	245.044185410319
1003	412	PC	61.4150057573758
1003	427	PC	1.18906130609735
1003	502	PC	300.307650412216
1003	602	PC	2122.32984505526
1003	605	PC	2.22505295018898
1003	704	PC	1.00576948926309
1003	706	PC	466.193779315871
1003	709	PC	195.933290087976
1003	716	PC	2065.49578064587
1003	806	PC	731.156492744393
1003	807	PC	843.220785816898
1003	1014	PC	884.975899327086
1003	1018	PC	799.431169033121
1003	1074	PC	2609.29111000732
1003	1106	PC	726.16560714762
1003	1149	PC	1991.2857061102
1003	1222	PC	463.436453880159
1003	1238	PC	402.982822472828
1003	1243	PC	474.278934331547
1003	1271	PC	997.050062963665
1003	1272	PC	761.60381238096
1003	1273	PC	1132.31355409483
1003	1274	PC	237.45222035224
1003	1275	PC	1.55492331247905
1003	1401	PC	329.036617887906
1003	1432	PC	2.18954080466209
1003	1503	PC	1.32532600280437
1003	1504	PC	439.873008687336
1003	1520	PC	1892.02588717694
1003	1532	PC	1808.85707161837
1003	1548	PC	1329.0328832025
1003	1677	PC	3813.23321254839
1003	1714	PC	110.768229645936
1003	1744	PC	192.185670901168
1003	1841	PC	1136.31233121385
1003	1870	PC	140.511284870949
1003	1913	PC	1551.1501730101
1003	1931	PC	1090.96550690405
1003	1971	PC	86.9649073298449
1003	2012	PC	1468.70317643465
1071	906	PC	43396.9578570531
1071	926	PC	185.946273626102
1071	1026	PC	14958.6053990192
1071	1032	PC	52605.865175095
1071	1046	PC	38274.2522709343
1071	1072	PC	261441.703324043
1072	306	PC	1.24800099554086
1072	919	PC	1.76241034637131
1072	926	PC	2.10629392358392
1072	1002	PC	10.9323497644358
1072	1014	PC	2.91306861736957
1072	1017	PC	3.06164934712079
1072	1018	PC	20.8834377555787
1072	1034	PC	.685942321959464
1072	1046	PC	1.80368991257109
1072	1071	PC	10.9989811863215
1072	1072	PC	4.75779803851368
1072	1074	PC	10.3620903757313
1072	1638	PC	6.07496416327136
1072	1833	PC	17.9391629850887
1073	805	PC	34.6616630893625
1101	104	PC	6.29694389455214
1101	106	PC	14.1097571277815
1101	119	PC	4.9104695238726
1101	125	PC	7.24272868474171
1101	128	PC	9.09537931199143
1101	136	PC	7.64344313399407
1101	214	PC	.849454696430026
1101	220	PC	.891231038229937
1101	221	PC	4.76404363484468
1101	235	PC	104.28254224737
1101	237	PC	437.394906527493
1101	311	PC	26.6395723868921
1101	402	PC	1294.75276184199
1101	403	PC	18.0072370413263
1101	412	PC	7.98285587021402
1101	415	PC	2.36629031646425
1101	417	PC	321.448242062929
1101	420	PC	1.4424588809989
1101	423	PC	3.78453504232928
1101	425	PC	22.707924443203
1101	427	PC	31.8227902190426
1101	429	PC	7.45062787479535
1101	430	PC	11.1182588274977
1101	432	PC	1.59195300074185
1101	437	PC	9.96932484355576
1101	438	PC	2.17815734472876
1101	441	PC	2.33902924378889
1101	501	PC	5.73800458925782
1101	502	PC	5.74312481301153
1101	511	PC	3.47446081221204
1101	517	PC	11.8573794840917
1101	520	PC	6.63745938603727
1101	533	PC	1.53457626369936
1101	534	PC	12.4169547206483
1101	538	PC	1.16949777438005
1101	540	PC	1.44835452446781
1101	542	PC	6.25111903782204
1101	604	PC	20.0835823429246
1101	605	PC	1.65480136846152
1101	616	PC	6.64798719731664
1101	618	PC	.924732053095681
1101	623	PC	2.27239811501452
1101	624	PC	9.69019316122189
1101	627	PC	1.31135008518572
1101	701	PC	4.86090413490786
1101	702	PC	17.7503062200872
1101	704	PC	17.1445398424137
1101	706	PC	17.1356926795866
1101	709	PC	28.6790606949156
1101	716	PC	36.0783194087308
1101	722	PC	2.94746814004486
1101	806	PC	18.8210652110695
1101	807	PC	4.38831408610623
1101	821	PC	2.74205451890639
1101	826	PC	2.60082697656778
1101	833	PC	8.15656097766547
1101	928	PC	150.035729515536
1101	1074	PC	146.263073422638
1101	1101	PC	25422.0844893986
1101	1102	PC	142.012499998244
1101	1106	PC	67.3712908638088
1101	1121	PC	1.2078558768147
1101	1135	PC	189.908585748301
1101	1146	PC	1165.63270664658
1101	1154	PC	33.4496242038741
1101	1219	PC	5.42218044858801
1101	1221	PC	2.7995509709029
1101	1223	PC	1.58746821713357
1101	1224	PC	13.5593350273339
1101	1228	PC	2.20827184622133
1101	1247	PC	1032.57896170719
1101	1260	PC	18.6524600940814
1101	1263	PC	163.615849193845
1101	1271	PC	847.028346016009
1101	1272	PC	38.5109747520812
1101	1273	PC	40.7631748034475
1101	1274	PC	9.57746201245491
1101	1275	PC	364.317077491772
1101	1276	PC	7.18309650934118
1101	1277	PC	9.57746201245491
1101	1401	PC	6.26092766228561
1101	1416	PC	1.69777288517164
1101	1419	PC	8.36595490163816
1101	1420	PC	6.45182110229993
1101	1424	PC	.851027037102653
1101	1426	PC	1114.63279336309
1101	1429	PC	4.22690948657945
1101	1431	PC	3.4278100380286
1101	1432	PC	11.5289679626206
1101	1438	PC	.80776865549087
1101	1439	PC	237.482268284439
1101	1443	PC	1.98927837350973
1101	1445	PC	.998238635138015
1101	1449	PC	.845614130608043
1101	1502	PC	7.37810741805305
1101	1503	PC	18.9564504427177
1101	1504	PC	336.324221893231
1101	1519	PC	.977632785857143
1101	1523	PC	1.3987831679679
1101	1528	PC	474.500613931433
1101	1529	PC	144.83096066924
1101	1534	PC	102.49124387581
1101	1634	PC	7.89425816725724
1101	1671	PC	187.707842550176
1101	1677	PC	148.424916266792
1101	1702	PC	2.04892318560884
1101	1711	PC	152.134636539587
1101	1804	PC	3.31489924559674
1101	1805	PC	7.18986975205026
1101	1824	PC	.961629693604221
1101	1833	PC	36.6922016118634
1101	1841	PC	1.34813175067277
1101	1901	PC	2.05141602530704
1101	1943	PC	4.34441112918087
1101	1972	PC	39.7976850226449
1101	2011	PC	2.8366343700491
1101	2012	PC	34.7141319639579
1102	106	PC	7.35313719900228
1102	136	PC	2.29067167544963
1102	211	PC	6.94818342306114
1102	213	PC	4.68769782023766
1102	214	PC	1.45847636246133
1102	217	PC	1.95691141774118
1102	219	PC	881.41222861099
1102	220	PC	1.12051029656459
1102	226	PC	2.64240744090725
1102	231	PC	5.23424732291895
1102	235	PC	85.8202821093235
1102	301	PC	58.3983980988213
1102	302	PC	7.82951388539699
1102	303	PC	2.55799197767844
1102	304	PC	5.3794208072426
1102	305	PC	2.87866679603325
1102	306	PC	1.3214504432648
1102	307	PC	2.41868922491566
1102	309	PC	1.39954530848868
1102	311	PC	1.11163715209806
1102	412	PC	1.53894679061785
1102	428	PC	1.33819425529591
1102	438	PC	.939244647488838
1102	544	PC	.932512358887505
1102	618	PC	2.42868747517574
1102	704	PC	1.04105510697275
1102	720	PC	1.15554568959153
1102	1071	PC	1.07657832317753
1102	1101	PC	17378.7133760297
1102	1102	PC	54945.4352019543
1102	1112	PC	7146.85147405074
1102	1114	PC	20489.2015598056
1102	1119	PC	8956.85181120307
1102	1120	PC	13732.9575406606
1102	1121	PC	19413.6026226209
1102	1122	PC	2812.0880014081
1102	1124	PC	41010.8999526032
1102	1127	PC	2995.53596514141
1102	1141	PC	187.793059075192
1102	1142	PC	1021.78446400329
1102	1172	PC	98871.4906460776
1102	1173	PC	18883.7037403455
1102	1175	PC	13819.1338610891
1102	1224	PC	1.41851415594091
1102	1231	PC	1.57158560501665
1102	1243	PC	1.17821156593335
1102	1244	PC	.828345489816743
1102	1247	PC	1.05683554407884
1102	1263	PC	.966047096771246
1102	1271	PC	25.6149019906174
1102	1272	PC	1.52355759207399
1102	1273	PC	4.44171022413695
1102	1274	PC	4.89157959187533
1102	1275	PC	22.9074681704031
1102	1277	PC	8.20825650117214
1102	1411	PC	.957096243225393
1102	1419	PC	2.02755571157309
1102	1420	PC	2.81769508901274
1102	1421	PC	1.76564201931282
1102	1430	PC	.995367643993088
1102	1431	PC	2.77296975978208
1102	1504	PC	5.01637303870405
1102	1516	PC	4.29501181218548
1102	1624	PC	36.934572000944
1102	1671	PC	30.5742465537592
1102	1676	PC	2.93957807944569
1102	1719	PC	2.12028609313873
1102	1804	PC	15.4618458107359
1102	1833	PC	1.32676222195067
1102	1870	PC	1.65908752831992
1102	1901	PC	1.18462810622947
1102	1971	PC	38.6453825368732
1102	2012	PC	1.369962998004
1102	2030	PC	2.01803774164176
1102	5930	PC	47.0205035388994
1114	1101	PC	2681.56089126527
1119	1119	PC	4879.96910505758
1119	5760	PC	46.0224341978293
1120	1119	PC	1464.03975953334
1121	4004	PC	4.10199956980652
1124	301	PC	3676.58258213395
1124	1124	PC	746636.62482836
1124	1172	PC	550516.013405502
1124	4001	PC	170.17916590264
1124	4005	PC	5.7180199743287
1124	6030	PC	3.8290312328094
1127	1102	PC	37120.7283251783
1127	1172	PC	110198.337936865
1127	6030	PC	1.0891466617769
1130	105	PC	958.442288817281
1130	235	PC	2.30011563168549
1130	302	PC	254.759315457769
1130	305	PC	1731.03371781721
1130	306	PC	5693.10086168263
1130	307	PC	497.822176897939
1130	412	PC	138.473739851095
1130	425	PC	1.0941959896886
1130	502	PC	624.353165513104
1130	602	PC	3497.3793146965
1130	605	PC	1.58563466908381
1130	706	PC	1150.76320980559
1130	709	PC	436.345290155123
1130	716	PC	4300.88001493983
1130	806	PC	2325.05454368795
1130	807	PC	480.816786254883
1130	901	PC	1.56266406365189
1130	1014	PC	884.532043222967
1130	1018	PC	2742.72690050825
1130	1074	PC	2985.02417688623
1130	1106	PC	1809.39715157016
1130	1149	PC	2125.8115783559
1130	1222	PC	637.174142185062
1130	1238	PC	1221.87073891783
1130	1243	PC	568.946269481124
1130	1271	PC	239.93032946047
1130	1272	PC	772.398712244737
1130	1273	PC	2782.89490795875
1130	1274	PC	600.125736563001
1130	1275	PC	6.28617463186432
1130	1401	PC	1744.04906914304
1130	1432	PC	1.16136486611182
1130	1449	PC	.923615294761735
1130	1503	PC	2.62064510285665
1130	1520	PC	2511.72825764937
1130	1532	PC	1724.09712951934
1130	1548	PC	729.086496800998
1130	1677	PC	7974.03191797729
1130	1714	PC	84.9662414204162
1130	1717	PC	399.720569080125
1130	1744	PC	611.649496615705
1130	1841	PC	1198.63196282022
1130	1870	PC	814.382924805099
1130	1913	PC	323.851599353198
1130	1931	PC	1727.34663964964
1130	1971	PC	89.9070338128436
1130	2012	PC	967.527037615317
1141	706	PC	3125.21420095302
1141	1120	PC	3524.13373988934
1141	1122	PC	594.751585510814
1141	1141	PC	15866.7854795742
1141	1142	PC	1010.5950241232
1141	1146	PC	2857.06085649797
1141	1149	PC	3914.3868842217
1141	1224	PC	643.080401062241
1149	1004	PC	102066.106203379
1172	1034	PC	17721.3425457961
1172	1101	PC	26852.7015842004
1172	1102	PC	4060.90340503628
1172	1129	PC	133065.266874554
1173	4001	PC	8.57702996149305
1211	1401	PC	.604457509743719
1228	512	PC	12.5817969855998
1228	1444	PC	3.11807324805856
1228	1449	PC	31.1538927150639
1228	1804	PC	2.4795359986357
1241	512	PC	10.9252847940156
1241	1444	PC	3.44378840322048
1241	1449	PC	28.4441455413747
1241	1804	PC	2.83627028836822
1243	219	PC	2.35246945233716
1243	220	PC	1.3197537029185
1243	437	PC	.709213202979073
1243	602	PC	7.25858464291605
1243	625	PC	3.57688777306304
1243	1002	PC	11.2723260121984
1243	1071	PC	6.97954656735492
1243	1401	PC	9.16665885688373
1243	1422	PC	1.23215932784018
1243	1515	PC	7.66742108515724
1243	1516	PC	2.31666953620978
1243	1517	PC	13.2121697690393
1243	1519	PC	1.99681977296166
1243	1520	PC	2.5217281684581
1243	1524	PC	16.0031683773202
1243	1529	PC	.693915383247129
1243	1638	PC	6.51632958164767
1243	1663	PC	1.35593511682807
1243	1671	PC	34.4425159689687
1243	1674	PC	17.5343717660205
1243	1677	PC	8.99198552103613
1243	1714	PC	2.00827163833444
1243	1721	PC	.838573623108632
1243	1804	PC	13.4155584639817
1243	1865	PC	1.03020364453593
1246	928	PC	6938.90069644895
1247	1243	PC	7030.66090392505
1247	4004	PC	1.00585236512416
1253	1263	PC	2563.60414731058
1253	1271	PC	5857.66939502866
1263	106	PC	1.63179028137463
1263	119	PC	2.69994632135553
1263	211	PC	1.63942517703633
1263	220	PC	6.51694378501156
1263	309	PC	1.83862949873741
1263	425	PC	5.16171626248065
1263	501	PC	6.87137391339036
1263	514	PC	.582515759729392
1263	536	PC	1.45217114485915
1263	541	PC	1.44263059009652
1263	542	PC	1.06010946956656
1263	709	PC	3.31678783997233
1263	805	PC	1.41139806937681
1263	806	PC	1.25861195553431
1263	807	PC	4.22471341395889
1263	822	PC	3.56262620483653
1263	1101	PC	2.80168560136434
1263	1102	PC	12.2682381190747
1263	1114	PC	1.01961456635737
1263	1224	PC	1.29540611944444
1263	1420	PC	1.13633335096564
1263	1449	PC	2.83890923564559
1263	1511	PC	2.16831443564501
1263	1546	PC	2.6099356998213
1263	1714	PC	1.08669809763208
1271	709	PC	21.6905034377862
1271	1106	PC	7807.01106194821
1271	1235	PC	48219.1456360157
1271	1241	PC	41701.2463344901
1271	1243	PC	13022.9525477419
1271	1271	PC	17436.8119536371
1271	1432	PC	8187.32351733008
1271	1443	PC	20007.8853152132
1271	1449	PC	37963.7605212769
1271	4001	PC	23.3198035664343
1273	545	PC	8872.36503320239
1273	805	PC	76.1809213282067
1273	1171	PC	96.5379093906092
1273	1243	PC	.744711250773618
1273	1246	PC	9.22133294574457
1273	1247	PC	10.9540439637993
1273	1251	PC	4.34975388815549
1273	1263	PC	2.140996751109
1273	1271	PC	56.4470773321853
1273	1272	PC	5.78027653773904
1273	1273	PC	24.0679168851216
1273	1274	PC	65.8624842661198
1273	1275	PC	22.5351135491971
1273	1277	PC	48.968110947856
1273	1420	PC	8022.90668677132
1273	1422	PC	9091.1599606784
1273	1671	PC	227.047634406162
1276	128	PC	6.42235702501841
1276	219	PC	1.17623472616858
1276	220	PC	5.279014811674
1276	437	PC	2.12763960893722
1276	602	PC	7.30729997608998
1276	625	PC	2.68266582979728
1276	1002	PC	16.9084890182976
1276	1071	PC	5.94365279458448
1276	1401	PC	11.5283744575656
1276	1515	PC	10.5156336369908
1276	1516	PC	6.18550766168011
1276	1517	PC	24.096919218256
1276	1519	PC	4.47935246367075
1276	1520	PC	1.6811521123054
1276	1524	PC	14.6621207479359
1276	1638	PC	1.74544542365562
1276	1671	PC	23.8448187477476
1276	1674	PC	12.4282085594321
1276	1677	PC	4.65656393053657
1276	1714	PC	6.69423879444814
1276	1721	PC	1.50716610639795
1276	1828	PC	4.23976856975616
1277	1272	PC	5740.51600727181
1416	58	PC	25.8651640487055
1420	105	PC	1.24439871983349
1420	106	PC	1.97356611566206
1420	119	PC	4.30110974931647
1420	211	PC	1.45375108758981
1420	220	PC	3.2138715724454
1420	309	PC	2.77728228653068
1420	501	PC	4.40142151297841
1420	514	PC	.455832694969277
1420	709	PC	1.30706082669244
1420	805	PC	1.48038869891559
1420	814	PC	1.31150313075867
1420	822	PC	7.40418055691263
1420	826	PC	.853312778116817
1420	1101	PC	1.63812487197491
1420	1102	PC	9.0376673503459
1420	1224	PC	2.72967121006731
1420	1241	PC	1.48088819498794
1420	1420	PC	2.47686803493886
1420	1449	PC	2.51392599287814
1420	1511	PC	.402314180713841
1420	1714	PC	3.51961293113204
1422	1422	PC	6395.59248047829
1426	512	PC	6.96609633309624
1426	1444	PC	3.07942044168581
1426	1449	PC	31.1779333320396
1429	306	PC	2.63609460694401
1429	616	PC	2.27637398699455
1429	819	PC	3.58538443629676
1429	822	PC	1.23564158835794
1429	928	PC	.760744702598913
1429	1037	PC	.969641687851189
1429	1075	PC	4.45236760890498
1429	1120	PC	1.21476198653676
1429	1149	PC	1.27703415942686
1429	1173	PC	.585042258113874
1429	1224	PC	2.31043682555261
1429	1228	PC	1.14415310823071
1429	1231	PC	.940140775854016
1429	1424	PC	3.7256201237995
1429	1554	PC	.709811180907155
1429	1632	PC	1.28451385817986
1429	1703	PC	2.88675760936574
1429	1725	PC	1.72776220873212
1429	1744	PC	1.37933852187613
1429	1804	PC	5.22732289260375
1429	1805	PC	1.00600353906824
1429	1813	PC	2.03646874045253
1429	1820	PC	2.10114929270456
1429	1833	PC	3.568351010435
1429	1834	PC	1.72147609636158
1429	1836	PC	1.1295629040938
1429	1841	PC	3.78200928396684
1429	1868	PC	2.90901693294315
1429	1917	PC	2.06570990152384
1429	1924	PC	1.07999407273793
1429	1926	PC	1.23934225171683
1429	1936	PC	2.03442423938074
1429	1938	PC	2.65168148609629
1429	1971	PC	8.05594711035008
1429	2018	PC	3.10543475789292
1432	1420	PC	7538.51120723187
1432	1422	PC	8529.26509839519
1432	1426	PC	8555.75622065291
1432	1428	PC	9892.19170720398
1432	1432	PC	16190.5840550583
1432	1504	PC	9319.93591090041
1439	306	PC	1.29936982038233
1439	428	PC	1.04938809376123
1439	821	PC	2.01050223692795
1439	928	PC	.748102225046495
1439	1075	PC	3.42669652901949
1439	1173	PC	1.12322707743354
1439	1224	PC	1.69315140810257
1439	1228	PC	.980223149661918
1439	1231	PC	.920298825496475
1439	1424	PC	1.5819388387699
1439	1554	PC	.936617885726432
1439	1703	PC	2.61281402064193
1439	1729	PC	1.15923184394039
1439	1804	PC	4.78695679357168
1439	1805	PC	1.05303740671595
1439	1813	PC	4.00254550768908
1439	1833	PC	5.48265171688203
1439	1834	PC	1.63608599104058
1439	1836	PC	.734198705507193
1439	1845	PC	1.33596087760317
1439	1848	PC	2.95939076343269
1439	1851	PC	1.88070229182276
1439	1859	PC	1.28466953453871
1439	1860	PC	3.82235760595787
1439	1901	PC	1.04970557595717
1439	1928	PC	1.62917626884074
1439	1938	PC	2.03777002961441
1439	1971	PC	8.76571302526749
1439	2004	PC	1.90392381438286
1443	219	PC	1.27906484828442
1443	306	PC	6.09771045925663
1443	428	PC	1.57408214064185
1443	437	PC	.895697939949145
1443	602	PC	1.58500292020324
1443	605	PC	1.84355484114619
1443	618	PC	1.06084405165137
1443	819	PC	1.42433610327135
1443	826	PC	2.36364539398915
1443	827	PC	3.98908263072159
1443	828	PC	.95364197561185
1443	928	PC	.748102225046495
1443	1037	PC	3.67653738947582
1443	1075	PC	9.66063235478711
1443	1173	PC	4.2087979313245
1443	1223	PC	1.34178958084031
1443	1228	PC	3.76189026955813
1443	1231	PC	.920298825496475
1443	1412	PC	2.11647721324742
1443	1424	PC	1.64223695594274
1443	1428	PC	3.51826444083137
1443	1703	PC	5.37333097812328
1443	1729	PC	1.73884776591058
1443	1736	PC	1.33964313396821
1443	1740	PC	2.27624715678089
1443	1804	PC	5.50156647388386
1443	1813	PC	6.02561206921724
1443	1820	PC	2.00666742213408
1443	1822	PC	1.78772604231693
1443	1828	PC	2.66926993229371
1443	1832	PC	2.0647701459245
1443	1833	PC	3.238861868336
1443	1834	PC	4.75413393048747
1443	1836	PC	2.92211084791863
1443	1841	PC	3.02856215839188
1443	1845	PC	1.33596087760317
1443	1848	PC	1.47969538171634
1443	1851	PC	1.25380152788184
1443	1859	PC	2.0932940131316
1443	1860	PC	3.82235760595787
1443	1865	PC	3.2952294584977
1443	1866	PC	3.47767818865591
1443	1868	PC	2.3607481319087
1443	1901	PC	1.57455836393576
1443	1917	PC	1.79891413375923
1443	1924	PC	1.56413948923306
1443	1928	PC	1.62917626884074
1443	1936	PC	1.50198366403049
1443	1938	PC	3.65928825439905
1443	1940	PC	1.32521529870532
1443	1971	PC	23.5531284534838
1443	1972	PC	1.64106956180807
1443	2002	PC	2.55130891419561
1443	2004	PC	4.51220716591221
1443	2017	PC	1.90754365483991
1443	2018	PC	4.86878950267568
1443	2020	PC	1.69974131333064
1444	1502	PC	1.39792574702928
1449	1444	PC	1928.90312975181
1449	1445	PC	623.009963228972
1449	1449	PC	23600.0497336655
1502	1502	PC	25079.5638321038
1502	1547	PC	15809.0948667035
1502	1548	PC	17462.5745605655
1502	5790	PC	.905523783571401
1503	121	PC	48.7702903629997
1503	309	PC	6.63949217095093
1503	605	PC	1.31872222132176
1503	1119	PC	3.51858060117646
1503	1401	PC	2.07128920409021
1503	1443	PC	27.919589723113
1503	1648	PC	.64378193985716
1504	1535	PC	8928.98364547243
1504	2004	PC	4924.90636514995
1504	4004	PC	5.79742757992339
1514	1251	PC	14726.3200953505
1520	1502	PC	2.37327981638332
1520	5850	PC	11.6481009603562
1528	51	PC	1.34169038278227
1551	135	PC	28556.7918983849
1551	417	PC	28914.8310332261
1551	436	PC	4270.04868504514
1551	814	PC	17310.5421509095
1551	826	PC	19170.8334961828
1551	828	PC	5578.83328978417
1551	1263	PC	15423.2520220399
1551	4001	PC	7.62673774933132
1554	1211	PC	9.33898346410931
1557	1503	PC	8021.27833238527
1563	61	PC	8.33081176369898
1617	1617	PC	4483.15352343848
1621	1825	PC	2.99243025091796
1624	1865	PC	1.26739581989104
1634	50	PC	309.069904292614
1634	52	PC	54.6032607300052
1634	55	PC	2.22049338063001
1634	56	PC	2.81831852156886
1634	58	PC	79.9083449100311
1634	60	PC	67.924323156195
1634	62	PC	.93943950718962
1634	4001	PC	6.00956605962815
1634	5101	PC	53.3174622125891
1634	5102	PC	8.66846454361332
1634	5106	PC	18.933976249449
1634	5204	PC	5.12421549376157
1634	5403	PC	33.7477036703956
1634	5501	PC	3.67235443719579
1634	5800	PC	22.1195302147374
1634	5820	PC	8.52802308193244
1634	5840	PC	.75439839213712
1634	5880	PC	19.0877027142618
1634	6030	PC	10.6754489453366
1640	62	PC	15.657325119827
1648	1825	PC	1.77686932103968
1653	1677	PC	2778.86483776852
1671	1621	PC	17734.566257001
1671	1677	PC	145167.785659485
1671	1744	PC	23592.3635321485
1675	1677	PC	2050.06770889667
1677	1675	PC	2050.06770889667
1677	1677	PC	3075.101563345
1714	62	PC	.746806961775991
1714	1663	PC	5.20578321524976
1714	1664	PC	1.41069890705274
1714	1665	PC	6.50731250055079
1714	1714	PC	5.88226286159656
1714	1717	PC	1.02837237354448
1714	1719	PC	1.29062696609185
1721	51	PC	136105.177854213
1721	58	PC	9606.02081502417
1721	306	PC	13.6864162550431
1721	604	PC	7769.89840984608
1721	3001	PC	22842.4159378623
1721	5403	PC	158307.355420101
1729	136	PC	7680.68909734048
1729	627	PC	27343.0507943478
1729	805	PC	28657.2607278522
1729	1102	PC	2887.63914891321
1729	1228	PC	6673.77179572589
1729	1271	PC	7433.56290836487
1729	1432	PC	5817.93892134977
1729	1502	PC	15511.4347160241
1738	50	PC	32.6924948501988
1751	104	PC	.57740025612176
1804	1804	PC	41.399677001735
1804	1813	PC	10.5858764917442
1804	1834	PC	53.4613236758505
1804	1835	PC	21.6836595571602
1804	1849	PC	73.9060142463396
1804	1860	PC	12.3707071336344
1804	1865	PC	66.1489953071789
1804	1866	PC	11.4893378947893
1804	1871	PC	2.62275663048401
1804	1931	PC	187.22158879888
1804	1941	PC	83.6902709053294
1804	1971	PC	1.38918080352394
1804	1972	PC	411.398142319293
1804	2002	PC	346.210640892557
1804	2003	PC	209.511895027775
1804	2004	PC	247.00410928946
1804	2012	PC	50.413517601638
1804	2014	PC	116.078782240268
1804	2018	PC	23.4012415184688
1804	2019	PC	149.845991002175
1804	2023	PC	54.1371074436288
1804	2028	PC	269.477454453894
1804	2030	PC	300.884068147252
1832	1677	PC	3.66552260367277
1833	51	PC	34760.7542889324
1833	1850	PC	2.31604005375313
1833	5850	PC	245.058325664233
1833	5880	PC	6.99278671838331
1841	4001	PC	38.090649652717
1845	805	PC	288336.268913493
1845	1246	PC	6156.07576638256
1845	1263	PC	7328.38456213895
1845	1271	PC	10631.2210696454
1845	1273	PC	3823.65837708969
1845	1671	PC	2380.28528960709
1845	1833	PC	970.390423086198
1850	104	PC	40.5637455231197
1850	136	PC	50.9754432723151
1850	217	PC	201.381142978991
1850	219	PC	72.3483067577488
1850	230	PC	41.8199522577692
1850	231	PC	693.380996676488
1850	235	PC	3.73902639573585
1850	237	PC	11.6483360043205
1850	305	PC	166.9915227652
1850	306	PC	18687.420931574
1850	309	PC	52.3746139581763
1850	403	PC	1.29790378923791
1850	602	PC	1625.21701676901
1850	626	PC	6.49916743776043
1850	805	PC	1421.94043634824
1850	806	PC	1200.3442185126
1850	1124	PC	48.4338457908637
1850	1274	PC	14.1360017838037
1850	1502	PC	454.403415842779
1850	1671	PC	1487.82472638236
1850	1676	PC	7.47807192317835
1850	1677	PC	13.709798525827
1850	1804	PC	499.733318292894
1850	1805	PC	9.24079916723525
1850	1833	PC	5393.65582971105
1850	1850	PC	1446.31617912836
1850	1901	PC	40.5604122973834
1850	1931	PC	6.66241672898509
1850	1971	PC	8.9471883618515
1850	1972	PC	5.48376060887673
1870	1676	PC	4.66993731327697
1870	1972	PC	5.9798454141874
1871	5930	PC	60.4020895096105
1901	104	PC	780.216528483181
1901	217	PC	598.925541109384
1901	219	PC	4818.64071361432
1901	230	PC	90.535972267185
1901	231	PC	1602.38078998347
1901	233	PC	8642.09976088161
1901	235	PC	1382.6146770486
1901	237	PC	40.2552699833467
1901	302	PC	42.1564446389667
1901	305	PC	62.2440455439574
1901	306	PC	812.419628930061
1901	309	PC	649.95771695326
1901	403	PC	1.52140478008915
1901	418	PC	7985.85044366402
1901	625	PC	23.3436679824405
1901	626	PC	36.4386498141241
1901	627	PC	2972.60083554926
1901	706	PC	104.902396751417
1901	709	PC	24.2055537836852
1901	805	PC	672.02265664093
1901	926	PC	4.494777360593
1901	1003	PC	74.6099957305154
1901	1004	PC	14.4897202543508
1901	1017	PC	1061.50223264683
1901	1072	PC	692.729242030886
1901	1102	PC	82.5800165907473
1901	1124	PC	1695.61917284538
1901	1154	PC	211.523999787607
1901	1171	PC	113.035471329152
1901	1172	PC	134.197363221825
1901	1211	PC	43.1598428864948
1901	1271	PC	233.992849862057
1901	1273	PC	77.4182057543605
1901	1274	PC	21.3100631124373
1901	1418	PC	2.33193260176265
1901	1432	PC	126.889201584255
1901	1502	PC	64.1209495280025
1901	1504	PC	34.6085925919048
1901	1671	PC	27037.5154529074
1901	1676	PC	7.08337062579369
1901	1677	PC	779.911303039094
1901	1804	PC	31.7504459341642
1901	1805	PC	9.54879172830216
1901	1833	PC	1191.97417217122
1901	1850	PC	986.054375389149
1901	1901	PC	56.197869286406
1901	1971	PC	18.4907899576764
1901	1972	PC	18.0732559908901
1901	2012	PC	90.2726128831825
1913	1850	PC	2547.47963313367
1913	1860	PC	17440.6864850722
1924	301	PC	22.0305556005649
1924	403	PC	97.4439773581369
1924	716	PC	102.50643010779
1924	806	PC	33.8437649593605
1924	906	PC	25.5748694774441
1924	1130	PC	17.5852189277967
1924	1529	PC	12.1132319290417
1924	1531	PC	49.4090094313664
1924	1825	PC	37.4194296822341
1924	1837	PC	78.3327187833245
1924	1917	PC	133.139410474919
1924	1919	PC	1475.62590674241
1924	1920	PC	108.388104006656
1924	1922	PC	14998.24328138
1924	1923	PC	372.045751802312
1924	1924	PC	7284.61237200363
1924	1925	PC	1208.65688555362
1924	1926	PC	504.033282774418
1924	1927	PC	340.372033832792
1924	1928	PC	563.172436615149
1924	1929	PC	4211.65025657121
1924	1931	PC	3922.54149582846
1924	1933	PC	7385.66545353396
1924	1938	PC	1776.16917786429
1924	1939	PC	2480.88159393535
1924	1940	PC	103.498285948072
1924	1973	PC	77.6010103277998
1924	2022	PC	123.048538860541
1971	3001	PC	24.1750823185476
1972	826	PC	.964807159181502
1972	1933	PC	15181.9794017498
2011	5101	PC	45.6434750462836
2011	5880	PC	22.7742910833847
2012	58	PC	185.223309381168
2012	62	PC	28.4678638542309
2012	3001	PC	56.8408348289477
2012	4004	PC	18.9121508871607
2012	5404	PC	68.5563097337589
2012	5930	PC	26.1904347458925
3001	101	PC	3.53802295988227
3001	106	PC	381.478726614844
3001	123	PC	2372.52050962413
3001	230	PC	10141.0688676769
3001	302	PC	2.53936318363044
3001	626	PC	13.4618061872906
3001	627	PC	9224.72865542164
3001	704	PC	1087.96168638265
3001	1129	PC	19.3421707115007
3001	1271	PC	730.788038199232
3001	1273	PC	2.3679038547852
3001	1672	PC	2.10088808585289
3001	1677	PC	5.01399451203999
3001	1859	PC	1.59230525619037
3001	1871	PC	189.284890558561
3001	1925	PC	1.1779739457432
3001	1933	PC	32.0371564969886
3001	1938	PC	14.6154893729401
3001	1940	PC	1.50641386808227
3001	1941	PC	1.79647536524563
3001	1971	PC	3.72880529455297
3001	1972	PC	44.6275094060106
3001	1974	PC	2.4777615796983
3001	2002	PC	20.7753056282102
3001	2003	PC	6.01835113971061
3001	2004	PC	.838464682750074
3001	2011	PC	21.9105463276334
3001	2012	PC	22.6178608424925
3001	2018	PC	5.33303345470997
3001	2020	PC	14.6497128126797
3001	2021	PC	148.345737305559
3001	2022	PC	8.06788986881174
3001	2023	PC	2.07833141956621
3001	2025	PC	32.0325559520417
3001	2027	PC	4.3495857349833
3001	2028	PC	2.28604733437639
3001	2030	PC	56.706803155644
4001	104	PC	3.64145848402528
4001	105	PC	3430.63836308124
4001	119	PC	332.715863635754
4001	213	PC	8.11263356077094
4001	214	PC	5.42818522588458
4001	217	PC	20.2329123288613
4001	219	PC	8.42324217556184
4001	220	PC	14.148191345411
4001	226	PC	22.1166794710184
4001	230	PC	118.125152556152
4001	235	PC	130.909228276966
4001	237	PC	2124.38254031407
4001	301	PC	1.89009418781584
4001	302	PC	3328.98489874029
4001	303	PC	32.5003218571591
4001	304	PC	74.2122477882705
4001	305	PC	19.648002006676
4001	306	PC	4089.05926357394
4001	307	PC	5.58050709735958
4001	309	PC	57.7689092942696
4001	311	PC	22.6186080541931
4001	312	PC	50.9475770049088
4001	403	PC	82.3454348096466
4001	417	PC	5.75829666607499
4001	502	PC	1.75680972953544
4001	529	PC	100.462923294366
4001	602	PC	74.4956045607116
4001	623	PC	5.12986868104077
4001	625	PC	54.0651972326823
4001	626	PC	46.5066443106337
4001	627	PC	250822.386989838
4001	628	PC	220.556334263466
4001	702	PC	308.241345159256
4001	704	PC	14296.542664164
4001	706	PC	2.65309613289767
4001	709	PC	43.3273657556509
4001	805	PC	3174.24552274321
4001	806	PC	52.9491876362425
4001	819	PC	1.73909068167112
4001	821	PC	3.58500766114909
4001	901	PC	1.20278560528884
4001	904	PC	.906286057890098
4001	906	PC	3.25307551573698
4001	1002	PC	2.50206760723207
4001	1072	PC	291.535584049103
4001	1075	PC	2581.77151747532
4001	1101	PC	3.54077904349929
4001	1102	PC	2031.39315162772
4001	1106	PC	3.43992916080769
4001	1119	PC	3.98852258228307
4001	1120	PC	4398.89988896165
4001	1121	PC	78.8693348910272
4001	1129	PC	1.03521477047468
4001	1149	PC	129.524896779223
4001	1154	PC	.820619431216269
4001	1172	PC	84.7554368423244
4001	1173	PC	13.0327032393168
4001	1231	PC	53.8018032387347
4001	1271	PC	513.818906852646
4001	1272	PC	8.41831205947281
4001	1274	PC	9.47323838271502
4001	1275	PC	6.5421661676759
4001	1277	PC	74.3025183548842
4001	1504	PC	56.2397771151833
4001	1535	PC	3.48097398885045
4001	1571	PC	1.03573150742115
4001	1624	PC	108.451895790355
4001	1634	PC	11.0340766517976
4001	1671	PC	3.19259957332288
4001	1674	PC	60.7381751963542
4001	1714	PC	134.418666499211
4001	1866	PC	1.8891835995226
4001	1931	PC	12.3237326031389
4001	2003	PC	92.6936050979109
4002	119	PC	53.3756079366227
4002	230	PC	254.805096132453
4002	237	PC	142.636118339625
4002	529	PC	550.224476755613
4002	1119	PC	104.890408433024
4002	1122	PC	3.25616053657768
4002	1149	PC	4.24474258426107
4002	1172	PC	8.07080041340727
4002	1221	PC	8.80776720820711
4002	1223	PC	8.32531117388553
4003	304	PC	6.92553595535576
4003	306	PC	1.65924298930398
4003	309	PC	20.7124825331473
4003	311	PC	6.41253329199607
4003	626	PC	1.61385179527945
4003	1072	PC	1.97917703126814
4003	1102	PC	283.90354214775
4003	1172	PC	1.98536275544122
4004	233	PC	35.050652055342
4004	237	PC	177.868702165557
4004	627	PC	30.9682404628667
4004	904	PC	100.087067424926
4004	1072	PC	8.75013816926791
4004	1120	PC	8.61599808269926
4004	1172	PC	17.7479397834897
4004	1173	PC	2.70731284832894
4004	1251	PC	1.4781260225841
4004	1931	PC	224.280307214294
4005	220	PC	11.5136071264713
4005	301	PC	1.10455885954632
4005	302	PC	1.82276258824988
4005	304	PC	91.378599410944
4005	517	PC	1.38619531481929
4005	626	PC	2.34742079313374
4005	627	PC	313.156463906122
4005	1124	PC	33.2640657690156
4005	1129	PC	4.77651727429547
4005	1231	PC	6.03864414595535
4005	1805	PC	1.48347915178152
5101	105	PC	22.4554882118245
5101	106	PC	2.40513517739465
5101	123	PC	42.051575062024
5101	124	PC	1.74725890476138
5101	138	PC	41.1994985335871
5101	214	PC	2.81951333928335
5101	217	PC	2.1295057653454
5101	219	PC	1.32796391302017
5101	220	PC	202771.861430655
5101	226	PC	1515.63189375176
5101	230	PC	59.7102937055341
5101	231	PC	1.43048464315504
5101	235	PC	5.62040325644395
5101	301	PC	52.9530967919806
5101	302	PC	358.248997423945
5101	304	PC	1.60313332299902
5101	305	PC	100.282401886881
5101	306	PC	72.4279603997726
5101	415	PC	1.10018421136878
5101	418	PC	559.824602337577
5101	419	PC	65.5883107344001
5101	534	PC	10.189867226457
5101	602	PC	155154.113462342
5101	626	PC	200.406159753808
5101	627	PC	173.41672308234
5101	713	PC	5.52912490433765
5101	806	PC	376.765560204225
5101	904	PC	1.1508394385906
5101	1004	PC	3.28882411458049
5101	1018	PC	1.42925913489185
5101	1121	PC	11.5198533494386
5101	1124	PC	4477.44604771275
5101	1172	PC	40.4998961483074
5101	1273	PC	81.6999863261734
5101	1277	PC	75.3671824595717
5101	1432	PC	.826971550943874
5101	1511	PC	3.61052993110929
5101	1535	PC	173.30521930821
5101	1620	PC	15.6756997150998
5101	1931	PC	7.32448258488441
5101	1973	PC	38.254136703112
5102	219	PC	3.11504482627184
5102	226	PC	1008.23332126002
5102	230	PC	102.364799580179
5102	304	PC	36.0704997674779
5102	305	PC	91.9076334075337
5102	602	PC	33.4245583210337
5102	626	PC	2.04421227402063
5102	627	PC	.887346450312729
5102	904	PC	3.61075873857801
5102	1121	PC	23.612632790662
5102	1124	PC	6940.73212307049
5102	1172	PC	19.7588716047207
5102	1277	PC	18.1479786869144
5103	226	PC	20.4897053490124
5103	306	PC	2.04399498682375
5103	418	PC	147.470338751292
5103	612	PC	1.28349002732035
5103	720	PC	33.2509591828595
5103	1124	PC	1.73250342546956
5104	220	PC	22915.3680255966
5104	302	PC	4.84787516874903
5104	306	PC	1.73138398883894
5104	819	PC	41.0763361816572
5106	105	PC	322.425531568399
5106	214	PC	.874795592494789
5106	220	PC	27195.4024752407
5106	226	PC	1830.06243785887
5106	233	PC	1.49053782982818
5106	304	PC	1.05646485985635
5106	305	PC	56.1769979045316
5106	306	PC	56.5841937685733
5106	529	PC	32.7434957583128
5106	602	PC	15791.657948207
5106	704	PC	45.4965644062945
5106	1120	PC	1.78661336242852
5106	1121	PC	12.0882917694862
5106	1124	PC	2544.75878144388
5106	1172	PC	58.5862500378382
5106	1173	PC	5.40259319510975
5106	1246	PC	132.231633590659
5106	1271	PC	5.03930189794931
5106	1272	PC	2.51721650361333
5106	1273	PC	80.9534230820328
5106	1276	PC	20.2870446777347
5106	1277	PC	470.00700516661
5201	211	PC	37.9370900592065
5201	219	PC	2.43277135580831
5201	226	PC	6423.94208118124
5201	230	PC	433.730095638185
5201	302	PC	15.2810668348266
5201	309	PC	9.82720726998398
5201	418	PC	5210.15754684952
5201	602	PC	650.657281236631
5201	928	PC	492.683465686929
5201	1121	PC	7.47945289536332
5201	1134	PC	9.51449155703775
5201	1228	PC	20.6799272971273
5201	1273	PC	4.28462383593758
5203	302	PC	2.16422998604867
5203	306	PC	10.6063300649615
5203	806	PC	6.6486901464219
5402	305	PC	36.5754867642226
5402	501	PC	3.2312131051792
5402	806	PC	14.1764526193358
5403	105	PC	2245.03703462441
5403	211	PC	747.037304676407
5403	214	PC	1.24016680552779
5403	230	PC	117.377964238048
5403	231	PC	6.54628565511628
5403	233	PC	1.48168665506673
5403	301	PC	34.7046301762827
5403	302	PC	138.640572906278
5403	304	PC	38.9882024153361
5403	305	PC	120.049035759458
5403	306	PC	29.0167131462822
5403	403	PC	168.760987554429
5403	418	PC	147.775126414848
5403	805	PC	6.21691653103188
5403	1002	PC	26.0808742109783
5403	1074	PC	3.47408734211961
5403	1102	PC	811.187735335209
5403	1124	PC	49.3925176578536
5403	1224	PC	13.0247646088919
5403	1246	PC	26.9637743885405
5403	1271	PC	1.95404814335941
5403	1272	PC	70.1120264062513
5403	1274	PC	1.78525993164066
5403	1277	PC	219.830416127934
5403	1441	PC	70.5246987709375
5403	1504	PC	32.7347743903012
5403	1677	PC	3.18884798745529
5403	2012	PC	35.6021883631827
5404	213	PC	.951429276237011
5404	231	PC	4.36419043674418
5404	233	PC	2.68544642262393
5404	305	PC	1490.00661692827
5404	418	PC	90.8267237396672
5404	1526	PC	3.34359514965465
5404	1721	PC	1.29396368088804
5501	101	PC	765.839360287595
5501	211	PC	6214.93301985705
5501	304	PC	41.6958945978815
5501	305	PC	555.157054087945
5501	306	PC	78.425282161112
5501	307	PC	87.7410899010593
5501	309	PC	48.5300519538263
5501	501	PC	1.63455794910092
5501	709	PC	40.5534269030139
5501	1002	PC	3.4350419692508
5501	1072	PC	7.16574379051336
5501	1504	PC	36.7529284042407
5501	1674	PC	2.9093548403195
5605	106	PC	259.864230144969
5605	219	PC	1266.10567113241
5605	220	PC	12.1908781339108
5605	231	PC	27.7077601728403
5605	301	PC	1.84520645477187
5605	302	PC	2368.80582939658
5605	304	PC	3.270391978918
5605	305	PC	4.21944690613342
5605	308	PC	7.93550994884514
5605	309	PC	32.9988963206118
5605	502	PC	54.3225865627626
5605	602	PC	3.82254513936974
5605	604	PC	3.8519098540372
5605	626	PC	3.93192982849902
5605	627	PC	30.2240144077657
5605	704	PC	1.43013097674198
5605	720	PC	39.1371930118403
5605	806	PC	1.65007521101155
5605	926	PC	40.2343891015384
5605	1074	PC	2.11428042790612
5605	1121	PC	5.23561702675432
5605	1124	PC	309.540612017229
5605	1130	PC	951.082681148702
5605	1172	PC	12.1783956293997
5605	1173	PC	12.2821759552523
5605	1273	PC	46.8549583876962
5605	1277	PC	1.83070291171878
5605	1535	PC	11.0629843985679
5605	1721	PC	2.74950166267004
5700	135	PC	20.791901254144
5700	211	PC	188.403065052582
5700	220	PC	249.921467632765
5700	301	PC	78.5022325606159
5700	305	PC	668.936235421154
5700	306	PC	26.7691202274376
5700	307	PC	40.3540720065313
5700	309	PC	39.4691424122358
5700	521	PC	19.5119534257044
5700	602	PC	314.280297171618
5700	624	PC	1.91334840278565
5700	626	PC	12.6157566097653
5700	706	PC	4.96834481816044
5700	1172	PC	2.806580986101
5700	1551	PC	38.3139996400049
5700	1804	PC	1.30078759991711
5710	105	PC	7326.05398289593
5710	106	PC	18110.7522173097
5710	219	PC	45.7287848836148
5710	305	PC	352.049680863907
5710	306	PC	5.95083089497236
5710	309	PC	587.03536021578
5710	612	PC	3.7976204926008
5710	904	PC	1.79818662279781
5710	1121	PC	12.9992891321414
5710	1273	PC	675.152846875013
5710	1277	PC	1034.51268740568
5710	1677	PC	24120.4911961422
5710	1804	PC	2.21977406129199
5720	301	PC	22.3653129891593
5720	302	PC	3.31848597860797
5720	709	PC	312.360456397944
5720	806	PC	108.788829601061
5720	1149	PC	34.2317950343636
5720	1227	PC	570.279673400878
5720	1246	PC	116.518173068423
5720	1277	PC	350.973987742682
5720	1504	PC	465.187202174437
5730	304	PC	1.92375998759882
5730	1017	PC	72.1452195514094
5730	1120	PC	8.89171002134563
5730	1515	PC	1.12323515913724
5740	306	PC	2.00391665374877
5740	602	PC	3.55000535795215
5750	128	PC	5.81077693618119
5750	305	PC	15.0758657694828
5750	403	PC	2.12723933892138
5750	628	PC	1.6236479259678
5760	230	PC	3.60408482849923
5760	502	PC	85.5255022273922
5760	627	PC	429.499786438976
5760	1620	PC	233.488625156429
5770	106	PC	44.974003860609
5770	136	PC	2.04614494708865
5770	213	PC	10.8293039405977
5770	220	PC	9.22781747636306
5770	301	PC	28.4556164832326
5770	402	PC	.9388097353453
5770	806	PC	7.30678465873149
5790	301	PC	223.449531959572
5790	302	PC	11.1065076617372
5790	306	PC	405.267294654183
5790	901	PC	34.2963988400998
5790	904	PC	27.3324366665267
5790	1172	PC	77.0335789738129
5790	1173	PC	38.0918917759882
5790	2012	PC	52.4414251028612
5800	101	PC	1.96129533645647
5800	136	PC	2.67543814444372
5800	211	PC	61.8553395999015
5800	214	PC	15.0862952478143
5800	219	PC	1.28040597674121
5800	227	PC	6.08706918869251
5800	233	PC	6.30203643015241
5800	235	PC	3.01093031595211
5800	302	PC	243.227387765411
5800	306	PC	53.0444753913915
5800	415	PC	8.24275945194791
5800	602	PC	38.1346047998915
5800	626	PC	8.8419516541371
5800	716	PC	10.8691893684778
5800	904	PC	1.79818662279781
5800	1101	PC	5.67644838404185
5800	1219	PC	2.09951247590656
5800	1221	PC	.923592255860607
5800	1273	PC	7.10858045507825
5800	1275	PC	6.49185429687512
5800	1503	PC	9.72308749687329
5800	1504	PC	166.787741602865
5800	1514	PC	5.93233529183929
5800	1525	PC	.936502123251991
5800	1620	PC	14.6429477338697
5800	1648	PC	44.6617221981336
5800	1653	PC	8.9182365797856
5800	1657	PC	1.13926183434306
5800	1804	PC	7.8727986707156
5800	1818	PC	5.10981920451823
5800	1820	PC	3.93856357785108
5800	1833	PC	39.3813595484218
5800	1871	PC	5.78356093686122
5800	2004	PC	.889590578039713
5810	216	PC	6.13421842096495
5810	217	PC	3.05258132567063
5810	220	PC	12.5295136376306
5810	231	PC	141.593734169922
5810	305	PC	15.3900799007906
5810	502	PC	5.57214514527908
5810	627	PC	1.95698308821093
5810	906	PC	1.47393352886939
5810	1071	PC	1.22821269670895
5810	1271	PC	1.39737163740237
5810	1438	PC	2.59587727536783
5810	1504	PC	6.7709489904874
5810	1515	PC	1.18860863400766
5810	1662	PC	13.3273712894385
5810	1671	PC	8.34727855539766
5810	1672	PC	4.1267444543539
5810	1677	PC	58.1233198466409
5810	1833	PC	9.82409464142302
5810	1870	PC	14.8287717210767
5810	1871	PC	8.90546515922432
5820	119	PC	10.8728090241268
5820	124	PC	1.60446180418859
5820	217	PC	6.32072078595582
5820	219	PC	2.76384775836568
5820	220	PC	.998974735973248
5820	301	PC	2.40469998449853
5820	302	PC	1.01478339345838
5820	304	PC	1.08371812634734
5820	305	PC	586.538388885651
5820	306	PC	1.37228212448716
5820	309	PC	.993942660259391
5820	502	PC	180.426142090307
5820	602	PC	27.5628565606986
5820	627	PC	29.1378059346324
5820	704	PC	33.4533561810989
5820	709	PC	2.79342788438862
5820	906	PC	3.27540784193197
5820	919	PC	1.03887969023146
5820	1173	PC	4.06096927249341
5820	1272	PC	5.28436939765635
5820	1277	PC	2.9213344335938
5820	1502	PC	2.19390925126158
5820	1514	PC	1.05934558782845
5820	1535	PC	5.35305696704896
5820	1657	PC	1.73052430533123
5820	1818	PC	1.02268151214024
5820	1865	PC	9.31264501831354
5820	1920	PC	11.8015287278386
5820	1971	PC	9.73034000442529
5820	1972	PC	1.50125245782562
5820	2004	PC	2.75057316658256
5820	2019	PC	2.35448488119572
5831	806	PC	261.115127526289
5831	1216	PC	868.047772750045
5831	1648	PC	196.003152342789
5831	1867	PC	4.03259053222129
5840	101	PC	3.82484637918432
5840	105	PC	2.04714623218031
5840	106	PC	3.23833067363095
5840	213	PC	1.66500123341477
5840	214	PC	31.7977721277934
5840	215	PC	1.99303068472726
5840	219	PC	5.73438962440529
5840	220	PC	8647.53844989898
5840	221	PC	7.61103387110572
5840	226	PC	5.4262129115964
5840	228	PC	1.14513803512699
5840	231	PC	2.51668315185581
5840	235	PC	12.1119690176367
5840	302	PC	2.56180705015243
5840	304	PC	6.09190662739627
5840	305	PC	13.3140222475068
5840	307	PC	13.4663199131918
5840	308	PC	14.668669905441
5840	310	PC	1.70573385567096
5840	312	PC	38.4751997519764
5840	402	PC	55.3562952863411
5840	502	PC	40.4546240451495
5840	536	PC	5.33861803178732
5840	602	PC	2801.25891292347
5840	612	PC	.943742667147317
5840	619	PC	9.29086318057806
5840	623	PC	91.1803556886075
5840	624	PC	2.85280246855341
5840	626	PC	7.81984551712678
5840	706	PC	4.67024412907081
5840	805	PC	1.62560854478093
5840	806	PC	4.15180214383551
5840	906	PC	27.5774452073208
5840	911	PC	.938813348452723
5840	937	PC	3.74416715639393
5840	1004	PC	6.0426626066184
5840	1037	PC	1.25566747978659
5840	1102	PC	2.97170289064862
5840	1149	PC	3.72989638694425
5840	1172	PC	17.9735491875171
5840	1173	PC	1.72967209754349
5840	1244	PC	4.70667726871306
5840	1247	PC	1.18020682310767
5840	1273	PC	4.67251213017587
5840	1277	PC	5.68037250976573
5840	1401	PC	21.5998474325945
5840	1503	PC	1.79588165937986
5840	1515	PC	1.16929374370504
5840	1545	PC	3.75233443631722
5840	1551	PC	1.20624159883575
5840	1674	PC	1.83827707512128
5840	1820	PC	2.25903007696387
5840	1833	PC	42.7542254491758
5840	1853	PC	.881073901217004
5841	105	PC	102.527907128364
5841	220	PC	9020.10692426896
5841	238	PC	48.1219544916974
5841	301	PC	1.32098185815119
5841	302	PC	2.11132658638971
5841	305	PC	7.69503995039528
5841	308	PC	2.95457471428719
5841	919	PC	1.94270502073283
5841	937	PC	1.80719438387657
5841	1149	PC	35.820150323958
5841	1274	PC	3.69548805849616
5841	1449	PC	3.5445674104834
5841	1502	PC	1.2487775226944
5842	304	PC	13.089583582287
5842	626	PC	3.52113118970061
5842	706	PC	10.7813082554082
5842	709	PC	19.0667693969316
5842	805	PC	71.7171210690888
5842	806	PC	5.13410498206233
5842	1243	PC	3.17700697082543
5842	1504	PC	2.48758083487232
5842	1653	PC	1.48117565573362
5842	1751	PC	4.52568067453474
5842	1865	PC	11.5632008977393
5842	1924	PC	3.75177410834385
5860	231	PC	33.2260365250791
5860	304	PC	260.871473118338
5860	521	PC	40.7910039271984
5860	1516	PC	5.04003440563378
5870	627	PC	494.758167064097
5880	106	PC	22.0004090139802
5880	220	PC	190.721208872479
5880	231	PC	20.9367995285731
5880	301	PC	10.1718809344288
5880	302	PC	21.8410883925386
5880	305	PC	231.516498840903
5880	306	PC	271.086638652488
5880	307	PC	74.8711355840231
5880	308	PC	6.04862202767529
5880	309	PC	372.851938863143
5880	418	PC	29.9969673951258
5880	425	PC	5.50792340916227
5880	502	PC	22.9962416431306
5880	602	PC	2079.58195756913
5880	612	PC	1099.04496045308
5880	621	PC	4.41527010905235
5880	626	PC	970.060231689219
5880	627	PC	99.7051999568711
5880	704	PC	2.76826522398594
5880	706	PC	71.1301366466636
5880	709	PC	117.947620160372
5880	805	PC	76.5801313333626
5880	806	PC	1875.4870982683
5880	1072	PC	2.80734330676332
5880	1074	PC	29.3227008391428
5880	1121	PC	89.1550785127308
5880	1127	PC	355.051930449982
5880	1149	PC	4.55419801137173
5880	1172	PC	219.769128588488
5880	1173	PC	35.7756352279734
5880	1272	PC	84.2350554291031
5880	1273	PC	14.4606054462893
5880	1274	PC	25.3831503007817
5880	1277	PC	22.3157491455082
5880	1503	PC	26.6285504250741
5880	1504	PC	1.29571487288468
5880	1551	PC	15.7477032418664
5880	1634	PC	74.2484380131146
5880	1671	PC	1.70134419095409
5880	1674	PC	13.7270526895281
5880	1721	PC	13.6927373638946
5880	1804	PC	.855352938284515
5880	1841	PC	104.199830343379
5910	220	PC	13.7147379006497
5910	226	PC	5.22665436694411
5910	230	PC	37.6809613423774
5920	1216	PC	25.9957660335963
6000	101	PC	39.0977174914526
6010	1277	PC	70.6800636572278
6020	104	PC	3671.29485017188
6020	105	PC	66562.2500619823
6020	106	PC	58064.6756280893
6020	124	PC	3086.39246485311
6020	125	PC	1029.32081875476
6020	211	PC	122.339216082298
6020	213	PC	536.334274861607
6020	217	PC	13.1073252822076
6020	219	PC	14837.0554525567
6020	220	PC	2266.85315274027
6020	221	PC	121.998254663502
6020	228	PC	13.0373965299208
6020	231	PC	1391.90843242788
6020	236	PC	759.929049023716
6020	238	PC	27.015199366775
6020	301	PC	1700.37458097217
6020	302	PC	42.37401999351
6020	305	PC	714.373843194915
6020	306	PC	4349.70309176041
6020	307	PC	13.3380692473518
6020	309	PC	37027.9775571724
6020	311	PC	6.76201635640986
6020	502	PC	167.568928027547
6020	521	PC	1271.29396767824
6020	602	PC	1.70372304383609
6020	605	PC	86.1326462639611
6020	612	PC	2066.51960987026
6020	626	PC	6792.24250309254
6020	706	PC	12835.2981845229
6020	709	PC	5381.62002357364
6020	720	PC	329.038905552305
6020	722	PC	63.8938223307336
6020	723	PC	1.96835438966135
6020	805	PC	61.4169951621199
6020	806	PC	272.810821910497
6020	906	PC	5.2882948429738
6020	1002	PC	76.3342659833512
6020	1018	PC	66.4605497724713
6020	1072	PC	2513.56886642707
6020	1073	PC	42.6365264714679
6020	1074	PC	7174.29741465117
6020	1102	PC	170.71737086751
6020	1106	PC	817.67219764723
6020	1119	PC	1.3842439720751
6020	1121	PC	20.0449337595737
6020	1124	PC	39.1488024041939
6020	1127	PC	12.8445553174495
6020	1146	PC	29.6754366391853
6020	1149	PC	604.177489638502
6020	1172	PC	197.032212850606
6020	1173	PC	1057.57717075775
6020	1216	PC	32.4208559339453
6020	1221	PC	60.3087393561959
6020	1244	PC	29.6968922906895
6020	1245	PC	162.036340067799
6020	1246	PC	.770393553958301
6020	1271	PC	42.1970529296883
6020	1272	PC	404.325669317976
6020	1273	PC	8171.66541620806
6020	1275	PC	302.101685632232
6020	1277	PC	30417.3609619987
6020	1432	PC	890.123779048863
6020	1502	PC	5.78568337458633
6020	1503	PC	28.2045517017991
6020	1504	PC	450.554091791267
6020	1516	PC	.929154324905081
6020	1520	PC	591.915950299811
6020	1551	PC	1517.6629830283
6020	1671	PC	23.8600861179007
6020	1674	PC	1681.46078585583
6020	1675	PC	98.0570756142501
6020	1677	PC	63857.675119047
6020	1804	PC	71.1215609237955
6020	1805	PC	557.540914544553
6020	1901	PC	32.1366717882358
6020	1931	PC	172.648518072275
6030	309	PC	118.968523899757
6030	1504	PC	1.25737065963039
6030	1671	PC	2.76491878441711
6040	106	PC	30.6477638909104
6040	309	PC	113.514664334914
6040	521	PC	81.3711260605093
6040	706	PC	41.6148561969118
6040	1274	PC	86.0819879765641
6040	1277	PC	164.341291525394
