50	106	PC	20.8928274373481
50	213	PC	17.4430331001897
50	301	PC	5.73163495641752
50	706	PC	1.19923507511449
50	805	PC	33.7003561232786
50	1034	PC	1950.23916203417
50	1853	PC	78.5298006759191
51	301	PC	161.871860435818
51	423	PC	502.558869387851
51	1805	PC	55.0373927267594
51	2030	PC	.69082301471364
52	106	PC	1742.02936978994
52	124	PC	9918.78149574453
52	125	PC	407.249025481247
52	213	PC	9.90971446353284
52	220	PC	106.64659699965
52	229	PC	235.184301615607
52	231	PC	4.43684934915443
52	233	PC	311.975402169248
52	237	PC	33.9097289789535
52	301	PC	1156.02110379044
52	417	PC	1245.48903361224
52	427	PC	125.960250473432
52	605	PC	29.5636118316959
52	626	PC	1.28620771215258
52	627	PC	35.3625948571126
52	904	PC	3.0572741989907
52	1003	PC	36.7593105312599
52	1102	PC	7.54787178636398
52	1173	PC	146.312184356253
52	1251	PC	78.194334833446
52	1271	PC	37.6783434100256
52	1416	PC	190.951153584991
52	1548	PC	299.199669633342
52	1804	PC	100.463912330614
54	301	PC	66.9633328779177
55	1130	PC	22.3125104496124
56	105	PC	1.33274179825971
56	124	PC	43.8261308571517
56	904	PC	97.7235860034529
57	418	PC	47.409621771271
58	101	PC	117.582098835011
58	104	PC	198.883071404475
58	105	PC	42.3621500161121
58	106	PC	139.913802768916
58	124	PC	1221.48067112737
58	136	PC	45.5678685596612
58	213	PC	18.7809818788876
58	217	PC	42.8221116717362
58	219	PC	91.716007309078
58	220	PC	269.953815667092
58	230	PC	148.981846408385
58	231	PC	19.9228386006434
58	235	PC	2986.12831556922
58	237	PC	56.8002160451483
58	301	PC	1445.36293051506
58	402	PC	410.442381928621
58	403	PC	2.43657992167851
58	412	PC	205.074876482218
58	425	PC	4.63670288278819
58	427	PC	949.322847289803
58	434	PC	536.72210682299
58	501	PC	6.73660050805663
58	513	PC	6.08143505581685
58	517	PC	5.88430335441836
58	602	PC	280.13730711175
58	605	PC	3.26106007457115
58	617	PC	6.21908509392719
58	625	PC	1.78594206431421
58	626	PC	137.480777479852
58	701	PC	2.35818160312873
58	704	PC	36.0165320119804
58	706	PC	2265.74646521089
58	709	PC	226.378904540854
58	716	PC	2.57607293849645
58	722	PC	12.1257107116966
58	728	PC	1618.40936575361
58	805	PC	1721.70471108848
58	806	PC	62.4009183774333
58	819	PC	4249.89790458032
58	904	PC	16.5966313659495
58	906	PC	80.4792809231278
58	1002	PC	943.727073127673
58	1032	PC	.792572937084311
58	1034	PC	22.5301277735627
58	1101	PC	2.81119413721159
58	1102	PC	75.2774412826701
58	1106	PC	28.3698387751859
58	1121	PC	5.45432806304766
58	1149	PC	55.6185335835883
58	1173	PC	17.0247073183729
58	1221	PC	3.343201942219
58	1253	PC	193.916085772245
58	1271	PC	1936.79621358769
58	1273	PC	36.5165944882165
58	1274	PC	14.8904813156421
58	1277	PC	41.4461777510282
58	1416	PC	91.9907740243061
58	1420	PC	4.50746831271354
58	1432	PC	23.1363376803695
58	1502	PC	1204.10999128006
58	1504	PC	7.49684192860932
58	1516	PC	1.74743000747633
58	1534	PC	3.57697254904763
58	1545	PC	6.83484616841809
58	1548	PC	136.098555591921
58	1551	PC	339.829149308434
58	1560	PC	11.2621802406251
58	1622	PC	90.5112081903201
58	1634	PC	3.34745077747087
58	1663	PC	2.07106748934822
58	1677	PC	238.329402225333
58	1702	PC	10.2182789206902
58	1703	PC	6.52092826944369
58	1717	PC	15.244451597652
58	1719	PC	2727.23951716403
58	1804	PC	1727.18655992064
58	1805	PC	2.59287272401622
58	1833	PC	1.95598485613049
58	1841	PC	3.4320705667322
58	1901	PC	29.7598569264129
58	1971	PC	2.8381291907817
58	2003	PC	156.972361494391
58	2012	PC	6.03910001781137
58	2101	PC	38.8509332876649
59	106	PC	2759.67784609741
59	233	PC	35.0122031079212
59	301	PC	2.06764229610592
59	403	PC	1634.44188981951
59	529	PC	2.72769283750642
59	821	PC	.74325043888196
59	1034	PC	7.28407402372251
59	1102	PC	.596491534227931
59	1119	PC	5.78069603422614
59	1142	PC	.397291430977053
59	1173	PC	87.9514355657118
59	1271	PC	206.527559678154
59	1416	PC	3.59985878754936
59	1502	PC	71.6817473080165
59	1804	PC	10.6824930045133
59	1833	PC	13.8316071969228
59	1922	PC	12.3121619050697
60	301	PC	.865243649334797
60	914	PC	627.900723337392
60	1871	PC	148.488895631237
62	211	PC	219.892772793698
62	301	PC	3082.72536032287
62	428	PC	5.1618553969803
62	517	PC	54.5898590796101
62	520	PC	7.45369471088487
62	1271	PC	66.7396496821784
62	1634	PC	13.7502624871557
62	1718	PC	69.2278109648173
62	1721	PC	853.972381222221
101	105	PC	194492.706524461
101	106	PC	76915.8166909579
101	1037	PC	2475.77561867915
101	1401	PC	2585.71635545066
101	2012	PC	1.19496374582809
101	4001	PC	152677.342262522
101	5101	PC	19120.730418597
101	5831	PC	21293.239413321
101	5840	PC	37444.544795382
104	56	PC	2.31734736558687
104	1273	PC	625.638663642967
104	1277	PC	34.993772636842
104	1401	PC	725.002244358409
104	1671	PC	965.379843786635
104	1675	PC	9.86479545169425
104	2002	PC	2.25099968312527
105	58	PC	29.3858792152942
105	105	PC	26368.6259029163
105	106	PC	15057.7699491776
105	136	PC	14261.9544428804
105	215	PC	14896.9976845468
105	306	PC	10849.5181459808
105	1263	PC	.724860626653415
105	1271	PC	8.53365287118737
105	1401	PC	1289.30031381887
105	1504	PC	7.16929802335437
105	1833	PC	33703.2514520619
105	1901	PC	105.997948725586
105	5831	PC	6.2218948107767
105	6020	PC	26.4472912937647
106	50	PC	6.44228890489141
106	105	PC	162058.099832899
106	106	PC	223273.32766819
106	111	PC	81802.4257271585
106	135	PC	49723.5283221355
106	306	PC	22678.9189947439
106	516	PC	7356.19388367273
106	701	PC	1144.50588690818
106	914	PC	47506.235638191
106	1037	PC	32.0016340503334
106	1531	PC	642.523417163827
106	1804	PC	2.98517245379965
106	1833	PC	22994.5279122517
106	1901	PC	597.475104316552
106	1928	PC	16.5441550103699
106	1931	PC	28.6419500252103
106	1939	PC	9.06189838031477
106	1973	PC	8.71462235766851
106	1974	PC	3.61583833106935
106	2004	PC	4.43223242615903
106	2012	PC	2.78734732681545
106	2023	PC	11.6325824480609
106	6020	PC	6.61182282344117
119	125	PC	129246.015185042
123	106	PC	87.168551701612
123	211	PC	43336.0937292649
123	306	PC	136446.100851165
124	60	PC	24.6439846034685
124	122	PC	27182.9606574035
124	124	PC	63739.8922871805
125	52	PC	16.0509785740199
125	119	PC	16881.0110131155
125	125	PC	88494.1544550041
125	128	PC	7066.75107060327
125	138	PC	21196.2091578618
125	217	PC	7943.85691453372
125	235	PC	45683.6721734874
125	301	PC	13571.7195573183
125	306	PC	33169.8880023813
127	128	PC	125396.14377677
128	125	PC	3007.37883465643
128	217	PC	5426.34172344456
128	402	PC	2849.50796414278
128	1002	PC	4444.33926656587
135	106	PC	24562.4784054014
135	111	PC	23974.007604791
135	415	PC	3.84697174481683
135	519	PC	14.422815818354
135	605	PC	5.04582695718817
135	814	PC	15.5509571663635
135	1071	PC	2.83189809340932
135	1072	PC	3.8497378514198
135	1102	PC	2.46509688370633
135	1119	PC	1.23286880287446
135	1246	PC	18.7021569515446
135	1271	PC	1.49973311300751
135	1273	PC	2.01339170421259
135	1274	PC	73.7191312143654
135	1504	PC	1.18888360859407
135	1677	PC	6.74730087128216
135	1804	PC	6.893012688377
135	1805	PC	1.29258375114336
135	1833	PC	.918486267255498
136	135	PC	112979.988845285
137	306	PC	12809.3695784199
211	123	PC	40253.3539165742
211	211	PC	2135.08995332937
211	1271	PC	19718.8644774661
213	211	PC	230257.63809526
213	213	PC	1131668.05092356
213	229	PC	24567.7049283139
213	236	PC	130938.266330192
213	306	PC	69292.2166433425
213	311	PC	1155605.07047691
214	137	PC	13653.9550168661
214	214	PC	296867.656161145
214	216	PC	33423.5600889407
214	217	PC	46426.2080912247
214	303	PC	23916.9973804625
215	229	PC	28510.9046051158
216	216	PC	97077.4090879268
216	306	PC	79498.4751912526
219	219	PC	6041877.6044292
219	220	PC	33643.8836768538
219	229	PC	2965.54509847095
219	231	PC	48994.58473772
219	302	PC	18706.3505729521
219	307	PC	36728.9066626686
219	605	PC	537548.250242001
219	624	PC	8114.36469614568
219	625	PC	34132.5340877018
219	626	PC	237068.952869645
219	806	PC	6.1096418772126
219	1102	PC	43.769753152881
219	1931	PC	3.23154669487517
219	6030	PC	56.4285776256682
220	60	PC	6.77142931508019
220	711	PC	136761.689293165
220	4001	PC	13.8374158053664
221	221	PC	106337.561653016
221	236	PC	11670.2042871193
221	301	PC	4.73406049178221
221	402	PC	25689.1170515547
221	806	PC	2.39184094184055
226	219	PC	33438.2323363927
226	238	PC	157791.0062641
226	301	PC	2.36703024589111
226	1271	PC	1177.03529069106
227	227	PC	61932.4213960005
227	1432	PC	14170.3417803342
228	58	PC	1.17601866343481
229	229	PC	449670.59917324
229	301	PC	31015.2799286637
229	302	PC	3894.36780549884
229	306	PC	273590.348655705
229	307	PC	39315.0810341342
229	311	PC	52932.5388334559
230	52	PC	1632.24738257969
230	58	PC	5.0426254810917
230	230	PC	1064663.28411126
230	231	PC	149590.252710233
230	301	PC	128379.671543738
230	306	PC	761430.769906303
230	806	PC	2.39184094184055
230	1271	PC	236.430955887067
230	1411	PC	5.24257383017119
230	3001	PC	3280.94071825526
230	4001	PC	2206.87943565184
230	4002	PC	7.91294961487704
230	4003	PC	1.28782181797276
230	5101	PC	55.5936095441911
230	5201	PC	8.9959068366324
231	227	PC	122594.434148044
231	231	PC	867273.717542162
231	234	PC	362785.748259735
231	236	PC	246040.406038124
231	306	PC	195063.595448321
231	427	PC	2.97390667061882
231	1612	PC	.514392734185168
231	1972	PC	1.00184519249239
233	104	PC	15025.7992778342
233	213	PC	193381.553406034
233	301	PC	2.36703024589111
233	303	PC	18154.9179621551
233	306	PC	374857.600264897
233	427	PC	10.9662808479069
235	104	PC	3.4767726600818
235	123	PC	.951000896405371
235	213	PC	2.61998808737158
235	226	PC	17279.0482618672
235	235	PC	4456327.40108498
235	238	PC	17026.0894238119
235	301	PC	3.23086341312142
235	306	PC	23524.8591250972
235	309	PC	264223.554603812
235	311	PC	23543.7627794135
235	542	PC	2.93999038137714
235	702	PC	1.60932139493896
235	906	PC	.772769925242774
235	1074	PC	5.00961374739206
235	1102	PC	2.30612575017343
235	1106	PC	2.08729336144266
235	1120	PC	1.01096450363509
235	1124	PC	.925767935156919
235	1127	PC	2.23317819725569
235	1172	PC	8.41674831693346
235	1173	PC	7.21265958008532
235	1274	PC	2.69559021393762
235	1401	PC	.992072660584514
235	1420	PC	1.24950493110111
235	1430	PC	1.2750857699553
235	1502	PC	6.24797812989011
235	1504	PC	1.38363884192546
235	1520	PC	2.05924534271205
235	1532	PC	3.14216978402738
235	1640	PC	2.0974642449777
235	1703	PC	1.31397213184707
235	1714	PC	4.50259550007694
235	1805	PC	2.32478389643418
235	1813	PC	3.57655256052092
235	1820	PC	1.13462688109139
235	1824	PC	1.72130805187174
235	1833	PC	1.21806427217177
235	1856	PC	2.17203575346833
235	1860	PC	.963700713858422
235	1866	PC	2.14225842525671
235	1901	PC	3.20899964099896
235	1942	PC	2.73937714933697
235	1971	PC	6.55771251495188
235	2002	PC	3.88160367780674
235	2003	PC	1.50592742054248
235	2004	PC	.883121539580601
235	2012	PC	6.84320443036946
235	2015	PC	1.37529537416308
235	2019	PC	1.02027760350597
235	2020	PC	5.11649559360508
235	2023	PC	2.58281657777842
235	2030	PC	3.98833145825113
236	236	PC	35975.1770868364
236	806	PC	2.39645021865556
237	237	PC	534398.155043995
237	417	PC	301332.769344695
237	806	PC	3.11203649109052
301	211	PC	48276.481702233
301	213	PC	187476.33231358
301	214	PC	65833.8958396313
301	228	PC	280928.682340692
301	230	PC	513844.453984103
301	231	PC	1788075.13669327
301	235	PC	61985.1755143648
301	236	PC	469221.064563231
301	301	PC	343219.643196165
301	306	PC	163217.999944559
301	602	PC	356344.956326507
301	605	PC	6801.72076443546
301	1172	PC	.786964332321851
301	1449	PC	2460.54441749505
302	626	PC	16113.2183002089
302	702	PC	185159.979122475
302	1037	PC	563.763001210945
302	1106	PC	21.3638426066092
302	1111	PC	579.508870746606
302	1130	PC	1423.31453768476
302	1159	PC	540.896943004524
302	1271	PC	31.6179746101631
302	1671	PC	19.7428116337588
302	1833	PC	23716.2195121682
303	307	PC	17393.5125987365
303	602	PC	4829.73617803328
303	612	PC	17239.5467242453
305	306	PC	49642.3032184609
305	309	PC	73891.4433629656
305	704	PC	2.21146468413601
305	1072	PC	2.02321755068546
305	1102	PC	1.24980843741989
305	1221	PC	1.4010503253978
305	1272	PC	.744919481815443
305	1677	PC	1.88930014305246
305	1804	PC	1.69582246752062
305	1824	PC	.657902506660234
306	213	PC	231448.377348767
306	228	PC	385183.399236502
306	229	PC	232966.806328965
306	233	PC	48762.7044586738
306	235	PC	252377.557727189
306	236	PC	228834.309818294
306	301	PC	45478.3562298547
306	303	PC	193231.227345248
306	306	PC	3175206.28764163
306	307	PC	103196.415138912
306	308	PC	4915.51847101169
306	309	PC	5977.08584034787
306	311	PC	18138.9609605711
306	428	PC	2.92540270556761
306	605	PC	135261.415826834
306	626	PC	14037.8501829833
306	627	PC	203134.230703182
306	628	PC	54837.8656170393
306	1002	PC	1.02319776022869
306	1102	PC	1.75460859868927
306	1172	PC	8.66375591489229
306	1221	PC	.77018472757717
306	1443	PC	1951.61363710815
306	1805	PC	5.96523429921163
306	1971	PC	92.6503033643834
307	229	PC	18986.6723697461
307	306	PC	526354.48759455
308	306	PC	58733.8781906473
308	311	PC	30912.5674688065
309	104	PC	7.73119213471581
309	213	PC	1.53535448062518
309	231	PC	2.70642955801033
309	235	PC	8.26191918926747
309	306	PC	33847.2834225278
309	309	PC	24998.1014590818
309	720	PC	22.3654725829998
309	805	PC	1.57961740896545
309	806	PC	2.36088983463483
309	906	PC	33.2846098563403
309	911	PC	.805941095470371
309	1017	PC	1.52000483490289
309	1034	PC	5.39548647967373
309	1071	PC	.706217446937376
309	1075	PC	1.55876823873565
309	1101	PC	1.17870901586751
309	1127	PC	5.98344204225093
309	1173	PC	13.2800231079312
309	1504	PC	5.57821183053933
309	1804	PC	6.65427253362273
309	1805	PC	.345983589354274
310	310	PC	181292.206396213
310	1101	PC	.597149577577768
311	213	PC	512258.089445452
311	311	PC	35498.6211507904
402	60	PC	78380.6439366277
402	101	PC	402.111222583646
402	105	PC	294.375678386972
402	106	PC	566.274572248903
402	128	PC	11050.409253102
402	221	PC	60623.2508194915
402	237	PC	5412.50952371639
402	305	PC	.733414331030488
402	402	PC	158721.347816289
402	1520	PC	9.07543776249639
402	1971	PC	1.0017640888002
403	403	PC	23227.5414490146
403	412	PC	268640.556257322
403	602	PC	.662181210561565
412	101	PC	664.396741768859
412	105	PC	591.004187974281
412	106	PC	504.677597087461
412	221	PC	1249.57052796139
412	237	PC	4839.64978530049
412	403	PC	629531.240067257
412	412	PC	714961.218036394
417	237	PC	1266581.39811927
417	306	PC	3.58619825641501
417	417	PC	1899460.4740776
418	50	PC	4.72224246540924
418	51	PC	.863495765103405
418	54	PC	5.90954914242643
418	55	PC	1.07936970637926
418	56	PC	1.02540122106029
418	58	PC	1.07936970637926
418	4001	PC	46.0728959167986
418	5810	PC	18.4604322653903
419	402	PC	124131.549680591
419	419	PC	382640.356648007
419	1173	PC	1.12722969426363
420	60	PC	1.03619491812409
420	309	PC	5615.65498485454
420	420	PC	44861.5341487321
423	101	PC	11372.3012253842
423	111	PC	8900.8111313583
423	301	PC	4941.9035113119
423	402	PC	5.71268715119553
423	420	PC	6387.62481241323
423	423	PC	103.732620822682
425	51	PC	607.685144691521
425	101	PC	549.099593677394
425	105	PC	77.411302082077
425	106	PC	658.071189788438
425	221	PC	670.549681084748
425	237	PC	2559.40261181848
425	427	PC	5680.59798745882
425	538	PC	4145.31672342134
425	619	PC	15900.1307289599
425	631	PC	3677.93584983837
425	1263	PC	3984.61679660694
425	1702	PC	6049.68364641973
427	101	PC	1100.43011782772
427	105	PC	595.630823012533
427	106	PC	1278.39518241278
427	221	PC	1701.92814079696
427	237	PC	6228.98001876232
427	402	PC	1.4835962784584
427	423	PC	98.8402020080644
427	427	PC	117040.949911959
427	1271	PC	8048.53274860135
428	1046	PC	1.07990117180578
429	101	PC	271.793452043693
429	105	PC	108.472588503478
429	106	PC	293.747812801706
429	221	PC	698.986894302471
429	237	PC	1387.85811465791
437	101	PC	620.928223497572
437	105	PC	667.154636838855
437	106	PC	632.672460581129
437	221	PC	923.849694421408
437	237	PC	2495.7846602112
438	101	PC	827.885438269714
438	105	PC	299.676884962565
438	106	PC	652.823584656586
438	221	PC	1058.70077618135
438	237	PC	3054.22132654443
438	438	PC	11748.186904752
441	101	PC	309.186365241217
441	105	PC	145.608562247349
441	106	PC	455.111923321062
441	221	PC	512.268342750284
441	237	PC	1878.70502514312
501	412	PC	5708.52833718753
501	501	PC	30893.2065251549
501	502	PC	327540.395612743
501	522	PC	10939.569062698
502	502	PC	180044.014058021
511	101	PC	341.393117518411
511	105	PC	147.855602273464
511	106	PC	350.241668220011
511	221	PC	254.867983793064
511	237	PC	1112.09366978948
511	511	PC	23752.6763807012
512	101	PC	753.521134503805
512	105	PC	332.372790986279
512	106	PC	375.044759917213
512	221	PC	989.726533648468
512	237	PC	2690.29392911059
515	515	PC	34531.000963245
516	101	PC	1159.40660215553
516	105	PC	915.472253162962
516	106	PC	1410.89032955718
516	221	PC	2844.51721342973
516	237	PC	7875.25399681356
516	516	PC	544804.130414361
517	58	PC	19.3768269528811
517	309	PC	.743826473942583
520	101	PC	702.322310408859
520	105	PC	689.074921866532
520	106	PC	1185.98373067111
520	221	PC	1379.86083969037
520	237	PC	4705.70199094694
520	402	PC	97.386064727527
521	402	PC	54.5513438587708
521	423	PC	11.1100871076082
521	428	PC	3.53404205088575
521	517	PC	2.45841514310452
521	521	PC	3898.88012551366
522	101	PC	328.932776333
522	105	PC	148.472463503375
522	106	PC	361.645208038088
522	221	PC	809.531364331228
522	237	PC	2355.04184140181
522	522	PC	4102.33839851176
528	101	PC	181.049751380582
528	105	PC	48.1718503791409
528	106	PC	267.69122900851
528	221	PC	296.425831930437
528	237	PC	830.605012751369
528	528	PC	1008460.07691223
529	101	PC	235.386270064465
529	105	PC	96.9918909705598
529	106	PC	345.538963299517
529	221	PC	304.821387355829
529	237	PC	1299.49768406546
529	528	PC	315955.47017143
533	101	PC	857.401770426825
533	105	PC	593.602870089582
533	106	PC	795.781167320784
533	221	PC	1102.64028965429
533	237	PC	4015.07787613722
533	533	PC	11192.8978891538
533	534	PC	11194.6733748057
534	402	PC	1.72534084702987
534	423	PC	50.1170191338231
534	533	PC	43716.9015316051
534	534	PC	96037.3427614637
538	402	PC	3.83680006763918
538	423	PC	65.0513686387634
540	540	PC	45686.0898120159
542	101	PC	1413.79657431151
542	105	PC	536.595015762141
542	106	PC	1141.57189488713
542	221	PC	2167.82875561967
542	237	PC	5887.04678021001
542	542	PC	1310444.75882335
543	101	PC	488.712669054435
543	105	PC	43.2382333091824
543	106	PC	224.198589671953
543	221	PC	455.607043532141
543	237	PC	1196.5651424114
544	50	PC	23.8107852778372
544	101	PC	533.768932338265
544	105	PC	379.58084331118
544	106	PC	598.271997445171
544	221	PC	356.115838433552
544	237	PC	1656.50305149152
544	805	PC	15323.2723705747
545	545	PC	537670.022818688
602	106	PC	1655.72095232345
602	302	PC	106120.287197525
602	602	PC	1095395.11974942
602	624	PC	122487.660431526
602	625	PC	105246.684415611
602	627	PC	84.0467930918315
602	702	PC	886.914704382709
602	704	PC	16897.3965017812
602	709	PC	1304.5010666253
602	805	PC	11572.2129522118
602	806	PC	342.789831630654
602	1037	PC	64675.0139048251
602	1071	PC	1360.8744331829
602	1101	PC	545.618956383509
602	1149	PC	867.086438467561
602	1271	PC	16.1797110801265
602	1401	PC	1406.72873789397
602	1438	PC	97691.7161839639
602	1504	PC	566.31649881305
602	1671	PC	174.574925850484
602	1675	PC	214.163570452798
602	1805	PC	858.079843307383
602	1833	PC	77570.4153237931
602	2101	PC	11033.2670316418
605	101	PC	1.82171508398868
605	106	PC	81.1306415991466
605	213	PC	40522.843953177
605	215	PC	10.1244538527934
605	216	PC	2.35901478760129
605	217	PC	6.79530533444451
605	219	PC	51885.1144018468
605	226	PC	20734.5867477417
605	229	PC	2.90525028949532
605	231	PC	11.8461104794583
605	301	PC	8047.59441745784
605	305	PC	5.46526223754132
605	306	PC	12316.6491441414
605	311	PC	11.5910434979434
605	403	PC	6.362194211288
605	412	PC	24.9668423612127
605	417	PC	16.2089791470877
605	502	PC	53064.4066450951
605	511	PC	29.0835141306209
605	529	PC	7570.08303103725
605	543	PC	6.45148923945774
605	605	PC	464317.228162107
605	704	PC	6.36001870116879
605	706	PC	18.8669340771107
605	709	PC	11.1710496736971
605	720	PC	46.8878651284965
605	5101	PC	83.7759520050193
612	602	PC	4227.49534670787
612	5880	PC	1788.20881624873
615	605	PC	1.00042796249057
616	720	PC	2.80488681202465
617	617	PC	352553.026990962
618	618	PC	140352.887625399
619	620	PC	7454.2787858874
619	1271	PC	14.0415289791764
619	1901	PC	12.2721974205837
620	1271	PC	6274.37104709366
621	621	PC	11566.9121107769
622	622	PC	.958665749528145
622	1246	PC	.596639847463476
622	1657	PC	1.24083184826004
623	213	PC	1.15304623571636
623	226	PC	5529.71942581468
623	418	PC	94107.9859768066
623	1154	PC	2.4685063993833
623	1172	PC	2.50726612689072
623	1246	PC	11.4542153162019
623	1503	PC	1.1643719455866
623	1850	PC	.256806414913669
624	213	PC	.951955475721063
624	219	PC	7493.56801345767
624	602	PC	267481.082691408
624	604	PC	148038.979624096
624	605	PC	.790370728410823
624	624	PC	2102682.2113387
624	625	PC	609336.950426975
624	1824	PC	1.42725793426992
624	1833	PC	2.35324503572435
625	106	PC	41.5188384701169
625	219	PC	23194.6301627879
625	423	PC	4.51272180082798
625	602	PC	276362.820536717
625	625	PC	291413.33172416
625	626	PC	14662.8828777392
625	1411	PC	3.42581305849047
626	219	PC	118714.313208301
626	220	PC	112680.177730629
626	306	PC	13253.740545758
626	602	PC	1559488.13209249
626	625	PC	47101.2293552754
626	626	PC	155623.870649298
627	58	PC	20.1469039816229
627	220	PC	1425695.3294651
627	303	PC	56564.5723569485
627	306	PC	30329.0680831992
627	627	PC	189579.152210885
627	701	PC	171.410942886672
627	1037	PC	760.774548986299
627	1102	PC	25.6729081506736
627	1420	PC	239039.184492427
627	6010	PC	18.6444665367076
627	6030	PC	1.84098201292267
628	105	PC	1717.95854265578
628	301	PC	13237.2242343468
628	602	PC	346852.568777708
628	628	PC	89657.3308521719
628	702	PC	720.197801662882
628	704	PC	13772.2488950113
628	1037	PC	69157.815192365
631	502	PC	.978309566676894
631	631	PC	93609.490283759
631	1702	PC	4.14240892155289
633	633	PC	10374.0289822035
701	602	PC	761.182266396876
701	1037	PC	614.347445608621
702	702	PC	256033.938519713
702	713	PC	129389.184339955
704	101	PC	3.9652948003949
704	136	PC	6.35337381699409
704	216	PC	5.69252676588503
704	217	PC	3.86972703796314
704	220	PC	20.9363918537962
704	229	PC	3.77481183663028
704	231	PC	14.8802256899933
704	301	PC	9.84750463536019
704	305	PC	34.1780818969317
704	311	PC	5.90850278121611
704	403	PC	7.6051071508971
704	417	PC	9.68777587782114
704	511	PC	42.875662914739
704	528	PC	7.47557309295416
704	602	PC	537.472088442269
704	627	PC	6.83534553822628
704	706	PC	7.18473970477954
704	720	PC	17462.6360334533
704	722	PC	30897.3586809455
704	826	PC	15.3277618412028
704	829	PC	21929.5603273326
706	50	PC	11.2959421991225
706	219	PC	1.37442712625888
706	706	PC	834948.841731143
706	1845	PC	2.17321639776684
709	50	PC	1.78503777961443
709	51	PC	131.914291913506
709	58	PC	166.188132930715
709	105	PC	6854.24261603953
709	106	PC	250.876060851339
709	220	PC	964.592026170242
709	235	PC	409.597042870691
709	306	PC	1566.93977461298
709	403	PC	171.50877075155
709	501	PC	137.371778755583
709	602	PC	672.374702341024
709	625	PC	288.239315484537
709	701	PC	2522.15391968966
709	704	PC	113914.000421153
709	709	PC	574477.379275229
709	1037	PC	3723.60929569622
709	1071	PC	1432.30394283723
709	1101	PC	8.41704053170858
709	1102	PC	270.878291472953
709	1119	PC	2.48557458796734
709	1277	PC	396.582471830874
709	1401	PC	434.966166899694
709	1504	PC	248.585425215891
709	1671	PC	111.023278864562
709	1833	PC	829.406002096537
709	1901	PC	915.356184840122
709	3001	PC	55.1130414455954
709	4001	PC	233459.138094776
709	4002	PC	1126.80509838161
709	4004	PC	34097.5685364723
709	4005	PC	26792.3014234003
709	5101	PC	113552.361337426
709	5104	PC	27494.1559653724
709	5201	PC	3849.65710146096
709	5302	PC	27.22182613912
709	5403	PC	27632.719523015
709	5404	PC	17423.0843776491
709	5501	PC	1159.71673244325
709	5605	PC	140526.732151752
709	5700	PC	11837.7011652355
709	5710	PC	275.007382921848
709	5720	PC	252.582845815441
709	5760	PC	55.5593008904991
709	5790	PC	1777.45136905107
709	5800	PC	381.217130808906
709	5831	PC	58.2368575599207
709	5840	PC	3871.30068453879
709	5880	PC	45577.3696268952
709	5900	PC	42.5062121270686
709	5910	PC	25.3252234982797
709	5930	PC	27860.7960314136
709	6000	PC	4037.30919804293
709	6010	PC	2355.58047992369
709	6020	PC	244683.942075786
709	6030	PC	40180.6782955702
709	6040	PC	454.62680949555
711	58	PC	16.858533149832
711	220	PC	140207.538273975
711	711	PC	220308.414371934
713	602	PC	789434.650092581
713	713	PC	356608.423996383
713	4003	PC	1.17924826173979
714	806	PC	235395.799768715
716	50	PC	7.9500974722179
716	702	PC	16410.3178705002
716	716	PC	1867279.43499587
722	722	PC	171788.162552124
723	704	PC	7996.89155952848
723	723	PC	34684.5821649616
728	58	PC	31.3508416530906
805	101	PC	1.88511547388636
805	136	PC	5.94482916364815
805	215	PC	9.65809514506203
805	216	PC	2.25035242379769
805	217	PC	3.06108416381114
805	220	PC	62.9293877388559
805	231	PC	7.28594714092227
805	301	PC	5.52856492613684
805	305	PC	22.331066172239
805	311	PC	16.5856947784105
805	403	PC	6.50357549044146
805	417	PC	16.5691766087623
805	511	PC	21.5983058832866
805	516	PC	2.38753776616706
805	528	PC	1.53742523881904
805	543	PC	3.9835773816397
805	627	PC	6.39580837988297
805	704	PC	5.28575632203289
805	706	PC	89.4627061589354
805	709	PC	5.2804522401069
805	720	PC	5.40805009628908
805	805	PC	16284.9577190525
805	806	PC	449420.453514816
805	906	PC	161.560069340979
805	1002	PC	401.659691256847
805	1037	PC	4680.38811377617
805	1071	PC	241.4703276817
805	1102	PC	5196.39478006055
805	1106	PC	192.944990011671
805	1134	PC	4783.4640179883
805	1135	PC	3935.60552262347
805	1263	PC	608.024309679294
805	1271	PC	721.762232719068
805	1273	PC	4053.01767592732
805	1274	PC	.905547542708997
805	1401	PC	199.177638782841
805	1504	PC	290.448321365713
805	1511	PC	2432.71968216474
805	1554	PC	54.1600381377728
805	1563	PC	36.3513920487284
805	1569	PC	150.549003381302
805	1677	PC	.804235520335236
805	1833	PC	20281.7088988029
806	51	PC	7.03966068629193
806	62	PC	65.2827884354738
806	706	PC	70789.2766148563
806	709	PC	53566.2905725216
806	805	PC	43193.4235464409
806	806	PC	2379289.6292243
806	1037	PC	1221.41707355124
806	1071	PC	342.13216354901
806	1101	PC	7818.04856087126
806	1102	PC	1377.70579795573
806	1106	PC	6547.44993906516
806	1677	PC	9254.4404195679
807	305	PC	2.01647259615277
807	604	PC	20184.500568421
807	807	PC	415251.385195394
807	826	PC	64932.101869181
807	827	PC	83672.983856179
814	709	PC	1.94808350871999
814	805	PC	498251.367186269
814	814	PC	159184.532683377
814	1804	PC	3.59833185957379
814	1931	PC	4.01246678849035
815	704	PC	27.7462703127009
815	709	PC	2025.37358625811
815	805	PC	60573.0800606343
815	806	PC	21186.5653411437
815	815	PC	97400.259312848
815	901	PC	14905.1568127232
815	4001	PC	447389.652412572
815	5101	PC	192727.67719693
815	5501	PC	21554.4509803791
815	5831	PC	4823.88446039467
821	821	PC	565774.722483214
821	822	PC	1.28033922169162
821	828	PC	205371.6039931
821	1411	PC	4.49622828118336
827	827	PC	3905385.69671044
827	828	PC	15570.2590552874
828	828	PC	355023.483843912
833	833	PC	99091.5813815235
833	1824	PC	91378.0886947777
901	901	PC	342022.843172834
904	904	PC	961871.278260944
904	926	PC	138875.035872217
904	1072	PC	104249.026542017
904	1504	PC	2798.23685299544
906	213	PC	1.16155796165726
906	302	PC	1801.83454408142
906	602	PC	312.650452368536
906	805	PC	2782.03130708596
906	826	PC	.891950222927807
906	906	PC	344009.560296387
906	1504	PC	860.668899651517
906	1838	PC	4.68809196891322
906	4001	PC	60484.9023304169
919	919	PC	158205.232947451
919	4001	PC	29.9476992541053
926	709	PC	4949.05715009872
926	926	PC	20372.877396273
926	928	PC	3981.2355841307
926	1072	PC	327419.263203592
926	1671	PC	705.38953265636
928	926	PC	209537.516269207
928	928	PC	171459.543667534
928	1071	PC	695606.047847688
928	1072	PC	176803.454211007
937	926	PC	13086.9631946365
940	940	PC	196530.392047811
1002	704	PC	1644.21060093891
1002	1002	PC	8216.9509636322
1002	1014	PC	9902.15504288436
1002	1071	PC	86941.4460759131
1002	1101	PC	65.7750723348114
1002	1246	PC	21.4647963642021
1003	1504	PC	378.627992795071
1003	5404	PC	.823053783943586
1004	704	PC	16746.9836283863
1004	1101	PC	948.652781340894
1018	1017	PC	18757.5438772775
1018	1018	PC	36579.6852036371
1032	1032	PC	1716144.34235021
1037	805	PC	135203.340292808
1037	806	PC	6557.11945700959
1037	1037	PC	1890769.25404029
1037	1101	PC	1593.43677312164
1037	1149	PC	393.529490835092
1037	1511	PC	11632.8600191628
1046	1029	PC	249039.683474189
1071	602	PC	981.632737656118
1071	805	PC	979.874446755094
1071	926	PC	525.988429440007
1071	1071	PC	401251.023063011
1071	1554	PC	42.8661180129341
1071	1557	PC	295.797226399235
1071	1638	PC	271.274597327027
1071	1671	PC	266.055619305867
1071	1675	PC	270.53640863346
1071	1833	PC	6004.57707875525
1072	511	PC	4.48154007997318
1072	926	PC	5111.72355962665
1072	1271	PC	537.505233685038
1072	1833	PC	3122.45059169247
1074	1528	PC	1.24720523144818
1075	1071	PC	75520.9897777872
1075	1072	PC	130.09734515569
1075	1073	PC	33590.075787387
1101	51	PC	6722.49248062277
1101	105	PC	2255.23838347537
1101	309	PC	3.68093440691128
1101	602	PC	373.426446746708
1101	701	PC	2821.3314268362
1101	805	PC	2461.0970839784
1101	806	PC	7090.96341582273
1101	1004	PC	2101.14869185638
1101	1032	PC	330.549040251076
1101	1037	PC	11393.8764479746
1101	1071	PC	2745.3307238153
1101	1101	PC	1265.50267052355
1101	1102	PC	4476.40079276156
1101	1106	PC	5823.37618457371
1101	1149	PC	42.0624647947282
1101	1159	PC	1949.71922882583
1101	1172	PC	893.162941447165
1101	1173	PC	372.549248304165
1101	1221	PC	1182.41857225234
1101	1228	PC	1345.04875436112
1101	1251	PC	1142.30695143119
1101	1263	PC	522.851862711492
1101	1271	PC	4262.26167105097
1101	1401	PC	6574.12969630228
1101	1424	PC	1546.26526486158
1101	1438	PC	304.648342347525
1101	1439	PC	2583.85566271531
1101	1502	PC	3610.9297624449
1101	1503	PC	770.520664853827
1101	1504	PC	3880.59094522058
1101	1520	PC	1728.54174026324
1101	1531	PC	1385.83172641708
1101	1671	PC	1963.78471364882
1101	1702	PC	3098.8562473692
1101	1703	PC	3216.86428588742
1101	1719	PC	746.939772290621
1101	1750	PC	908.416363805452
1101	1833	PC	5795.84829908012
1101	2303	PC	420.323175561386
1101	3001	PC	1665.79208589936
1101	4001	PC	150943.421398415
1101	4004	PC	9353.71290886075
1101	4005	PC	1915.14852254459
1101	5101	PC	138351.536199319
1101	5102	PC	7609.19706026891
1101	5103	PC	2626.78218876953
1101	5403	PC	3438.61387519895
1101	5404	PC	9394.70300803527
1101	5850	PC	2438.91090088615
1102	233	PC	3.27351439746635
1102	709	PC	17149.1521654864
1102	1102	PC	1131903.5565859
1102	1114	PC	107893.205451676
1102	1120	PC	173196.668967449
1102	1172	PC	27557.3366957693
1102	1175	PC	412102.751357833
1102	1263	PC	4417.17074330755
1102	1277	PC	5818.00539031288
1102	1676	PC	.970957569580708
1106	106	PC	690.381521639544
1106	805	PC	5451.60181688499
1106	1101	PC	569.034436179037
1106	1106	PC	59461.9045657246
1106	1130	PC	483.669162099474
1106	1146	PC	320.967221661044
1106	1149	PC	3323.35000429789
1106	1246	PC	125.960256599279
1106	1263	PC	120.671732735813
1106	1271	PC	159.822726018
1106	1273	PC	749.49247896441
1106	1401	PC	5224.30120254394
1106	1503	PC	109.431477317507
1106	1504	PC	122.633607303729
1106	1554	PC	777.927887240928
1106	1563	PC	604.435763602963
1106	1569	PC	135.453028747837
1106	1671	PC	277.911379730484
1106	1833	PC	15573.5441100212
1106	1871	PC	5054.03517876147
1111	805	PC	613.640736626265
1111	906	PC	15946.5981119678
1111	926	PC	3249.93250491999
1111	1003	PC	5707.10908486702
1111	1004	PC	1923.62285887022
1111	1032	PC	745.417238666607
1111	1037	PC	43120.5711525489
1111	1106	PC	9293.43103985045
1111	1173	PC	382.101793132477
1111	1224	PC	1009.55640175839
1111	1228	PC	107910.225637794
1111	1271	PC	233.346698602416
1111	1401	PC	509.277017240421
1111	1502	PC	293.52333709854
1111	1833	PC	42161.146041651
1111	4001	PC	537559.987307879
1111	5101	PC	516952.328809257
1111	5403	PC	54897.1289333914
1111	5404	PC	325234.803286657
1111	5605	PC	164816.63432543
1111	5800	PC	40788.5645202822
1111	5810	PC	52211.1388235921
1111	5820	PC	57115.1487442815
1111	5831	PC	136124.703517106
1119	231	PC	1.49371693306118
1119	709	PC	8586.97913794391
1119	1119	PC	886874.132182025
1119	1121	PC	22780.5460051206
1119	5760	PC	60.1667952817401
1121	1102	PC	6534.28044486745
1121	1119	PC	19662.5368577174
1121	1120	PC	236294.363692932
1121	1121	PC	5741.09336140963
1121	1124	PC	64373.8817666652
1121	1173	PC	18159.146839375
1122	1106	PC	1589.1306065883
1122	1122	PC	145291.447063083
1122	1173	PC	20777.027582109
1122	1175	PC	29376.7350372745
1122	4001	PC	182031.753980171
1122	5403	PC	53733.7794734764
1122	5831	PC	31026.1120376708
1124	805	PC	508.489082542952
1124	1106	PC	108.96895588034
1124	1121	PC	516010.001461599
1124	1124	PC	269709.521794245
1124	1149	PC	256.27761073692
1124	1263	PC	110.126486750878
1124	1271	PC	958.047281851694
1124	1833	PC	1267.22395093172
1124	2004	PC	4.47252839556816
1124	4005	PC	61.4724046932066
1124	5103	PC	6.46810466126709
1124	5930	PC	8.31613456448626
1124	6000	PC	8.0885958826524
1127	805	PC	1360.51096787534
1127	1833	PC	2919.32134150618
1129	58	PC	68.6312105308019
1129	106	PC	1.61825056497284
1129	301	PC	1.43844684138167
1129	1102	PC	9907.99312258563
1129	1129	PC	6703427.32709237
1129	1235	PC	2.07823490291967
1129	1243	PC	4.65235645027177
1129	4001	PC	27025.1272972013
1129	5101	PC	1165.76036332444
1129	5403	PC	28.8754672377995
1129	5605	PC	20620.5486638574
1129	5800	PC	166836.807433707
1129	5810	PC	27993.0329590124
1129	5850	PC	14220.5901052715
1129	5930	PC	77492.3984148689
1130	227	PC	1.09762987099719
1130	231	PC	13.3223189563242
1130	302	PC	36044.1814043465
1130	1037	PC	2095.78083160812
1130	1102	PC	.727874249664591
1130	1106	PC	406.615640923862
1130	1127	PC	468.908566629389
1130	1130	PC	178990.49173241
1130	1149	PC	8824.37683588416
1130	1173	PC	19958.8537921475
1130	1175	PC	1517.80443704263
1130	1263	PC	49.3840747761785
1130	1511	PC	369.676723887309
1130	1675	PC	963.040549115586
1130	1804	PC	787.162435865618
1130	1833	PC	1356.72940201143
1130	4001	PC	255135.54338237
1130	5101	PC	23941.2273962043
1130	5201	PC	16143.696223309
1130	5605	PC	26298.6205414983
1130	5800	PC	10189.5748788747
1130	5810	PC	233846.943458686
1130	5820	PC	40223.5258622547
1130	5831	PC	147895.523117251
1130	5850	PC	6058.07302649034
1130	5930	PC	15274.1981538443
1133	2301	PC	11585.5340562675
1133	2302	PC	11585.5340562675
1133	2303	PC	11585.5340562675
1133	2304	PC	11585.5340562675
1133	2305	PC	11585.5340562675
1133	2306	PC	11585.5340562675
1134	1017	PC	1.03400095446545
1134	1106	PC	148.423903232118
1134	1149	PC	273.42699251047
1134	1173	PC	6061.32540993153
1134	2302	PC	433649.320254267
1134	4001	PC	1716688.39627625
1134	5101	PC	3964565.06535389
1134	5201	PC	825435.274656471
1134	5403	PC	308763.809140608
1134	5501	PC	14713.3655667295
1134	5605	PC	1692755.04067267
1134	5810	PC	317660.467522037
1134	5820	PC	10688.7244061839
1134	5831	PC	180040.882929215
1134	5840	PC	488738.197998474
1134	5880	PC	29787.9892460466
1134	5920	PC	41403.5664973379
1135	104	PC	748.510195673854
1135	602	PC	2887.1060327304
1135	805	PC	55712.5516518835
1135	806	PC	25823.3644336673
1135	1101	PC	319.541719756813
1135	1106	PC	787.467380999642
1135	1146	PC	641.934443322089
1135	1149	PC	417.047843676598
1135	1173	PC	1753.4559782676
1135	1247	PC	1378.91295054143
1135	1263	PC	2235.32317719821
1135	1271	PC	5128.33074761757
1135	1273	PC	5342.03656412164
1135	1401	PC	390.071057529558
1135	1439	PC	430.48357246021
1135	1502	PC	1433.4182696035
1135	1511	PC	5569.22004953407
1135	1554	PC	2745.01851023763
1135	1671	PC	1649.42208489391
1135	1675	PC	461.982553318207
1135	1833	PC	249.470200113413
1135	2302	PC	9221.6216874267
1135	4001	PC	3715.31390164252
1142	1142	PC	45851.3106906461
1146	1172	PC	473.565712531762
1146	1221	PC	1102.02198370989
1146	1401	PC	252.473176394536
1146	1871	PC	11283.9532626487
1146	4001	PC	35.3355591374691
1146	5101	PC	2.25786320367214
1149	50	PC	44.5267292768744
1149	104	PC	35.2888784700749
1149	124	PC	15922.6588950891
1149	306	PC	7713.80584356485
1149	516	PC	8414.29180908539
1149	1106	PC	1341.20931516533
1149	1146	PC	195162.579319973
1149	1149	PC	263225.719673834
1149	1172	PC	315.710475021175
1149	1221	PC	515.840077481226
1149	1224	PC	891.601767851981
1149	1228	PC	982.862157718615
1149	1263	PC	2962.49103866422
1149	1271	PC	8435.90011559008
1149	1401	PC	2599.21135098175
1149	1416	PC	1564.62389437949
1149	1424	PC	41.7504814142025
1149	1503	PC	1684.33282171196
1149	1563	PC	244.641194438512
1149	1820	PC	1417.67532271187
1149	1871	PC	18998.6119570303
1154	1154	PC	141437.531941553
1159	1263	PC	752.026238409588
1159	1273	PC	791.503024089142
1172	1172	PC	1583332.22124431
1172	1173	PC	110234.826929082
1172	1671	PC	7.50344476918279
1173	58	PC	155.003508132508
1173	1102	PC	218745.506472915
1173	1121	PC	69422.0966292679
1173	1127	PC	138107.385362685
1173	1172	PC	4994263.28697856
1173	4005	PC	72.7661774392548
1173	5605	PC	.748452110803763
1173	5830	PC	2.31003737902396
1175	1172	PC	2314.54318949848
1175	1175	PC	188153.836921391
1211	805	PC	1.41002930005162
1211	829	PC	19.0571543218784
1211	834	PC	1.84647011042136
1211	1211	PC	1218849.99870535
1219	1871	PC	497.969916334877
1221	1439	PC	256.420825500248
1221	1504	PC	1894.21708852447
1221	1833	PC	8727.09005010668
1221	2302	PC	6548.14384860241
1222	627	PC	1.11317063203218
1224	1122	PC	1.52976833711526
1227	829	PC	10.5059698058881
1227	834	PC	10.561083705708
1227	1865	PC	10.9416660646775
1228	834	PC	2.29035550244269
1228	1671	PC	1817.70907724715
1228	1833	PC	270.196912604001
1228	5403	PC	25142.7048321868
1228	5605	PC	59297.438150853
1233	1233	PC	403225.941582958
1235	829	PC	3.05756219413417
1235	834	PC	2.88844529418963
1235	1235	PC	591373.435004296
1235	1421	PC	42289.1527386202
1235	5810	PC	40.2751061432284
1238	805	PC	1642.69617214467
1241	829	PC	9.7705702492019
1241	1241	PC	476840.051760605
1243	1243	PC	100339.164109834
1243	1271	PC	8615.39735386155
1244	1244	PC	496522.793355799
1245	829	PC	9.7705702492019
1246	1246	PC	22846.7971590445
1246	1271	PC	5317.44169978364
1246	1638	PC	1.42085906538029
1246	2303	PC	375.834724785318
1247	237	PC	16.9710063424265
1247	1106	PC	3709.0645449375
1247	1130	PC	1.80285782895782
1247	1172	PC	1434.84120550311
1247	1221	PC	625.630648048136
1247	1244	PC	836.579038733286
1247	1246	PC	26681.7601320739
1247	1247	PC	258726.56167933
1247	1263	PC	2.11137145565357
1247	1271	PC	84026.3329581553
1247	1401	PC	533.443242334653
1247	1421	PC	1261.02426289081
1247	1428	PC	444.173699889864
1251	1235	PC	29311.7571316601
1251	1401	PC	3293.07709873149
1252	829	PC	9.7705702492019
1252	1252	PC	31634.1824330168
1252	1271	PC	279.881493500493
1253	1253	PC	2490.53486945766
1253	1256	PC	46076.8374296424
1259	1172	PC	1.9350521989253
1263	104	PC	1728.92940361433
1263	105	PC	10025.9903129178
1263	402	PC	3.36227059160768
1263	805	PC	2424.89277744074
1263	926	PC	1102.18736261002
1263	1106	PC	1590.46259260408
1263	1221	PC	644.313339682039
1263	1224	PC	304.207439366122
1263	1228	PC	1164.0429592343
1263	1251	PC	981.852947261511
1263	1263	PC	348744.900180061
1263	1271	PC	10129.2914905603
1263	1273	PC	63.4517468038345
1263	1401	PC	4925.86046376628
1263	1411	PC	1777.56168351548
1263	1416	PC	3263.65200287741
1263	1502	PC	4126.85692129549
1263	1504	PC	1371.61630145415
1263	1520	PC	2992.68128628207
1263	1563	PC	153.929870421081
1263	1671	PC	2582.71323187596
1263	1833	PC	497.864534970697
1263	1901	PC	2864.2885503979
1263	2030	PC	56.7710339159448
1263	2304	PC	5693.59485661211
1271	105	PC	4.39975702264293
1271	106	PC	2437.25887280207
1271	302	PC	800.449256064685
1271	709	PC	266.794874993145
1271	720	PC	1.12832772718052
1271	805	PC	360.27692416459
1271	906	PC	4058.55991911228
1271	1037	PC	893.799858341117
1271	1101	PC	789.919079454017
1271	1106	PC	6332.38336751298
1271	1122	PC	.791339616083955
1271	1146	PC	196.727184302799
1271	1149	PC	4481.28387662912
1271	1173	PC	522.14158501001
1271	1175	PC	870.773489516386
1271	1219	PC	963.476788918938
1271	1221	PC	2687.91237840589
1271	1224	PC	730.462174765358
1271	1228	PC	2436.28705821584
1271	1238	PC	2263.96054460112
1271	1241	PC	3951.27809106659
1271	1243	PC	17082.4523808373
1271	1244	PC	2952.93504637067
1271	1246	PC	99145.0697995439
1271	1247	PC	71561.5963370478
1271	1251	PC	2171.40555644373
1271	1263	PC	2199.63289670027
1271	1271	PC	464315.105317059
1271	1273	PC	333885.287298605
1271	1275	PC	20394.5939242598
1271	1277	PC	470515.418846558
1271	1401	PC	11759.8229039415
1271	1411	PC	76.072539950734
1271	1416	PC	2011.58017015134
1271	1424	PC	309.952751807283
1271	1438	PC	1398.55721113648
1271	1502	PC	2876.40035967396
1271	1503	PC	692.619049081584
1271	1504	PC	5351.74200465154
1271	1511	PC	741.713934061583
1271	1520	PC	6.21855851694976
1271	1554	PC	2882.1666554359
1271	1563	PC	211.276292734817
1271	1671	PC	2350.91720801093
1271	1675	PC	1962.93579536154
1271	1677	PC	10.6184355571774
1271	1702	PC	1314.20870982197
1271	1719	PC	2242.07186961698
1271	1833	PC	36294.814680261
1271	1871	PC	26.3431880644691
1271	1901	PC	966.477731729352
1271	1931	PC	3.39363781968655
1271	1971	PC	10.5409203777
1271	2030	PC	23.9699920978433
1271	2302	PC	330.187720603624
1273	104	PC	1196.76700757799
1273	1120	PC	2.04620636963699
1273	1263	PC	308.175422649108
1273	1271	PC	10165.3174058838
1273	1416	PC	804.185298450285
1273	1502	PC	3499.1767648737
1273	1833	PC	509.68413307944
1273	1971	PC	477.8550571224
1274	805	PC	9.73022588620056
1274	834	PC	8.87514422185969
1274	1142	PC	13.1155136025908
1274	1502	PC	2.83016499100896
1274	1503	PC	4.47151504450787
1274	1504	PC	2.43842898036293
1275	806	PC	6.18279042038591
1275	6020	PC	112.323366662239
1276	1247	PC	5298.3242332066
1276	1271	PC	47051.5418846185
1276	1272	PC	564618.502615919
1276	1276	PC	1598702.41770673
1276	1277	PC	4444.17119036672
1277	834	PC	.9466820503317
1277	1276	PC	5376.01353673393
1401	101	PC	1355.56972307487
1401	104	PC	313.430635452131
1401	105	PC	196.9820436137
1401	805	PC	941.50923697272
1401	1071	PC	8.24522375482761
1401	1102	PC	2409.49899580148
1401	1106	PC	6054.03232429192
1401	1173	PC	921.47829493713
1401	1221	PC	86.5724342733238
1401	1246	PC	63.6570505328555
1401	1251	PC	524.750584311395
1401	1263	PC	7758.18817698917
1401	1271	PC	11178.2624094499
1401	1401	PC	30236.6497734758
1401	1411	PC	13300.517592362
1401	1416	PC	13721.9605045788
1401	1421	PC	1572.28149988474
1401	1424	PC	2250.73168257877
1401	1428	PC	169.087779049808
1401	1438	PC	6356.0770731236
1401	1439	PC	5400.07448771722
1401	1502	PC	5450.26341995776
1401	1503	PC	14505.2092407426
1401	1504	PC	14626.2931646054
1401	1511	PC	2479.18967565831
1401	1520	PC	3089.75658853681
1401	1554	PC	553.197997229155
1401	1563	PC	503.316236218672
1401	1671	PC	859.586307268397
1401	1702	PC	4669.86039104041
1401	1719	PC	98.6395531748249
1401	1750	PC	1.05480768062374
1401	1804	PC	795.370819660777
1401	1820	PC	1102.5135922073
1401	1833	PC	6694.19331635425
1401	1871	PC	41.0902391544589
1401	1931	PC	1.08250751733537
1401	1971	PC	8139.8387656744
1401	2303	PC	173551.300162888
1401	5101	PC	12419.2186634723
1401	5800	PC	15650.1008756481
1401	5820	PC	88712.3385582378
1401	5831	PC	157194.709076318
1401	5835	PC	6107.37619322954
1411	231	PC	1.34181849887128
1411	709	PC	2832.77105783981
1411	1149	PC	334.945240856675
1411	1263	PC	2979.53170383466
1411	1271	PC	9062.56870622829
1411	1401	PC	30537.2036138724
1411	1413	PC	8072.81248073232
1411	1421	PC	4.45811270402666
1411	1438	PC	2073.70936525595
1411	1503	PC	11237.8885157403
1411	1504	PC	13792.8733812385
1411	1554	PC	8259.52653155661
1411	1563	PC	3930.6520076417
1411	1833	PC	1827.72945366326
1411	4001	PC	108305.011661104
1411	5101	PC	46721.3876766062
1411	5103	PC	8068.01215324896
1411	5404	PC	481507.451478488
1411	5501	PC	142979.255151602
1411	5605	PC	9620.50579174517
1411	5790	PC	64251.9724256629
1411	5800	PC	40394.769651112
1411	5810	PC	209463.670075211
1411	5820	PC	74419.154168836
1411	5831	PC	40253.5278262746
1411	5835	PC	219569.835928111
1411	5840	PC	249023.943428338
1411	5841	PC	76735.9206064962
1411	5842	PC	51370.1151705161
1411	5850	PC	4440.34857715243
1413	1134	PC	1772.40704183111
1413	1271	PC	353.837925703985
1413	1401	PC	7070.59001741505
1413	1411	PC	1944.78329830745
1413	1416	PC	4937.9582103208
1413	1421	PC	1097.19438132171
1413	1424	PC	676.078989458357
1413	1503	PC	482.234324114261
1413	1504	PC	2763.0229672154
1416	1401	PC	564.427896301463
1416	1439	PC	107.180387341825
1416	1504	PC	2021.6233830797
1416	1554	PC	157.698660341056
1416	4003	PC	11.4775111478986
1416	5831	PC	9.90953386274181
1420	1420	PC	306776.575614329
1420	1426	PC	2023.35072861157
1421	51	PC	24331.0298320508
1421	1421	PC	1102691.54652493
1421	1671	PC	7264.91855213927
1421	4001	PC	11537.5277040326
1421	5101	PC	3247.04254057208
1421	5403	PC	13259.4154537325
1421	5800	PC	18039.2111888857
1421	5831	PC	7706.15149393629
1421	5840	PC	22229.2056887059
1422	1422	PC	184824.524779435
1424	602	PC	445.495561690932
1424	1173	PC	1020.74805362622
1424	1247	PC	1212.28919343951
1424	1271	PC	10.4895680121936
1424	1273	PC	2316.44626935943
1424	1439	PC	242.372606675694
1424	1504	PC	63.1154709340743
1424	1554	PC	7086.46161936373
1424	1563	PC	5566.46653909646
1424	4001	PC	11604.6382924219
1424	5930	PC	1405.7911298783
1426	1420	PC	7092.01326572965
1426	1426	PC	10622.5913252893
1428	1503	PC	744.156327584133
1428	6020	PC	69.4044606837177
1433	423	PC	2.37937801659448
1438	805	PC	1670.39524874863
1438	1246	PC	.698408782989043
1438	1263	PC	12.9857498704523
1438	1271	PC	143.683159071569
1438	1273	PC	258.629686328825
1438	1401	PC	2716.12481396469
1438	1411	PC	493.010975905176
1438	1428	PC	577.489309899949
1438	1438	PC	543.890109173081
1438	1439	PC	1015.42722428501
1438	1504	PC	5897.38539699412
1438	1511	PC	1192.17107553298
1438	1520	PC	2240.48843195436
1438	2301	PC	87061.5810619525
1438	2302	PC	92684.2724501402
1438	2303	PC	92684.2724501402
1438	2304	PC	92684.2724501402
1438	2305	PC	92684.2724501402
1438	2306	PC	92684.2724501402
1438	5402	PC	1357432.80503812
1438	5403	PC	583988.142822124
1438	5501	PC	408628.577296391
1438	5605	PC	30006.1754445584
1439	1246	PC	882.343971242614
1439	1263	PC	1657.27427573136
1439	1271	PC	9.15104469813242
1439	1401	PC	4291.75873214186
1439	1438	PC	485.680472494133
1439	1439	PC	945784.114629896
1439	1504	PC	738.847069650585
1439	1554	PC	291.918840888264
1439	1675	PC	796.755252618937
1443	1923	PC	.876183219829884
1445	829	PC	9.21133360589327
1445	834	PC	10.1521528494921
1445	1445	PC	1389374.81393274
1449	834	PC	23.4280450372896
1502	106	PC	536.167212666724
1502	309	PC	.632892984489029
1502	805	PC	764.069126690371
1502	829	PC	19.9174245633899
1502	834	PC	33.7718973648851
1502	937	PC	1.92998844478567
1502	1135	PC	5.65135113635444
1502	1173	PC	2082.34021264181
1502	1263	PC	504.488022227476
1502	1271	PC	850.989389913715
1502	1401	PC	3159.56201142122
1502	1438	PC	201.957148337081
1502	1439	PC	270.873930786462
1502	1502	PC	1126886.01806387
1502	1503	PC	13726.3249079163
1502	1504	PC	28593.902460586
1502	1547	PC	27076.4003973518
1502	1554	PC	47351.2200203358
1502	1557	PC	2943.67724050593
1502	1563	PC	21897.6959493227
1502	1566	PC	938.158815625102
1502	1671	PC	1436.62499208584
1502	1675	PC	2330.37568622298
1502	1677	PC	3.20350334507858
1502	1703	PC	1.57011335062601
1502	1714	PC	1339.34574200213
1502	1750	PC	1.09482265046644
1502	1833	PC	6009.06965744872
1502	1870	PC	.853077089218136
1503	106	PC	588.084764529825
1503	625	PC	1.86320989153439
1503	805	PC	3185.00382831423
1503	1106	PC	60.7066484340431
1503	1173	PC	241.60649045909
1503	1263	PC	609.23204273891
1503	1271	PC	599.663772533971
1503	1401	PC	6742.74578584667
1503	1416	PC	767.561988839044
1503	1439	PC	267.11342684009
1503	1502	PC	10799.5996835934
1503	1503	PC	142772.030774226
1503	1504	PC	10298.3476015239
1503	1520	PC	306.9730826222
1503	1531	PC	41.7691115562891
1503	1554	PC	9825.83286618444
1503	1563	PC	16876.6663691283
1503	1566	PC	415.057734624951
1503	1569	PC	222.862280731912
1503	1638	PC	352.746146666825
1503	1671	PC	26092.1731273469
1503	1675	PC	93498.8495953818
1503	1702	PC	11141.1542803964
1503	1750	PC	526.449370761693
1503	1804	PC	171.373314659189
1503	1805	PC	62.7740935862622
1503	1833	PC	26248.106618772
1503	1931	PC	323.770928903447
1503	2301	PC	13521.708507751
1504	106	PC	561.177722653052
1504	302	PC	321.164644701335
1504	709	PC	52.7088676242507
1504	805	PC	770.858256775325
1504	1037	PC	461.200187369075
1504	1071	PC	727.895896808521
1504	1106	PC	20.6433793891434
1504	1221	PC	276.958435519664
1504	1247	PC	32.9349966076116
1504	1271	PC	1455.63602672408
1504	1273	PC	340.771160727777
1504	1401	PC	3210.58866252451
1504	1411	PC	861.390622423163
1504	1424	PC	12.8179783073228
1504	1438	PC	12.5453443464409
1504	1439	PC	315.516097393704
1504	1502	PC	1715.34515823488
1504	1503	PC	7199.06898981359
1504	1504	PC	15862.6479153319
1504	1511	PC	5741.74028459535
1504	1520	PC	220805.769799646
1504	1554	PC	13263.1234291109
1504	1557	PC	897.373383398151
1504	1563	PC	11490.6195287385
1504	1566	PC	5434.80895557375
1504	1569	PC	44.4870770110721
1504	1671	PC	5857.3412684219
1504	1675	PC	889.340188903565
1504	1702	PC	67.3428679321571
1504	1750	PC	50.2451068617871
1504	1804	PC	515.366398425157
1504	1813	PC	142.183347312258
1504	1833	PC	1868.39685857561
1504	1860	PC	180.000751005865
1504	1865	PC	161.56337262758
1504	1870	PC	2721.25309750804
1504	1871	PC	2635.2826724337
1504	1901	PC	3147.47497212175
1504	1931	PC	100.733608616707
1504	1971	PC	861.933887212681
1504	2012	PC	14.3864411598688
1504	2018	PC	994.299029357731
1511	51	PC	1.09481016523309
1511	56	PC	18382.4100793462
1511	57	PC	3785.19666527689
1511	58	PC	451.061788076034
1511	59	PC	1953.57925884193
1511	60	PC	31.6400137752363
1511	62	PC	39.4131659483913
1511	623	PC	4439.07612247423
1511	805	PC	2770.97128191671
1511	1130	PC	639.732744702543
1511	1263	PC	983.941872489453
1511	1271	PC	2509.98728835844
1511	1273	PC	3158.29734307911
1511	1401	PC	2458.21660332601
1511	1438	PC	585.856385548745
1511	1504	PC	74071.3051092888
1511	1511	PC	29136.4858265384
1511	1671	PC	2346.50131353956
1511	1675	PC	1751.47562245703
1511	1805	PC	223154.655202796
1511	1833	PC	205.257419506959
1511	3001	PC	6871.46652106898
1511	4001	PC	10384.2744172359
1511	4005	PC	31.530532758713
1511	5101	PC	36165.95899831
1511	5102	PC	65678.9098959215
1511	5104	PC	3339.17100396093
1511	5201	PC	146990.30759436
1511	5203	PC	60214.55908782
1511	5302	PC	5934.74694369554
1511	5404	PC	346224.244647036
1511	5501	PC	140117.427673368
1511	5605	PC	38879.0080687741
1511	5700	PC	11341.0290206331
1511	5710	PC	1.09481016523309
1511	5730	PC	26.2754439655942
1511	5820	PC	788.701243033919
1511	5831	PC	1393.5838593252
1511	5835	PC	634.5519717691
1511	5842	PC	9106.95939745843
1511	5850	PC	3755.52730979909
1511	5880	PC	58989.2475508912
1511	6000	PC	238.668616020814
1511	6020	PC	126014.839638659
1511	6030	PC	85231.122447199
1511	6040	PC	125112.059176408
1514	520	PC	1.24360411361577
1514	1247	PC	1.44404392572566
1514	1515	PC	3.10520585572518
1515	1515	PC	243344.094962395
1516	1515	PC	101578.355611555
1517	106	PC	1992.84769610708
1517	1504	PC	1487.89041019116
1517	1569	PC	200.825656973205
1517	1671	PC	3643.65732009947
1517	1833	PC	8005.0393607714
1519	1519	PC	752053.987163875
1519	1520	PC	743718.064661212
1520	829	PC	16.7692096187338
1520	834	PC	21.3253484781016
1520	1401	PC	1448.51670624527
1520	1503	PC	526.411802905398
1520	1504	PC	15554.4456507396
1520	1520	PC	197275.504832953
1520	1554	PC	466.606373535843
1520	1671	PC	8530.29450430093
1520	1675	PC	1272.39167804665
1520	1833	PC	15982.8370521106
1524	1102	PC	.607843855852811
1524	1524	PC	2696.49388928119
1524	5930	PC	14040.7965405207
1525	1520	PC	1.926533059197
1525	1634	PC	3.6712389502158
1528	829	PC	9.92643806695189
1528	1528	PC	1257055.94846832
1529	829	PC	19.8528761339038
1529	834	PC	8.41561233303678
1531	1242	PC	1.28672626378174
1531	1401	PC	252.291995624599
1531	1504	PC	86801.731064095
1531	1531	PC	15336.981166908
1531	1824	PC	1.29556116665837
1534	1534	PC	2345353.23214414
1535	1263	PC	.625095856378603
1535	1535	PC	388106.810355612
1535	1851	PC	2.21210082269026
1539	829	PC	9.95871228169495
1539	834	PC	8.44297434122127
1539	1539	PC	859304.674281178
1539	1671	PC	1.14794425611842
1548	1548	PC	45700.3046239521
1548	6030	PC	3.75379534481871
1551	52	PC	9354.85313564032
1551	805	PC	1.42599946431607
1551	834	PC	8.44297434122127
1551	1101	PC	174.638187241245
1551	1102	PC	2.15926020554268
1551	1234	PC	3.0474950176664
1551	1243	PC	.928426974919924
1551	1244	PC	1.6758158558664
1551	1256	PC	1.50393828116056
1551	1264	PC	4.96744917304481
1551	1271	PC	16.9594087514106
1551	1275	PC	1.24309802366361
1551	1411	PC	13.7071413896696
1551	1428	PC	7.02232234358571
1551	1439	PC	39.5984859753566
1551	1622	PC	7.26932908137099
1551	1805	PC	78.7011357050219
1551	1813	PC	3.03368025042103
1551	1849	PC	4.12198714387999
1551	1852	PC	67.1912690282409
1551	1860	PC	1.50145844815623
1551	1865	PC	30.8037687161984
1551	1866	PC	66.3391859718751
1551	1874	PC	8.52341424433566
1551	1931	PC	15.5152214182536
1551	1971	PC	13.3764749861291
1551	2002	PC	254.234340426722
1551	2003	PC	9.5673887713126
1551	2004	PC	7.84964870684803
1551	2025	PC	7.6613355960497
1551	4001	PC	10734.5375650079
1551	5101	PC	11876.0425821458
1551	5403	PC	47989.3099608665
1551	5501	PC	40334.6407401748
1551	5605	PC	20818.1977500516
1554	1504	PC	1.76326472074718
1554	2301	PC	68866.9632479466
1557	1106	PC	306.314448927494
1557	1502	PC	359.96088817656
1557	1503	PC	975.504435578115
1557	1557	PC	444.158467473081
1557	1833	PC	740.810330029545
1560	1502	PC	55019.4806647268
1560	1551	PC	11554.1487110967
1560	1560	PC	477826.843221363
1563	1149	PC	148.997911359183
1563	1271	PC	195.776464683056
1563	1438	PC	267.724887458944
1563	1439	PC	747.247559418944
1563	1502	PC	14820.631483668
1563	1503	PC	58334.380705188
1563	1504	PC	43377.9671798507
1563	1511	PC	676.642501472789
1563	1554	PC	6389.05366928365
1563	1563	PC	31347.4357818313
1563	1671	PC	214.425554234038
1563	1702	PC	413.229107425472
1563	1719	PC	169.573962786304
1563	1750	PC	711.717400996476
1563	1833	PC	1758.80464356935
1563	1837	PC	85.4100055897679
1563	1845	PC	7596.37943223286
1566	829	PC	9.22633066240577
1566	1566	PC	677288.944806523
1566	1567	PC	169401.385054375
1567	829	PC	9.22633066240577
1567	1567	PC	48865.7841503004
1569	1569	PC	3657.81082793538
1569	1677	PC	65198.6526803237
1569	1833	PC	152.871908088364
1571	829	PC	18.4526613248115
1612	1106	PC	244.655746003257
1617	427	PC	1.31060057956179
1617	625	PC	26.4355425343612
1627	1627	PC	673841.165448622
1630	1630	PC	197958.348977686
1634	50	PC	36.7178219541887
1634	52	PC	130.803150045359
1634	55	PC	1.12902393709404
1634	56	PC	.638143964444457
1634	58	PC	53.0150370461549
1634	60	PC	1.12902393709404
1634	61	PC	1.03084794256412
1634	306	PC	2738.6062032173
1634	427	PC	1.14813221703068
1634	625	PC	66.5926643382131
1634	815	PC	4.85131358736303
1634	1276	PC	9882.49396787967
1634	1634	PC	13.1740183979561
1634	4001	PC	122.136391417134
1634	5106	PC	2.63377210861948
1634	5201	PC	1.09084438366574
1634	5403	PC	4.52639035282272
1634	5605	PC	12.7678369386226
1634	5800	PC	25.9620963312446
1634	5810	PC	9.05400838442563
1634	5820	PC	26.8893140573604
1634	5831	PC	166.768289374818
1634	5880	PC	85.5221996793938
1635	625	PC	18.2415785679111
1636	427	PC	1.08390625825994
1636	625	PC	37.1184540558732
1638	1271	PC	441.060530694904
1638	1503	PC	156.082043364139
1638	1504	PC	122.218157098388
1638	1833	PC	69.3363051808562
1638	5930	PC	11.4441243281358
1640	438	PC	5418.41662602428
1640	1640	PC	259289.847245949
1648	55	PC	101.099946208608
1648	625	PC	7.90783650834478
1648	1677	PC	6980.12531788619
1653	625	PC	2.42836334484147
1653	1653	PC	174957.083660883
1657	1653	PC	16216.2954001007
1662	625	PC	9.12549721134551
1662	1672	PC	15964.0241669041
1662	1677	PC	53213.4138895832
1663	1274	PC	13.5235771025079
1664	1664	PC	33095.2328874245
1671	106	PC	1434.16242971269
1671	602	PC	2188.42759205695
1671	1037	PC	10434.5143928842
1671	1071	PC	2156.61325258525
1671	1102	PC	33.3487814346374
1671	1106	PC	1511.93152799865
1671	1238	PC	601.267750550286
1671	1271	PC	329.790868886159
1671	1273	PC	184.105061009142
1671	1401	PC	590.100406417153
1671	1438	PC	237.618374471516
1671	1502	PC	2235.05488448768
1671	1503	PC	2567.61718567097
1671	1504	PC	1490.89089589346
1671	1520	PC	83.7147371792964
1671	1531	PC	18583.1527807799
1671	1563	PC	1015.41765055486
1671	1674	PC	88438.8903823827
1671	1702	PC	1766.86036874741
1671	1703	PC	3251.51059942458
1671	1719	PC	7797.84717007375
1671	1750	PC	598.107085111948
1671	1804	PC	5894.89075789958
1671	1805	PC	274.356034945565
1671	1820	PC	3.69847999509958
1671	1833	PC	12874.4884744885
1671	1860	PC	646.014334234125
1671	1865	PC	1.30914793526249
1671	1868	PC	48998.0404279718
1671	1870	PC	4.05251492124781
1671	1901	PC	1178.22385117414
1671	1931	PC	293.158194619738
1671	1941	PC	5.55207529743168
1671	1971	PC	351.435008784139
1671	1972	PC	29.5177625955058
1671	2014	PC	202.624017572581
1671	2030	PC	45.1990734821296
1673	1673	PC	698239.686942774
1674	1271	PC	5.53237245102596
1675	805	PC	47202.3130395613
1675	1037	PC	475.915004948936
1675	1502	PC	415.074250824178
1675	1503	PC	7818.8604374771
1675	1702	PC	632.791022786444
1675	1750	PC	360.275118664737
1675	1804	PC	754.190784677509
1675	1805	PC	99.7658308892965
1675	1860	PC	103.31367527733
1675	1865	PC	85.0946157920616
1675	1870	PC	25.4729509335576
1675	1901	PC	100.22510581296
1675	1931	PC	190.169613176529
1675	1971	PC	291.704948002645
1675	2012	PC	70.9576768208968
1675	2014	PC	40.5248035145162
1675	2025	PC	55.538962249415
1676	625	PC	7.58892537184459
1677	58	PC	13.1692083257526
1677	305	PC	2.3375520515753
1677	625	PC	18.195329933411
1677	1121	PC	4.74664209130121
1677	1135	PC	1.30938826666088
1677	1449	PC	1531.06451712582
1677	1563	PC	12698.7904177025
1677	1620	PC	.914707583090683
1677	1671	PC	73185.9305657552
1677	1675	PC	665127.675630526
1677	1677	PC	3812794.10704773
1677	1703	PC	9975.21812225543
1677	1751	PC	8773.89971997263
1677	1913	PC	.949228637561973
1702	625	PC	18.1391091054517
1702	1401	PC	1098.06961317193
1702	1438	PC	239.55606173962
1702	1503	PC	2427.89298785704
1702	1504	PC	284.02582122779
1702	1554	PC	2392.58628647668
1702	1563	PC	1691.35459309695
1702	1671	PC	4690.69875542106
1702	1675	PC	14917.0815429427
1702	1721	PC	13187.4192362332
1702	1729	PC	8759.61970657754
1703	1563	PC	712.441942160166
1703	1804	PC	4022.91960345508
1703	1868	PC	20328.8345117481
1711	50	PC	551.427079032871
1711	62	PC	3222.52018947988
1711	1711	PC	768877.274749346
1714	720	PC	2.31072578960912
1714	1664	PC	6694.1667814749
1714	1744	PC	13723.1657491074
1714	1804	PC	348.022008452821
1714	1805	PC	68.7364901572788
1714	1871	PC	73.6985517112623
1714	1901	PC	146.845479849053
1714	1931	PC	1.63481463357361
1717	1717	PC	44057.3281284322
1718	62	PC	32.2320044576902
1719	625	PC	46.0522479017471
1719	1271	PC	273.357258469884
1719	1401	PC	499.72900959322
1719	1554	PC	1854.64396773018
1719	1557	PC	495.930847689044
1719	1563	PC	112.704515308797
1719	1640	PC	4503.4953898575
1719	1664	PC	11270.8032821649
1719	1671	PC	42842.9714569957
1719	1702	PC	58187.0809136463
1719	1717	PC	13703.882704857
1719	1719	PC	390617.402893618
1719	1721	PC	6369.00450275886
1719	1868	PC	1929.45929627891
1721	58	PC	25282.8724991645
1721	219	PC	971.888074223945
1721	540	PC	91.0414809882385
1721	720	PC	.828327210780921
1721	1271	PC	60.343765666641
1721	1674	PC	15029.3034721867
1721	1677	PC	60117.213888747
1721	1702	PC	211649.353171901
1721	1719	PC	117372.723518607
1721	1729	PC	28316.446506164
1721	1742	PC	8983.6436884509
1721	3001	PC	118641.562669508
1721	6040	PC	34248.6332864381
1724	1723	PC	57825.1864185715
1725	1749	PC	40700.1789817513
1729	105	PC	2.66919218620732
1729	219	PC	4.50921167390117
1729	220	PC	3.35829145703517
1729	226	PC	43.5136241277966
1729	228	PC	1.38515071534301
1729	233	PC	1.21203591048129
1729	305	PC	1.34361289651935
1729	306	PC	25.0030223906395
1729	312	PC	2.71598326288097
1729	415	PC	1.24542769809853
1729	418	PC	15.6430888254976
1729	419	PC	11.3153948041241
1729	427	PC	.88093352883086
1729	502	PC	2.09068834711017
1729	514	PC	1.70462566926121
1729	538	PC	5.85540149082348
1729	602	PC	5.4113296339771
1729	625	PC	19.1500259439908
1729	806	PC	3.7342117076682
1729	1253	PC	3.47013983957686
1729	1256	PC	.572034803006193
1729	1503	PC	9.16480784692416
1729	1515	PC	29.4203724677617
1729	1563	PC	1.28514160061017
1729	1630	PC	54.5712235372049
1729	1702	PC	8967.52105332064
1729	1721	PC	6725.94860774277
1729	1804	PC	1.21470059860923
1736	625	PC	16.0690123018884
1736	1422	PC	30339.6803702378
1736	1736	PC	15369.5028283417
1738	50	PC	37.765498190471
1738	51	PC	619.322128175008
1739	625	PC	8.56377078278327
1742	1742	PC	248412.593406414
1743	1743	PC	199678.044719499
1750	1554	PC	498.586785039944
1750	1675	PC	1.38839446840824
1750	1804	PC	2893.29017441084
1750	1868	PC	1586.74407521278
1751	625	PC	22.2583496952308
1751	1750	PC	7093.66233867266
1751	1751	PC	26183.9005667462
1804	402	PC	29.2832124381156
1804	1804	PC	572579.371486505
1804	2002	PC	2.54074375850139
1805	709	PC	2642.14937403296
1805	805	PC	15297.3220440377
1805	1238	PC	448.198876902122
1805	1503	PC	291.157141219171
1805	1511	PC	44870.6564557697
1805	1671	PC	3398.51736065522
1805	1675	PC	1899.17146624851
1805	1804	PC	4905.78236640221
1805	1805	PC	94521.6013630411
1805	1850	PC	393.8133447426
1805	1851	PC	5368.48750634341
1805	1868	PC	11591.5731781886
1805	1901	PC	7498.95750843503
1805	1931	PC	10930.052096783
1805	1941	PC	606.012879292988
1805	1971	PC	1368.85224970836
1813	301	PC	74.9162018952458
1813	1671	PC	1543.15077819478
1813	1676	PC	2.7694318256663
1813	1804	PC	239.713684328344
1813	1931	PC	1.19934159929398
1820	1531	PC	1.59272419040979
1820	1820	PC	63766.6346812171
1820	1931	PC	2.15372881214924
1824	106	PC	1692.27655387212
1824	805	PC	1796.04117208694
1824	1671	PC	1828.93660405659
1824	1824	PC	583327.753684505
1824	1833	PC	127377.972461669
1828	720	PC	3.08468759178286
1832	213	PC	2.82186664349441
1833	104	PC	1948.36072732832
1833	106	PC	2472.69495964069
1833	302	PC	1192.12029081572
1833	805	PC	10304.870376328
1833	1438	PC	831.880947808428
1833	1502	PC	114.713814768018
1833	1504	PC	197.443352809415
1833	1511	PC	514.530045318279
1833	1671	PC	4304.0297745682
1833	1675	PC	789.900929310442
1833	1804	PC	1572.06177509177
1833	1833	PC	102541.667312173
1833	1901	PC	1201.43365687427
1833	2030	PC	23.818008071356
1833	5102	PC	21.1625384723725
1837	1401	PC	1.05314519456384
1841	1841	PC	72956.958996033
1841	4001	PC	46.1639590610838
1841	5101	PC	236.252319583818
1841	5102	PC	76.0705540083775
1841	5605	PC	63.0298876069412
1841	5840	PC	26.2986772428962
1841	5880	PC	27.1680550029919
1848	1848	PC	9138.45302316898
1850	805	PC	2278.48439618751
1850	1671	PC	1577.31188091586
1850	1675	PC	799.651143683582
1850	1804	PC	1756.27659727609
1850	3001	PC	2.17553500332662
1850	5101	PC	561.864538391563
1850	5106	PC	1352.00953852744
1850	5201	PC	22.419304485184
1850	5404	PC	1504.93020539802
1850	5605	PC	23.3187029497951
1850	5880	PC	22.6152336987956
1850	6020	PC	74.6177650860079
1851	1401	PC	3166.7836757392
1851	1503	PC	227.3798626664
1851	1504	PC	3.97493908400688
1851	1554	PC	117.170821432295
1851	1569	PC	222.561994334963
1851	1804	PC	122208.957365636
1851	1805	PC	21462.5281019671
1851	1868	PC	50631.073756099
1851	1901	PC	10.5630277965067
1854	1122	PC	2.67711785256045
1860	1804	PC	2638.50460672126
1860	1860	PC	159287.038638935
1865	709	PC	22.5729294948875
1865	1401	PC	943.418072331581
1865	1804	PC	381.055325768852
1865	1805	PC	435.089031875634
1865	1901	PC	24.552366526215
1865	2002	PC	56.6880727034771
1866	214	PC	.88633527406038
1866	305	PC	1.56710889420969
1866	1401	PC	669.832143268549
1866	1528	PC	4.43646496984625
1866	1805	PC	26922.9725558946
1866	1866	PC	336119.916540089
1866	1931	PC	2.05930673204938
1868	1805	PC	3362.10482491409
1870	106	PC	2079.78547109434
1870	1504	PC	653.99850786512
1870	1675	PC	336.517618827869
1870	1805	PC	2541.54692082249
1870	1833	PC	28441.1769219417
1870	1901	PC	134.521329834508
1870	2014	PC	11.16598253016
1871	213	PC	1.1127497853
1871	1703	PC	6766.81857864225
1871	1832	PC	1.71561075937208
1871	1865	PC	17988.3448072956
1871	1871	PC	306591.336252725
1871	1915	PC	6.56201608948818
1871	1924	PC	15641.4083511292
1871	1931	PC	12039.5269402172
1871	1942	PC	13612.1882179982
1901	105	PC	1851.37852904157
1901	106	PC	6137.8127778492
1901	1106	PC	1183.93937315513
1901	1149	PC	198.681371950477
1901	1676	PC	.862595557038708
1901	1805	PC	2193.71061324182
1901	1833	PC	4146.48609602811
1911	1911	PC	425065.864927848
1913	1860	PC	5178.63258602832
1913	1901	PC	4169.57418878983
1913	1917	PC	6169.19149167028
1913	1931	PC	2503.14320629914
1924	720	PC	1.34437828427816
1924	1924	PC	54868.3088075449
1931	1677	PC	2.0160288104415
1931	1871	PC	.76464362174577
1931	1924	PC	59585.5962650568
1931	1931	PC	38265.554031903
1931	1972	PC	15.7360086876341
1931	2014	PC	11.8068647256184
1931	2022	PC	22.1403482458176
1933	1933	PC	211454.634067069
1933	1940	PC	13726.7046838002
1938	1971	PC	2.60859909655596
1940	1940	PC	30348.5099819345
1942	1942	PC	.636830656607782
1971	105	PC	1577.95255985412
1971	106	PC	3688.02267116421
1971	310	PC	.962175422745175
1971	1172	PC	1.04970211095012
1971	1263	PC	5.388943745502
1971	1401	PC	1649.61446505962
1971	1504	PC	164.681221996704
1971	1671	PC	70.7794598734917
1971	1805	PC	12382.6319437548
1971	1833	PC	6246.02084482574
1971	1901	PC	718.960632230922
1971	1971	PC	82783.5727527736
1972	1971	PC	2.67137644296566
1972	1972	PC	1584237.4488152
1973	1972	PC	128931.567322307
1973	1973	PC	247969.593221159
2002	1106	PC	10.0134416487179
2002	1820	PC	2.15008539140619
2002	2003	PC	.919093572150872
2002	2030	PC	3.85589941561338
2002	2301	PC	34.7566021688026
2004	2004	PC	423139.446921781
2011	51	PC	97.4958386229155
2011	4001	PC	163.572752506885
2011	4003	PC	26.344390502759
2011	4004	PC	26.2364216892231
2011	5101	PC	556.190546048823
2011	5102	PC	32.2826752472334
2011	5106	PC	25.8045464350795
2011	5501	PC	80.0048908301001
2011	5840	PC	180.189152910059
2011	5880	PC	718.316516454326
2012	52	PC	34.9818955856308
2012	58	PC	4.37273694820385
2012	1106	PC	40437.4862817081
2012	1120	PC	1.12227767735133
2012	1146	PC	23282.2938579288
2012	1149	PC	212208.37123334
2012	1173	PC	1485.56944403972
2012	1219	PC	1953.17604121249
2012	1263	PC	17.5420294375831
2012	1271	PC	1311.25132506184
2012	1401	PC	136.34902900967
2012	1504	PC	77.1394537072681
2012	1551	PC	1.49657783199935
2012	1554	PC	521.811149269264
2012	1563	PC	809.75969647439
2012	1804	PC	7.50345918646621
2012	1813	PC	7.68285976308088
2012	1820	PC	10.0974348868641
2012	1833	PC	4840.04201951576
2012	1871	PC	303.528665712182
2012	1901	PC	1.09432269344796
2012	3001	PC	767.663662680908
2012	4001	PC	34.3340827044154
2012	5404	PC	2841.11943127513
2012	5820	PC	12.7403199972359
2012	6020	PC	53.9304223611808
2014	1504	PC	1.71218083102844
2014	1671	PC	62.132497203876
2017	2017	PC	2373093.01422224
2018	1504	PC	84.05901857692
2018	1931	PC	.741859175381281
2019	806	PC	2239.48295218085
2019	1149	PC	112.59500071414
2019	1554	PC	32492.7431491644
2019	1612	PC	7163.62763206572
2025	1805	PC	27761.1653857482
2025	1833	PC	113334.911336557
2025	2030	PC	1.4653625578678
2027	2027	PC	10193.7514100528
2028	1941	PC	28.7161277809351
2030	51	PC	1.61249140163034
2030	623	PC	3145.31253591603
2030	1263	PC	466.777943488236
2030	1271	PC	151.051654786871
2030	2002	PC	8.27430455252106
2030	2003	PC	4864.16769257797
2030	2012	PC	4697.21376602779
2030	2027	PC	162.601118567257
2030	2030	PC	83337.3979854706
2030	5831	PC	139774.986978617
2030	6010	PC	285752.863879411
3001	302	PC	352.441774201807
3001	418	PC	4.66280468900661
3001	602	PC	1.65361159683016
3001	709	PC	2.94317102328304
3001	1551	PC	81.2036516572804
3001	2012	PC	10.9382367824097
3001	2030	PC	1.80497498434543
4001	104	PC	884.498778306787
4001	105	PC	61.8138338811883
4001	106	PC	26.4532886287043
4001	124	PC	286.158854420226
4001	125	PC	487.807608300861
4001	211	PC	252.292276296327
4001	213	PC	1356.79384609993
4001	216	PC	1.46384906460011
4001	219	PC	3582.62784468495
4001	220	PC	1.26432576040141
4001	227	PC	196.942361380239
4001	228	PC	11.8425417290944
4001	229	PC	196.563418423508
4001	230	PC	12.5732161800392
4001	231	PC	242.319315234363
4001	233	PC	38.8998326070753
4001	235	PC	115.228977274044
4001	236	PC	1.81079964462455
4001	237	PC	50.1709997191679
4001	301	PC	13.1454195774636
4001	302	PC	2000.96415526884
4001	303	PC	862.826767632744
4001	304	PC	43.4446570352448
4001	305	PC	2469.62168611384
4001	306	PC	7.85728241337269
4001	309	PC	17.6408195432812
4001	310	PC	2.87004702118735
4001	312	PC	1801.64029597802
4001	412	PC	3.91667107787332
4001	418	PC	67.835173401548
4001	419	PC	20.399195773392
4001	522	PC	3.73135072454087
4001	534	PC	.685906126781799
4001	602	PC	91.8167839139947
4001	604	PC	.977341209207589
4001	605	PC	128.186323685973
4001	626	PC	5.87774021036177
4001	704	PC	3.86680558410832
4001	706	PC	149.219107203532
4001	709	PC	13.8304511669109
4001	711	PC	144.773142298129
4001	713	PC	28.6389527570709
4001	722	PC	.7385833212148
4001	723	PC	8.66735585852831
4001	728	PC	32.1901559265755
4001	805	PC	1.69199029363771
4001	806	PC	1235.32644837337
4001	819	PC	34.6461603039806
4001	834	PC	8.95454904568046
4001	904	PC	89.9166179596016
4001	906	PC	69.0229222778602
4001	941	PC	12.1336306479273
4001	1004	PC	2.0032177745699
4001	1018	PC	840.137181507758
4001	1071	PC	191.32544867665
4001	1072	PC	9.47718687718694
4001	1073	PC	7.86606510806516
4001	1074	PC	37.9087475087478
4001	1075	PC	31.2747166947169
4001	1102	PC	32.8573535277786
4001	1121	PC	2.1239595261089
4001	1122	PC	2.64289261079597
4001	1146	PC	18.5388947675359
4001	1149	PC	29.6535395121316
4001	1172	PC	30.7408640178729
4001	1173	PC	29.6623286192798
4001	1224	PC	64.7410986652178
4001	1247	PC	6.36138780618854
4001	1271	PC	36.6760994753189
4001	1273	PC	54.2568145104369
4001	1274	PC	1857.54233011426
4001	1275	PC	608.463799894163
4001	1277	PC	21.8534391778149
4001	1424	PC	9.01285386234054
4001	1438	PC	228.463909072414
4001	1504	PC	35.699247279092
4001	1548	PC	62.0941643814568
4001	1671	PC	4.79628001079517
4001	1676	PC	2233.59826643674
4001	1702	PC	.949775925320563
4001	1714	PC	30.7696902259703
4001	1804	PC	12.6966421447483
4001	1805	PC	38.7323274347003
4001	1845	PC	590.529985657072
4001	2003	PC	1.10493482639603
4001	2012	PC	3.10671813938264
4001	2028	PC	1.47918909584544
4002	214	PC	1.00810436140283
4002	219	PC	23.0402339523152
4002	220	PC	6.82239071124564
4002	230	PC	35.5426605796161
4002	237	PC	7.24644534033769
4002	304	PC	10.8759676592363
4002	306	PC	7.43191123381145
4002	722	PC	3.21575624735104
4002	1146	PC	17.1299387652032
4003	106	PC	10.6189624466839
4003	219	PC	24.5303913100697
4003	309	PC	2.61023223821671
4003	626	PC	6.50939235766069
4003	628	PC	25.8200022284578
4003	704	PC	.897344406978788
4003	1119	PC	16.9085359001114
4003	1149	PC	1.22700593230615
4003	1677	PC	1.34015895986205
4004	106	PC	30.1175961617127
4004	213	PC	1.71461471053076
4004	227	PC	38.3653950740725
4004	231	PC	14.3278235171833
4004	233	PC	395.392711624356
4004	237	PC	.7320916734708
4004	304	PC	30.2110212756563
4004	502	PC	33.9828650721083
4004	605	PC	25.6372647371946
4004	628	PC	.960506003910639
4004	1074	PC	24.6432131305199
4004	1075	PC	5.09240841534178
4004	1504	PC	24.6201705373048
4004	1714	PC	30.7696902259703
4004	1845	PC	139.495272202458
4005	233	PC	35.3142691739503
4005	304	PC	11.2384999145442
4005	517	PC	5.34765488849541
4005	1102	PC	9330.53233812953
4005	1146	PC	17.2888435774964
4005	1149	PC	422.946041346196
4005	1430	PC	.789267269042626
5101	104	PC	.818940330051884
5101	105	PC	111.242053983883
5101	106	PC	19219.3846183173
5101	211	PC	1.29380654510937
5101	213	PC	2.08866490672587
5101	217	PC	187.768268725614
5101	219	PC	2341.93130344707
5101	221	PC	30.8570675549164
5101	226	PC	.938922451230036
5101	230	PC	110.216423431983
5101	231	PC	7.14003205272968
5101	301	PC	467.213444028025
5101	302	PC	6.78297849681036
5101	304	PC	1.43683617187021
5101	305	PC	247.265124732737
5101	306	PC	11.4922724932597
5101	309	PC	8.48688009675737
5101	312	PC	1.26886289357757
5101	403	PC	3.83825308549125
5101	412	PC	35.5067810406927
5101	417	PC	3.6076035036851
5101	418	PC	271.163062951373
5101	602	PC	41.0529749058048
5101	711	PC	261577.405866977
5101	713	PC	92.2042896330257
5101	805	PC	23.1556309004293
5101	806	PC	29.1838433990305
5101	1124	PC	990.491858077865
5101	1172	PC	1.52792514800699
5101	1173	PC	32.3573645367789
5101	1246	PC	.724353713536531
5101	1271	PC	3.22777808545886
5101	1273	PC	32.6545642886889
5101	1277	PC	32.6545642886889
5101	1430	PC	66.5535417809351
5101	1445	PC	33.2627919165042
5101	1449	PC	26.564612930938
5101	1502	PC	216.525259177291
5101	1515	PC	93.3347598729536
5101	1548	PC	82.5489728048356
5101	1554	PC	71.7452911018756
5101	1653	PC	33.0487974240547
5101	1664	PC	64.6405919224622
5101	1676	PC	40.2553970232339
5101	1804	PC	1.21195220472598
5101	1833	PC	30.2711942020195
5101	1865	PC	69.5457853255023
5101	1929	PC	33.1848191539457
5101	1931	PC	.931743407961778
5102	105	PC	1.88614696401326
5102	106	PC	87.8994592977986
5102	217	PC	12.5214530910136
5102	219	PC	2.82494285830249
5102	230	PC	1259.05090514366
5102	301	PC	899.079993163532
5102	304	PC	1.71598600845728
5102	305	PC	32.5046420109041
5102	306	PC	1618.24731242628
5102	711	PC	334.509793044247
5102	713	PC	145.604542343697
5102	904	PC	225.867050286863
5102	1102	PC	2.64699670285681
5102	1172	PC	45.5251354840957
5102	1271	PC	2.55207979363907
5102	1548	PC	3299.28320211858
5103	312	PC	3.16853191139083
5103	713	PC	57.2184863168129
5103	720	PC	25.5328125446984
5104	418	PC	2292.04728609112
5104	602	PC	15.0096257629778
5106	105	PC	1.23246884391445
5106	301	PC	54.7121595302136
5106	305	PC	9.04397132908048
5106	519	PC	6.3013321642037
5106	602	PC	252.148897328151
5106	713	PC	418.234124310719
5106	1074	PC	30.332052506666
5106	1102	PC	1.86914658265097
5106	1246	PC	1.19235179182968
5106	1247	PC	20.4473179484632
5106	1277	PC	171.461581411223
5106	1673	PC	2.97813102191566
5106	1676	PC	32.1638150366891
5106	1850	PC	.522755528056458
5201	211	PC	628.789980923155
5201	230	PC	93.2994840214923
5201	303	PC	1.08759676592363
5201	805	PC	56.2447322885064
5201	1074	PC	9.72106648615988
5204	125	PC	4.19776817123007
5402	125	PC	3.68355393117362
5402	302	PC	.761317736146539
5403	124	PC	1.76593527277347
5403	125	PC	1.99134408829554
5403	217	PC	.908631682034651
5403	219	PC	5.08065973065704
5403	412	PC	41.8897748063266
5403	602	PC	4.1340289920754
5403	605	PC	33.328444158353
5403	1124	PC	1619.08892622967
5403	1172	PC	1.92911947501991
5403	1227	PC	15.091581593589
5403	1260	PC	63.5959669161101
5403	1271	PC	4.42720535067801
5403	1273	PC	130.618257154755
5403	1274	PC	97.9636928660666
5403	1430	PC	32.8335183921732
5403	1551	PC	225.09301900069
5403	1702	PC	.928934447335472
5403	1824	PC	1.67605665694986
5403	2012	PC	3.68221305963963
5404	104	PC	29.5728452518736
5404	219	PC	152.349168348254
5404	704	PC	2.96455094781638
5404	1102	PC	8.38652420707109
5404	1124	PC	1.26435212984886
5404	1127	PC	15.2874438951908
5404	1850	PC	4.08374683665784
5501	106	PC	1.37788002439836
5501	219	PC	31266.467555692
5501	626	PC	13.0187847153214
5501	926	PC	18361.6558158018
5501	1002	PC	1.00417269034955
5501	1224	PC	23.4404466511926
5501	1274	PC	2.4063901991203
5501	1275	PC	14.0753731532052
5501	1277	PC	1.23961749818984
5501	1520	PC	.770376401272382
5501	1548	PC	23.4124631548673
5501	1551	PC	269.460992618057
5501	1671	PC	1.47417485584825
5501	1677	PC	1.63052673449882
5605	104	PC	11.5754940818584
5605	106	PC	6.74006704102329
5605	125	PC	.817056761243545
5605	219	PC	407.062966109956
5605	220	PC	2.81106554794522
5605	228	PC	33.319837050645
5605	231	PC	4.01179058481133
5605	302	PC	42.070659787628
5605	306	PC	1.33411869953298
5605	418	PC	19.5393720301229
5605	627	PC	1.50393797237508
5605	904	PC	1.10717001349163
5605	926	PC	3.53322771001034
5605	1072	PC	1.48981377709379
5605	1075	PC	1.05133593090927
5605	1106	PC	37.6494644302725
5605	1121	PC	11.1507875120717
5605	1124	PC	155.133205552421
5605	1172	PC	3.08059929670634
5605	1272	PC	129.381151546126
5605	1674	PC	1.18827427774435
5700	106	PC	81608.6463995208
5700	309	PC	11.5285257187905
5700	521	PC	6.55725306956053
5700	805	PC	89916.0363806442
5700	1529	PC	.558727660461613
5710	213	PC	6.473945703377
5710	301	PC	12.9303171059809
5710	305	PC	1.30511611910835
5710	308	PC	2.24769998290883
5710	309	PC	31.4194621266826
5710	612	PC	2.50753385857491
5710	1074	PC	59.1376461136465
5710	1149	PC	30.3256505618173
5720	231	PC	78.7457180504395
5720	521	PC	67.4993573885139
5720	626	PC	59.1149261517927
5740	304	PC	1.72081977186138
5740	602	PC	8.93983769536306
5750	428	PC	1.54043432899575
5750	628	PC	.992522870707661
5760	237	PC	2.51183177621878
5770	231	PC	1.07458676378875
5770	233	PC	1.27756946541322
5800	104	PC	26.7293024391934
5800	233	PC	2.22299702272516
5800	306	PC	43.7370997211932
5800	545	PC	1.74600353025508
5800	1274	PC	3.72010843934986
5800	1276	PC	3.26671237364922
5800	1504	PC	42.2605227272837
5800	1653	PC	1.48522795703938
5810	1515	PC	.861551629596495
5810	2004	PC	21.1832260678278
5820	219	PC	85.8782628923959
5840	125	PC	1.92212294059563
5840	219	PC	13.9905295057431
5840	220	PC	208.136523059255
5840	228	PC	.834617226621894
5840	238	PC	6.06693822088369
5840	301	PC	1.35707907570248
5840	302	PC	2.16069224163494
5840	307	PC	28.3488139242249
5840	310	PC	1.32928493612888
5840	312	PC	.815697574442721
5840	604	PC	1.1182200862233
5840	620	PC	34.8180523972099
5840	623	PC	5.17164658965693
5840	626	PC	3.23058731824642
5840	1102	PC	3.87038092156331
5840	1124	PC	48.3734723097239
5840	1149	PC	2.90567049000107
5840	1172	PC	23.9674533020704
5840	1173	PC	.911805288665723
5840	1271	PC	2.38127130351362
5840	1401	PC	.840224890043451
5840	1503	PC	1.74381335218899
5840	1702	PC	6.80771991612999
5840	1865	PC	1.24298397213646
5841	215	PC	1.61497479901059
5841	231	PC	1.53188313104552
5841	305	PC	3.91534835732506
5841	1119	PC	14.7137012763618
5841	1130	PC	13.467771884224
5842	105	PC	9.45231254441909
5842	229	PC	2.22442330020686
5842	304	PC	1.16493698038931
5842	706	PC	.801574226432107
5842	1221	PC	12.5757017502451
5842	1653	PC	1.23768996419949
5842	1865	PC	1.27152656705219
5850	2015	PC	1.43763112658613
5880	106	PC	1.50462490824556
5880	211	PC	40.4961448619233
5880	219	PC	85.7370157494807
5880	231	PC	32.9444422071768
5880	302	PC	95.7085154012792
5880	305	PC	1.71598600845728
5880	306	PC	3.31354481351399
5880	403	PC	10.6475983741961
5880	418	PC	254.362163516381
5880	626	PC	66.0667161011684
5880	806	PC	844.52425822751
5880	1124	PC	1875.34229436966
5880	1503	PC	16.273710150795
5880	1551	PC	26.2754496887964
5880	1634	PC	125.2424142051
5880	1841	PC	26.981686845379
6000	308	PC	7.7654409086947
6020	106	PC	52.8526165642856
6020	124	PC	174.015519579867
6020	213	PC	67.7096248504103
6020	217	PC	9.09969873024393
6020	219	PC	7806.7564258761
6020	220	PC	70.6035067856007
6020	231	PC	31.0436176205639
6020	304	PC	17.8414207245516
6020	305	PC	865.342741484581
6020	308	PC	.744399564232172
6020	309	PC	4312.86497527014
6020	521	PC	34.443208856316
6020	612	PC	20.7353761382156
6020	619	PC	41.6308348530446
6020	626	PC	5595.63037823893
6020	627	PC	132.597197897736
6020	704	PC	.691114775826345
6020	722	PC	6.7348138929329
6020	901	PC	18.7276718056459
6020	904	PC	1.31026037099602
6020	1072	PC	24.8201206188941
6020	1074	PC	783.194723530728
6020	1102	PC	133.023902025984
6020	1121	PC	27.6114738394157
6020	1149	PC	28.034020726809
6020	1172	PC	219.270935818333
6020	1173	PC	30.4803482211113
6020	1175	PC	1.87571373668377
6020	1243	PC	17.7286115234201
6020	1272	PC	111.339504776626
6020	1275	PC	1.79097725675655
6020	1277	PC	227.868573385592
6020	1516	PC	2.02248843457908
6020	1551	PC	244.315387265879
6020	1636	PC	3.71693603329685
6020	1671	PC	51.3727601280451
6020	1805	PC	2.93532761209383
6030	106	PC	50.1959936028545
6030	231	PC	2.37006080680074
6030	309	PC	39.4326334098377
6030	602	PC	24.3473637488281
6030	1071	PC	24.0088734222069
6030	1172	PC	.901384656795257
6030	1175	PC	2.91386918677889
6030	1677	PC	141.23786371435
6030	1850	PC	1644.52048042982
6030	1972	PC	2976.93215605067
6040	1272	PC	25.8636708614219
6050	1124	PC	237.856244427817
