50	219	PC	9.24886291808237
50	233	PC	2.53160131529171
50	301	PC	1535.29268176673
50	427	PC	10.8196373200668
50	517	PC	1023.8687836688
50	716	PC	365.583391066723
50	722	PC	13.8947573607918
50	806	PC	.703342836729773
50	1002	PC	1.1715348054078
50	1636	PC	401.862404101352
51	301	PC	1.0175071965641
51	1833	PC	418.586580595426
52	105	PC	37.075607549682
52	106	PC	165.491171309251
52	125	PC	37.1223126379216
52	128	PC	120.48041169948
52	135	PC	64.4593539855773
52	211	PC	218.627429992582
52	219	PC	2.96619000121762
52	220	PC	1.79908195068494
52	226	PC	15.4227401839046
52	230	PC	7752.15160044028
52	231	PC	8.32207749289731
52	233	PC	145.897909892067
52	235	PC	121.610328863588
52	301	PC	77.6302402699265
52	402	PC	26.9093840411035
52	417	PC	220.496726145232
52	426	PC	40.1373536011493
52	605	PC	855.461686024235
52	625	PC	19.4803138869811
52	627	PC	1.10845798704681
52	704	PC	14.0420282782905
52	706	PC	83.4112387698508
52	806	PC	.703342836729773
52	807	PC	172.292045029679
52	904	PC	23.359758647574
52	906	PC	25.3908978497256
52	1034	PC	2.84720395005968
52	1146	PC	2.11873083057554
52	1173	PC	525.509860069603
52	1243	PC	.844219596353339
52	1271	PC	2.51063361588804
52	1416	PC	1.38067223231917
52	1548	PC	68.4683249523097
52	1563	PC	9.12422534249658
52	1922	PC	.790863431723389
52	2101	PC	40.8762180507163
54	301	PC	1.27369665698167
54	806	PC	2.5874713038722
54	1502	PC	29.0943562603126
54	1871	PC	31.345676221941
55	213	PC	1.70415176797985
55	231	PC	1.32890563121875
55	235	PC	1.36086880755295
55	301	PC	1899.06479738776
55	716	PC	39.2529114003396
55	1130	PC	178.613164987432
56	124	PC	43.8261308571517
56	235	PC	1.01226468643274
56	301	PC	13413.736950262
56	425	PC	2.59655361436139
56	428	PC	9.44986441096665
56	502	PC	.951520222019032
56	627	PC	30.7872813367093
56	720	PC	5.56520747502036
56	928	PC	208.965502231959
56	1271	PC	10.0475582426735
56	1677	PC	1.07212716788964
57	418	PC	38.4570367683783
57	602	PC	1.21540452367017
58	104	PC	8.63527081354708
58	105	PC	4.50593655602092
58	106	PC	643.766127756289
58	111	PC	1.59931814048167
58	119	PC	.898918530068891
58	124	PC	83.5029583252102
58	128	PC	74.9160507848182
58	213	PC	51.0643911197276
58	217	PC	4.20861066273782
58	219	PC	728.051335798865
58	220	PC	75.9576060501754
58	221	PC	39.4161852357133
58	226	PC	589.117502799774
58	227	PC	3.22269318622209
58	230	PC	40.4075622464511
58	231	PC	91.0891380104929
58	235	PC	554.185743928945
58	237	PC	26.2543220830908
58	238	PC	2.94246503712859
58	301	PC	4125.78383024107
58	402	PC	7.98532888847932
58	412	PC	302.52050575755
58	418	PC	773.604198988386
58	419	PC	6.0948263816279
58	427	PC	19.2668232568608
58	501	PC	14.0564792192289
58	502	PC	2.26552433814055
58	513	PC	30.6064732443966
58	529	PC	8.59223243814521
58	602	PC	323.893936978372
58	604	PC	1.28523562936318
58	605	PC	17.6076734215052
58	617	PC	40.4932522107669
58	625	PC	11.3826772741505
58	626	PC	150.996204723203
58	702	PC	6.23269360141423
58	704	PC	1.22755732828836
58	706	PC	19.0076883646927
58	709	PC	2.80459672093679
58	728	PC	1256.69351415131
58	805	PC	46.4832498252119
58	806	PC	11.8884476708352
58	815	PC	1.48057178229603
58	819	PC	274.6374476404
58	906	PC	32.3101406969315
58	1014	PC	16.6610386249324
58	1032	PC	3.5775861743389
58	1034	PC	29.8305807270075
58	1101	PC	1.25734317218409
58	1102	PC	8.8215751503129
58	1106	PC	7.19443080767595
58	1121	PC	.956843766512061
58	1124	PC	3.08085803792286
58	1149	PC	6.17266788031316
58	1221	PC	.967361673095775
58	1228	PC	10.1626271529911
58	1247	PC	.908769686598362
58	1260	PC	55.2869092386476
58	1266	PC	.856959093712603
58	1271	PC	5.99839227087608
58	1273	PC	36.4223986296914
58	1274	PC	97.6861290696127
58	1277	PC	35.9438836683841
58	1401	PC	.62496066201579
58	1416	PC	19.4479538178696
58	1420	PC	4.00945215082197
58	1502	PC	6.00861705376021
58	1516	PC	2.02248843457908
58	1528	PC	2.34772537675997
58	1548	PC	6817.88064882199
58	1563	PC	35.8857941308864
58	1566	PC	7.63041099946236
58	1657	PC	1.03030990755196
58	1663	PC	83.828922187904
58	1677	PC	20.2780941282237
58	1702	PC	3.30635161463475
58	1703	PC	3.0189482728906
58	1719	PC	3400.93838060497
58	1721	PC	32.0891453723709
58	1804	PC	4.36533641740347
58	1805	PC	9.07097769015109
58	1833	PC	19351.916892608
58	1837	PC	1.28783619659156
58	1841	PC	6.81827226582726
58	1870	PC	.670684746207189
58	1901	PC	25.7283027044655
58	1931	PC	1.95744413437348
58	1971	PC	49.5296115729268
58	2012	PC	3.64323087384037
58	2101	PC	66.2504340785027
59	106	PC	319.611695167615
59	219	PC	14.1247142915125
59	301	PC	19.4184360351409
59	403	PC	23.7118746170347
59	919	PC	1.75973062828265
59	1149	PC	1.09688523308701
59	1528	PC	2.70606240794965
60	101	PC	111.29224656247
60	111	PC	22.1203894663746
60	125	PC	33.7959892725564
60	128	PC	112.977998173635
60	217	PC	6.97465143853402
60	237	PC	39.582177221329
60	301	PC	31487.2109461137
60	617	PC	36.0512589038591
60	906	PC	62.1567913715033
60	1106	PC	51.0781192475972
60	1135	PC	5068.37225790201
60	1271	PC	49.8949182883363
60	1416	PC	125.318667632233
60	1502	PC	28.6147210393545
60	1516	PC	26.4056090018645
60	1620	PC	27.1776783244625
60	1638	PC	65.7541534218559
60	1677	PC	176.82355129522
60	1804	PC	50.2960164961281
60	1871	PC	233.091348257653
60	1924	PC	12.7940034316531
61	213	PC	1.06722014019306
61	301	PC	1.30753300081041
62	211	PC	232.735096560454
104	52	PC	7.35757788573832
104	106	PC	258.433514834515
104	1675	PC	640.04229495605
105	106	PC	236.691477043453
105	805	PC	58.7105843539786
105	1149	PC	43.9691034930376
105	1263	PC	18.6842496738826
105	1271	PC	71.9120554727556
105	1504	PC	12.438341795879
105	1535	PC	274.875363200367
105	1548	PC	170.239204229235
105	1671	PC	112.484004236317
105	1675	PC	188.786847874329
105	5831	PC	6.9226350074491
106	104	PC	148.310769366922
106	105	PC	100.76927930687
106	1037	PC	3660.01062032686
106	4001	PC	7.69683990215972
106	5850	PC	2.20620139339439
106	6020	PC	2.30566129227692
211	5605	PC	1.23724744685955
219	50	PC	228.990553719619
219	52	PC	48.8389339350159
219	58	PC	12.0192870342673
219	2012	PC	82.6818523987994
219	3001	PC	4.91154339653816
219	4001	PC	52.4785771918715
219	5404	PC	30.7603462353043
219	5800	PC	26.1602885872598
219	5850	PC	33.7442894201496
220	55	PC	1.16017155598374
220	60	PC	4.74112909210864
220	4001	PC	.677142931508019
226	50	PC	37.7763328443339
226	52	PC	33.6483885459137
230	58	PC	7.25805457938052
230	5201	PC	1.98947939656294
233	51	PC	2.18335586201332
235	628	PC	4187.40621202976
301	106	PC	965.811006405014
301	235	PC	3568.00290474979
301	237	PC	407945.73487731
301	602	PC	801657.706855837
302	1106	PC	644.082134043954
302	1124	PC	123.819826629109
302	1502	PC	3166.61214443094
302	1901	PC	2247.40774486927
402	60	PC	2.02058009034197
418	50	PC	2.59048729531021
418	58	PC	1.56508607424992
418	60	PC	18.888969861637
517	58	PC	11.8482379066689
517	5101	PC	3.60293125551653
517	5106	PC	1.9149798506998
517	5201	PC	34.2151211176602
517	5880	PC	8.3430408700079
602	58	PC	452.35974958622
602	106	PC	3350.62240125151
602	302	PC	2585.12728555839
602	602	PC	475.107136742019
602	627	PC	11094.7962844172
602	704	PC	1817.71701124954
602	805	PC	6727.14791026568
602	1037	PC	2036.34661752189
602	1071	PC	3501.93960987028
602	1124	PC	1168.15851467433
602	1263	PC	972.454546239278
602	1271	PC	2.83068080168779
602	1502	PC	1359.42632817874
602	1535	PC	1436.28504044504
602	1548	PC	2324.50412365548
602	1671	PC	3.27067349049405
602	1675	PC	92.1239699822491
602	1805	PC	595.329717753399
602	2101	PC	861.42136779282
623	602	PC	.635873119228778
623	826	PC	12.7814259060421
623	827	PC	.9869118833251
623	1246	PC	3.00237080432102
624	5790	PC	46.2288444589331
627	805	PC	298.875261294856
627	1271	PC	896.382253867801
628	105	PC	124.899847855744
702	627	PC	161.864976315776
702	805	PC	571.788738789441
704	1271	PC	136.780616414734
704	1671	PC	2.21136028256843
704	4001	PC	5.80130875427734
709	302	PC	319.0251143145
709	627	PC	529.105198603279
709	1504	PC	243.511954269625
709	1671	PC	16.6576368493382
709	1675	PC	70.9017363330805
709	5760	PC	2.9564688224864
719	720	PC	1297.12537154339
728	58	PC	554.665904908203
805	55	PC	367.781469115981
805	840	PC	661547.128415547
805	5101	PC	52265.4689683683
805	5102	PC	45.3932988921329
805	5106	PC	153.318804733658
805	5605	PC	392.931663360748
805	5760	PC	2.42525559037786
805	5870	PC	28780.0054135431
806	58	PC	25.1338735476574
815	704	PC	96.8055291033237
815	805	PC	6711.21756227587
815	806	PC	3042.30617133688
815	1037	PC	236.111396533253
937	5101	PC	138.213038281997
937	5860	PC	22.7833704144134
937	6020	PC	6.835011124324
937	6030	PC	6.06607237283755
1002	1072	PC	1462.69497224312
1002	1271	PC	1138.13822410768
1032	1504	PC	1.13405085222342
1032	1805	PC	40.4918260276339
1034	5104	PC	17.7853199329532
1071	627	PC	104.23209208302
1071	1263	PC	1768.55803627915
1071	1271	PC	58.755193361459
1071	1273	PC	1369.59298322246
1071	1504	PC	88.6922335657713
1071	1671	PC	1.49005060890481
1072	50	PC	24.1460953566232
1072	52	PC	816.508207094174
1072	56	PC	39.7106515969552
1072	3001	PC	6458.2216460467
1072	4001	PC	15.5138354372732
1072	6000	PC	1.41034867611575
1101	1149	PC	198.077949524751
1102	4001	PC	2228.98971758091
1102	4005	PC	3089.67499444455
1102	5605	PC	1692.10238013505
1102	5740	PC	131.672130604366
1102	5831	PC	172.594442773775
1102	5860	PC	88.7054353545201
1102	6000	PC	18.4964692938449
1102	6030	PC	1090.33764289931
1102	6040	PC	753.534193037616
1106	104	PC	821.334691057038
1106	1134	PC	171.864581398887
1106	1149	PC	555.587109941845
1106	1173	PC	314.872531872511
1106	1246	PC	520.757240865058
1106	1247	PC	398.104411184295
1106	1263	PC	529.498534386215
1106	1271	PC	2272.89661602162
1106	1273	PC	797.973529778403
1106	1504	PC	19.8193902016554
1106	1548	PC	124.610528609456
1106	1671	PC	41.5070050922077
1106	1675	PC	1488.16926015941
1106	1871	PC	417.172828479274
1119	5840	PC	6.09673769999209
1122	1102	PC	13587.1351470774
1122	1122	PC	3122.63161314213
1124	1263	PC	8.07827567662897
1124	1271	PC	37.3623157315575
1124	4001	PC	1560.51110083895
1124	4003	PC	1.22662984826172
1124	4004	PC	4.62007475804792
1124	4005	PC	9.95741612228279
1124	5404	PC	361.52084981725
1124	5605	PC	1086.91994259704
1124	5831	PC	346.505606853594
1124	5870	PC	1.03951682056078
1124	5930	PC	495.50301780064
1124	6000	PC	31.8092147091599
1130	302	PC	6072.39518342627
1130	1037	PC	1621.09813999452
1130	1106	PC	105.030670286645
1130	1146	PC	132.828121673546
1130	1149	PC	887.008143766161
1130	1263	PC	60.2198732257796
1130	1535	PC	3058.39909247158
1130	1548	PC	4660.31674403146
1130	1638	PC	555.119515842039
1130	1675	PC	5.85739851966939
1134	805	PC	6985.08107926811
1135	302	PC	1274.58743289279
1135	805	PC	1861.1777667188
1135	806	PC	8042.91239452412
1135	1101	PC	70.7992563359982
1135	1149	PC	2193.40622752855
1135	1263	PC	550.793324065552
1135	1271	PC	2109.61988394517
1135	1273	PC	1798.76030161849
1135	1535	PC	25.3355755313402
1135	1671	PC	27.1942447155844
1135	1675	PC	1187.95911125974
1135	1805	PC	358.767550201591
1135	1824	PC	29.0144035521876
1135	2302	PC	946.66533035592
1135	5201	PC	41045.5032611836
1135	5605	PC	1580.5042425705
1146	1871	PC	194.294555135891
1149	701	PC	1914.81279114575
1149	702	PC	24569.3753922252
1149	709	PC	4841.18032829331
1149	805	PC	22765.0363140072
1149	1003	PC	501.991345427145
1149	1106	PC	26.3978903626093
1149	1124	PC	741.496093999829
1149	1134	PC	526.139332110026
1149	1159	PC	193.586846882514
1149	1172	PC	219.096195139918
1149	1221	PC	1913.11042954417
1149	1871	PC	4849.89101089206
1149	2030	PC	8.68043164231535
1159	302	PC	229.640509620347
1159	602	PC	3264.84999335408
1159	1071	PC	1659.16335370826
1159	1073	PC	1278.98902741932
1159	1149	PC	1193.34942963323
1159	1219	PC	1448.71008151823
1159	1263	PC	1076.70284895525
1159	1271	PC	34.4058178497496
1159	1273	PC	74.2441332547228
1159	1675	PC	490.927680918181
1173	5302	PC	1.03951682056078
1221	1149	PC	385.70471229796
1221	1504	PC	35.1854670222234
1221	1548	PC	4347.1513004999
1221	5842	PC	44.1759956025815
1224	104	PC	479.055204351817
1224	105	PC	645.88649685464
1224	106	PC	4057.04842216376
1224	302	PC	4664.96854469013
1224	704	PC	2039.98634766936
1224	805	PC	137067.326106639
1224	806	PC	6174.46311051935
1224	1037	PC	293.12886087209
1224	1071	PC	4121.45834628376
1224	1072	PC	1401.326978336
1224	1073	PC	869.990499050264
1224	1101	PC	940.765465625336
1224	1106	PC	3192.72075162161
1224	1146	PC	937.238634013909
1224	1149	PC	4736.45386701895
1224	1173	PC	867.696592910327
1224	1246	PC	1560.49643313757
1224	1247	PC	2820.99236294564
1224	1263	PC	26173.0003819466
1224	1271	PC	19157.9945410516
1224	1273	PC	11564.5298667066
1224	1401	PC	9529.54388035178
1224	1411	PC	390.285616022979
1224	1502	PC	3128.98603661605
1224	1503	PC	2112.24146564387
1224	1504	PC	571.968405779864
1224	1520	PC	185.631912535318
1224	1554	PC	367.520629817166
1224	1563	PC	261.366596760855
1224	1569	PC	415.588579055471
1224	1612	PC	27.7994046122561
1224	1671	PC	190.843856159812
1224	1675	PC	981.991334493959
1224	1805	PC	737.575086036434
1224	1833	PC	27206.3247601973
1224	1971	PC	139.92303744377
1224	2305	PC	26024.2227482071
1244	1569	PC	1.355974512219
1246	56	PC	10092.1734217601
1246	1106	PC	40.1997899729592
1246	1124	PC	128.903718421113
1246	1271	PC	569.746208922296
1246	1401	PC	45.3851576171943
1246	1503	PC	59.569091611611
1246	1871	PC	88.6588818821512
1246	2303	PC	7201.41020172961
1246	3001	PC	2005.4860944335
1246	4001	PC	1958.26087559103
1246	5101	PC	302.610437710955
1246	5201	PC	41.5166759054664
1246	5403	PC	8793.30115123759
1246	5404	PC	30.4455623306754
1246	5605	PC	457.098601719185
1246	5700	PC	141.133633258638
1246	5710	PC	82.5720554119832
1246	5720	PC	10.0562614971019
1246	5790	PC	200.202637144138
1246	5800	PC	3759.12741986046
1246	5810	PC	2000.20425066553
1246	5820	PC	1360.93970100114
1246	5831	PC	5726.07220016172
1246	5835	PC	9242.07335295577
1246	5840	PC	5190.64546990089
1246	5850	PC	138.388919684888
1246	5890	PC	106.536403337416
1246	6000	PC	483.438626099209
1246	6010	PC	344.127113616422
1246	6020	PC	5116.2844903902
1246	6030	PC	129.162991705896
1246	6040	PC	348.555559046338
1246	6050	PC	27.6777839369776
1251	1273	PC	41.9293746825932
1263	105	PC	1.3085723871394
1263	805	PC	856.813387900256
1263	1106	PC	456.429913481798
1263	1124	PC	461.843608285932
1263	1246	PC	89.5154828743568
1263	1263	PC	436.533166516403
1263	1271	PC	1102.49591077171
1263	1401	PC	294.257759011011
1263	1411	PC	494.240100922278
1263	1502	PC	356.283375595603
1263	1503	PC	767.009776487487
1263	1504	PC	436.047960191498
1263	1871	PC	39.1748547851366
1263	1971	PC	29.9573596462591
1263	2030	PC	571.581671175849
1263	2304	PC	48872.6026931697
1271	51	PC	362.108447247478
1271	105	PC	5.67048034427072
1271	1071	PC	1177.17946919109
1271	1102	PC	10.2928864255742
1271	1106	PC	79.6505155364844
1271	1124	PC	64.3290937644413
1271	1149	PC	1029.5104305725
1271	1159	PC	4.44949585990812
1271	1224	PC	3.00988507087728
1271	1246	PC	551.72758109481
1271	1263	PC	5990.82082568482
1271	1271	PC	1543.37095339016
1271	1273	PC	1418.5077420192
1271	1401	PC	.63922757207316
1271	1420	PC	1882.31961538617
1271	1439	PC	9.74521679564555
1271	1504	PC	2469.12535185359
1271	1520	PC	2.31189868020337
1271	1535	PC	33.5987618211574
1271	1548	PC	54.6340598606269
1271	1554	PC	.786793771850817
1271	1563	PC	1.19690731970677
1271	1612	PC	103.693607008916
1271	1638	PC	11.6212476185906
1271	1671	PC	3389.86921839375
1271	1675	PC	2557.57115819507
1271	1804	PC	.850025172722853
1271	1805	PC	86.7281770489488
1271	1871	PC	379.721180154175
1271	1971	PC	34.1374563410859
1271	2012	PC	1.61240479165837
1271	2030	PC	379.907948839529
1271	2302	PC	98.3190394060504
1271	4001	PC	34.597229921222
1273	1271	PC	704.783459738294
1401	1071	PC	2444.52259846459
1401	1120	PC	11476.6130491007
1401	1124	PC	102.099319184521
1401	1149	PC	12.1966437496624
1401	1246	PC	243.647510790313
1401	1263	PC	1451.15269775309
1401	1271	PC	75.2120791541626
1401	1273	PC	541.299054518594
1401	1504	PC	4659.06028004007
1401	1548	PC	367.180497101757
1401	1671	PC	608.660094140377
1401	1675	PC	1044.38235909104
1411	1263	PC	5294.35522743794
1411	1273	PC	3732.04231521169
1411	1548	PC	510.170747473866
1416	5605	PC	24.7738346568545
1421	104	PC	11769.2353813101
1421	4001	PC	46239.9388162912
1421	5101	PC	973.961485647271
1421	5403	PC	10784.0279806043
1421	5800	PC	7516.28216712792
1421	5840	PC	3751.49572195846
1424	1247	PC	313.52880854227
1424	1263	PC	1007.65507558302
1424	1271	PC	147.612728014012
1424	1273	PC	3856.41862815471
1424	1439	PC	76.6517404916973
1424	1504	PC	80.1267988904729
1424	1671	PC	3004.60517081893
1424	1675	PC	11.9869122282757
1439	1263	PC	1.79810398371225
1439	1271	PC	4.53616125611303
1439	1273	PC	66.3413583706531
1439	1931	PC	66.7201725714961
1502	1149	PC	561.474706260441
1502	1173	PC	332.304550932856
1502	1263	PC	399.420635794216
1502	1273	PC	698.362396386312
1502	1439	PC	38.808731267816
1502	1502	PC	4269.56501795892
1502	1503	PC	471.140528553775
1502	1504	PC	1801.54074745568
1502	1511	PC	2403.54565851953
1502	1535	PC	637.498544329188
1502	1548	PC	289427.11502704
1502	1563	PC	1.15139488325917
1502	1612	PC	.623037861846955
1502	1671	PC	1299.71200891782
1502	1675	PC	3083.33713464631
1502	1824	PC	1041.82300396263
1503	1149	PC	134.892609848317
1503	1246	PC	359.336714293722
1503	1263	PC	529.287559999337
1503	1502	PC	1880.17101959481
1503	1503	PC	4.89745096044843
1503	1504	PC	524.137502711208
1503	1548	PC	9561.74460426088
1503	1671	PC	1407.21775392472
1503	1675	PC	10011.9331758696
1503	2301	PC	426.355460601938
1503	3001	PC	1.08410371433177
1503	5101	PC	5.55950622734242
1503	5102	PC	2.45730175248535
1503	5106	PC	14.570353920619
1503	5201	PC	29.9879765902851
1503	5403	PC	11.6883058923647
1503	5404	PC	62.0752227320145
1503	5605	PC	71.7810087037091
1503	5700	PC	173.51886076283
1503	5720	PC	4.16295826303401
1503	5770	PC	1.0407395657585
1503	5840	PC	7.28517696030952
1503	5860	PC	6.16326860363182
1503	5880	PC	270.512230207537
1503	6000	PC	2.27939755321039
1503	6010	PC	14.8994766892777
1503	6020	PC	365.369637359698
1503	6030	PC	211.261236639012
1503	6040	PC	28.5536239836307
1503	6050	PC	90.9979979291407
1504	105	PC	16.8041794940641
1504	306	PC	13376.6730639205
1504	709	PC	16.3298242890448
1504	1032	PC	2.36704576446497
1504	1071	PC	899.520140264012
1504	1106	PC	1.94912323688568
1504	1124	PC	4.79167707135206
1504	1221	PC	3.70735379950017
1504	1263	PC	627.730282570172
1504	1271	PC	293.315826480413
1504	1273	PC	800.225741987589
1504	1401	PC	4.78204308434003
1504	1439	PC	6.25603717997092
1504	1502	PC	3196.40002014377
1504	1503	PC	2.47825140264168
1504	1504	PC	89.933018753254
1504	1548	PC	11207.5549433898
1504	1563	PC	.891026286080979
1504	1612	PC	1.05091880604282
1504	1671	PC	8015.10068006423
1504	1675	PC	7375.94704804772
1504	1804	PC	6.35901387287004
1504	1820	PC	19.91030622917
1504	1824	PC	248.483760126916
1504	1860	PC	2.97420480290697
1504	1865	PC	1.28138814396961
1504	1866	PC	1.15549989952806
1504	1870	PC	9.06647652651497
1504	1871	PC	1.32525746168778
1504	1901	PC	2.68161882674644
1504	1931	PC	2.34429681181296
1504	1971	PC	1.35961665941253
1504	2012	PC	3.10058288926076
1504	2030	PC	508.806383524609
1511	301	PC	5.98304971535574
1511	403	PC	950.332567682752
1511	1224	PC	1.275243422319
1511	1271	PC	14.3325349061048
1511	1445	PC	3.55896182599534
1511	1504	PC	163.557331327119
1511	1548	PC	1645.22798769927
1511	1563	PC	3.85636681491647
1517	806	PC	1796.16269154908
1517	1504	PC	201.383455416818
1520	1271	PC	19.5780842350804
1520	1273	PC	106.789550373166
1520	1504	PC	220.967448235306
1520	2030	PC	863.409797805958
1535	105	PC	1399.40471914207
1535	1271	PC	159.332261024272
1535	1804	PC	312.818863571248
1535	1901	PC	1447.9757404515
1535	1971	PC	574.881836809805
1548	56	PC	2150.85887652244
1548	105	PC	2977.33065907743
1548	1037	PC	42.3416724755778
1548	1271	PC	43.1341480120957
1548	1502	PC	73615.51691613
1548	1503	PC	37208.0155948012
1548	1504	PC	14638.0937776583
1548	1511	PC	14346.3398805869
1548	1563	PC	312.949129269842
1548	1671	PC	4356.26171725613
1548	1719	PC	751.008254378328
1548	1804	PC	92.7669733349218
1548	1820	PC	949.702551385159
1548	1824	PC	1669.16348022213
1548	1868	PC	149.233739696779
1548	1901	PC	1099.63395421498
1548	1941	PC	1698.62261662498
1548	1971	PC	283.130962304252
1548	4001	PC	34.0256303185321
1548	5403	PC	20216.4928939026
1548	5605	PC	1.75616156482746
1548	5710	PC	23.7081811251708
1548	5800	PC	25.3633634000207
1554	1503	PC	4.89745096044843
1554	2301	PC	32.1604334505772
1612	1124	PC	2.56163068811271
1612	1438	PC	147.150609607768
1612	2301	PC	405.221461477273
1638	1804	PC	3.33615870555278
1671	62	PC	1250.5390866092
1671	1102	PC	446.081292099658
1671	1106	PC	67.6169695231107
1671	1124	PC	88.5739959756287
1671	1130	PC	97.9004651551123
1671	1271	PC	1119.19983432681
1671	1273	PC	304.710001178004
1671	1401	PC	21.059180949785
1671	1416	PC	3.64402818221047
1671	1439	PC	2.7880966540478
1671	1502	PC	1866.47170918587
1671	1503	PC	41.3035212370742
1671	1504	PC	5707.96493533253
1671	1520	PC	211.912822977764
1671	1548	PC	30.3123783835907
1671	1702	PC	26.0040379529954
1671	1703	PC	4373.50406560232
1671	1725	PC	7134.2902568904
1671	1750	PC	481.063403013035
1671	1804	PC	1963.63005853609
1671	1805	PC	6.92353142585824
1671	1812	PC	7893.12914321312
1671	1813	PC	46.6001947488068
1671	1820	PC	405.166337749233
1671	1824	PC	329.914320093128
1671	1837	PC	7.73688686701886
1671	1860	PC	806.74683624264
1671	1865	PC	108.373476308436
1671	1866	PC	24.5779148023182
1671	1868	PC	33.4614968861176
1671	1870	PC	64.2824482912589
1671	1871	PC	105.506358014077
1671	1901	PC	2111.5439432019
1671	1931	PC	20.895419605358
1671	1941	PC	34.7459781681749
1671	1971	PC	2214.41160832158
1671	2002	PC	57.424858123324
1671	2012	PC	202.248375071917
1671	2014	PC	130.57260923835
1671	2019	PC	3.0158775933061
1671	2024	PC	8.97625209389436
1671	2028	PC	28.4038522862261
1671	2030	PC	50.3728981861729
1671	3001	PC	4813.36046041659
1671	5605	PC	13229.919415019
1671	5840	PC	14212.5096195811
1671	5841	PC	4465.72253940616
1675	105	PC	48.9635953855769
1675	1271	PC	753.852542914382
1675	1503	PC	732.96635477062
1675	1520	PC	483.58174225213
1675	1750	PC	481.063403013035
1675	1804	PC	812.391728438847
1675	1813	PC	184.169918608316
1675	1820	PC	745.554950307789
1675	1824	PC	25.4822893087544
1675	1837	PC	51.7776274946647
1675	1860	PC	997.136679597886
1675	1865	PC	145.363225707124
1675	1866	PC	7.60744981976514
1675	1868	PC	48.3332732799477
1675	1870	PC	28.1235711274258
1675	1871	PC	.805392045908988
1675	1901	PC	1036.91597272937
1675	1931	PC	9.0230221023137
1675	1971	PC	1503.4725580753
1675	2012	PC	21.9835190295562
1675	2014	PC	361.585687121585
1675	2025	PC	7.1579542269205
1677	1563	PC	5345.80955683027
1677	1813	PC	26016.999657742
1702	1504	PC	38.8501769512397
1702	1813	PC	4333.15946184474
1703	1671	PC	106.332227438956
1714	1820	PC	42.0387828113165
1714	1860	PC	102.361251118924
1719	805	PC	1085.22407973153
1719	1002	PC	182481.990004282
1719	1071	PC	7633.72489579749
1719	1149	PC	122.935728936616
1719	1502	PC	31.633817533123
1719	1504	PC	920.355180244559
1719	1675	PC	656.082297153829
1719	1824	PC	68576.2092613152
1719	5106	PC	19.8520572687193
1750	1671	PC	1.37645075585314
1805	51	PC	528953.64138814
1805	602	PC	591.402875696454
1805	805	PC	36869.0327675901
1805	1548	PC	387.403341067692
1805	1671	PC	1255.22251766075
1805	1675	PC	1057.02948855642
1805	1703	PC	5.24932765036574
1805	1804	PC	2.04843313610193
1805	1805	PC	9.04364839524334
1805	1824	PC	781.287432993555
1813	56	PC	5001.82128451131
1813	1548	PC	1656854.01821483
1813	1671	PC	2.38452280800944
1813	1805	PC	44.6793452663352
1813	4001	PC	42329.8776416169
1813	5101	PC	17796.442190099
1813	5403	PC	98051.286493171
1813	5605	PC	120912.900474025
1824	104	PC	1545.95052742612
1833	55	PC	26.7706111675512
1833	104	PC	4652.49144765598
1833	1002	PC	30.2001515079548
1833	1251	PC	34.3509376371417
1833	1271	PC	57.7068457631596
1833	1273	PC	45.2602711867918
1833	1416	PC	2155.42127337456
1833	1421	PC	133.625291231551
1833	1438	PC	4.44406369475818
1833	1439	PC	3.56444014356295
1833	1502	PC	1097.38230732275
1833	1503	PC	127.319063484634
1833	1504	PC	4987.05726048546
1833	1511	PC	24.5340496541354
1833	1517	PC	111.74725999601
1833	1520	PC	22.7137683122825
1833	1671	PC	16978.8064872932
1833	1675	PC	9914.08561946184
1833	1702	PC	160.698012696953
1833	1719	PC	71.1143748639928
1833	1750	PC	42.6652524444995
1833	1804	PC	453.652862595955
1833	1813	PC	241.150904754161
1833	1820	PC	50.0457610300128
1833	1837	PC	140.059095730083
1833	1845	PC	101.937003022039
1833	1860	PC	18.5580249197132
1833	1865	PC	164.572509483306
1833	1866	PC	153.256642518993
1833	1868	PC	163.03860825044
1833	1870	PC	25.8679023938706
1833	1871	PC	35.6449231265175
1833	1901	PC	28.9733793045357
1833	1931	PC	69.655302511137
1833	1971	PC	94.0609152885926
1833	2003	PC	9.68005560017733
1833	2019	PC	24.6380789820891
1833	2030	PC	33.3956881225316
1833	5101	PC	42.7398626988035
1833	5104	PC	65.5763579643406
1833	5106	PC	23.3126523811655
1833	5605	PC	3.86745390582607
1833	5850	PC	93.115169278439
1833	6030	PC	329.157890891587
1837	50	PC	13.0950025114421
1837	52	PC	154.348240805198
1837	58	PC	227.750891812282
1837	3001	PC	2.46468594987143
1837	4001	PC	293.2976280347
1837	4004	PC	63.936213921841
1837	4005	PC	188.8723183808
1837	5302	PC	48.9024990053854
1837	5404	PC	1467.80959436884
1837	5605	PC	61.9431654068215
1837	5800	PC	184.96989896017
1837	5830	PC	3368.838820371
1837	5831	PC	184.547164024323
1837	5840	PC	104.325331211489
1837	5850	PC	110.741339080995
1837	5930	PC	24.0165606226448
1837	6010	PC	12.0461418626797
1837	6030	PC	15830.6852900548
1850	627	PC	40.9015108885031
1850	1273	PC	1143.06379423999
1850	1502	PC	3956.9809737393
1850	1504	PC	10426.4218770727
1850	1548	PC	9560.46878531552
1850	1671	PC	20006.9256446516
1850	1675	PC	53688.5096540715
1850	1824	PC	59300.013608665
1850	6020	PC	901.143068353569
1850	6030	PC	.73160802103938
1851	1246	PC	47.5264105792919
1851	1263	PC	674.693284667034
1851	1504	PC	1.57629781193933
1851	1671	PC	31.0502412263448
1851	1813	PC	6.2622233584225
1851	1871	PC	82531.052150501
1854	58	PC	174.460374247852
1854	6020	PC	416.870667258906
1860	1671	PC	30.3088895645665
1860	1675	PC	25.573125570103
1860	1805	PC	22.9240045441292
1865	1671	PC	1.89430559778541
1865	4005	PC	66.0798515936378
1870	1548	PC	510276.423389313
1870	1671	PC	6.7262643972026
1901	627	PC	713.878799260069
1901	1671	PC	173.832311205368
1929	3001	PC	1.82900840876352
1929	5403	PC	13789.5824210622
1931	1928	PC	63303.6360777706
1971	1263	PC	26.7129258309794
1971	1271	PC	215.061843336146
1971	1535	PC	5.3943197195161
1971	1671	PC	179.594991794492
1971	1675	PC	40.9907331368474
1971	1871	PC	144.401537507501
1971	5831	PC	1.01556516052289
1971	5930	PC	1.62490425683662
2002	2030	PC	112.257113481268
2002	2301	PC	1322.48296696409
2004	1901	PC	3.34064376474289
2012	50	PC	2281.51923009484
2012	52	PC	31.0950182983385
2012	1106	PC	79.6098729382091
2012	1146	PC	992.462462726977
2012	1149	PC	1824.71248936229
2012	1219	PC	659.35860025588
2012	1263	PC	116.474761392229
2012	1271	PC	1509.01414952101
2012	1504	PC	17.5403345932315
2012	3001	PC	95.3926061352362
2012	4001	PC	61.7581613425334
2012	4004	PC	1112.07877941974
2012	5102	PC	24529.4347472206
2012	5103	PC	26068.7007749002
2012	5201	PC	26136.092748933
2012	5402	PC	11498.6786415731
2012	5404	PC	62413.1563092252
2012	5605	PC	35882.9784705743
2012	5700	PC	41296.5315421998
2012	5710	PC	7686.84939688144
2012	5820	PC	12620.1474687061
2012	5842	PC	99729.0115776852
2012	5880	PC	8606.19412694639
2012	6000	PC	53.4445627002693
2012	6010	PC	75.5781694751283
2012	6020	PC	1035.42092180926
2012	6040	PC	928.531796408719
2014	1671	PC	40.3809112406303
2018	1439	PC	5.1864897678061
2018	1671	PC	3.75665102628686
2025	51	PC	35373.3516993097
2025	2030	PC	198.320900483574
2025	5850	PC	126777.941858594
2030	1263	PC	397.797298478871
2030	1271	PC	908.035183420238
3001	101	PC	13.533002713027
3001	105	PC	64.8296381789646
3001	106	PC	7.41143845546146
3001	219	PC	3.98881931592312
3001	302	PC	81.4247445421489
3001	304	PC	1.37037192506377
3001	309	PC	24.1180625047819
3001	602	PC	1.7435267274078
3001	626	PC	8.43810120437497
3001	706	PC	202.081739456207
3001	709	PC	3.18107734766508
3001	805	PC	59382.6421720196
3001	928	PC	14162.1098869471
3001	1416	PC	3749.78225317879
3001	1837	PC	16926.325494362
3001	2025	PC	55.7099648125112
3001	2030	PC	1.91070040685825
4001	104	PC	23.8732480381375
4001	105	PC	8.08656952067866
4001	106	PC	147.987828339936
4001	125	PC	266.934050817766
4001	211	PC	106.143888960773
4001	213	PC	2.2259910277066
4001	215	PC	157.671335439736
4001	216	PC	3.43679886235247
4001	219	PC	10173.3099312761
4001	220	PC	1.37415343762345
4001	226	PC	23.1322324309544
4001	227	PC	20.4615440395053
4001	231	PC	67.8243345744665
4001	233	PC	91.5900926268914
4001	234	PC	20.1396613050043
4001	236	PC	11.506961075054
4001	302	PC	5.76063753684215
4001	305	PC	401.203570981567
4001	306	PC	1.4501290212315
4001	309	PC	590.102211050588
4001	310	PC	30032.0548109419
4001	402	PC	2.34862614367039
4001	403	PC	1.06618141263645
4001	538	PC	1.50945804485396
4001	602	PC	33.5941530968528
4001	612	PC	23.7212703021186
4001	626	PC	40.804246538299
4001	702	PC	56.5266355313262
4001	704	PC	1.35399573310206
4001	706	PC	23.5095092931725
4001	720	PC	31.9550241444829
4001	722	PC	14.5901932027604
4001	728	PC	4.04616792038119
4001	805	PC	2.66116605249338
4001	826	PC	4255.16969130821
4001	1004	PC	16.3225152001992
4001	1074	PC	109.063466582667
4001	1101	PC	76.0035798111277
4001	1102	PC	1.36700344575259
4001	1121	PC	30.4905009770563
4001	1124	PC	838.849624782701
4001	1130	PC	2217.28216730721
4001	1135	PC	14987.6543092122
4001	1172	PC	2.56608059810211
4001	1174	PC	40.3981846038267
4001	1246	PC	1.31456785049222
4001	1271	PC	1.0725768424054
4001	1277	PC	3.63470419428714
4001	1432	PC	1.32086506351137
4001	1438	PC	11419.353106059
4001	1548	PC	174.345730347679
4001	1557	PC	37.0468397851302
4001	1719	PC	1.95155000315379
4001	1837	PC	36052.8676171529
4001	1865	PC	335.692156090405
4001	1928	PC	5.93168481991075
4002	217	PC	3.08185384937526
4002	605	PC	92.0057338256071
4002	722	PC	117.331955549067
4002	1271	PC	1507.13373640103
4003	233	PC	58.8440388368424
4003	304	PC	10.6934930907313
4003	605	PC	9.88188369295166
4004	211	PC	8.97513600342371
4004	213	PC	10.6656620628363
4004	233	PC	24.335279172303
4004	303	PC	6969.7865342071
4004	305	PC	2.41688170205251
4004	309	PC	17.5622708879645
4004	605	PC	6.53750250798462
4004	807	PC	4.33472742854106
4004	1124	PC	2.16060174088097
4004	1130	PC	927.433698530422
4004	1548	PC	1.24387348520547
4004	1837	PC	6214.44007503525
4005	104	PC	3.07102623769456
4005	301	PC	.926874132737136
4005	806	PC	2.44216262753394
4005	1034	PC	3077.35521087419
4005	1671	PC	.938111271903432
5101	105	PC	4.88671992695226
5101	106	PC	215.210302972878
5101	124	PC	113.432338689099
5101	135	PC	62.5060402284386
5101	211	PC	13.7208184108849
5101	213	PC	131.341317841602
5101	217	PC	1.60315280571062
5101	219	PC	207.925681671067
5101	220	PC	2.73130973472444
5101	231	PC	7.65344572876209
5101	233	PC	5.6908723781764
5101	235	PC	202.744656216356
5101	302	PC	431.58739929892
5101	304	PC	61.4697607691524
5101	305	PC	87.0077412738902
5101	306	PC	79.8706896077291
5101	308	PC	2.41688170205251
5101	312	PC	155.991587254724
5101	412	PC	73.7448529306694
5101	501	PC	.822369718807225
5101	602	PC	3.41057391846221
5101	625	PC	7.71745519187402
5101	626	PC	4.8217721167857
5101	704	PC	16.46645400166
5101	709	PC	.827766850298354
5101	722	PC	62.4090215991434
5101	805	PC	97401.001683749
5101	1018	PC	14136.7851639642
5101	1032	PC	21.4104772587359
5101	1102	PC	14.1229067647077
5101	1106	PC	.579785884401992
5101	1124	PC	573.607753289217
5101	1127	PC	12.8431959337156
5101	1172	PC	13.1781915791873
5101	1271	PC	10627.0310692032
5101	1445	PC	.934278104163664
5101	1523	PC	1.27077029392511
5101	1543	PC	3670.51533545426
5101	1548	PC	325.651606753392
5101	1638	PC	17.5148915202724
5101	1833	PC	98.673614608283
5101	1837	PC	75068.4870338004
5101	1973	PC	4.93834479196016
5102	106	PC	58.5109599431673
5102	219	PC	1611.77114780448
5102	226	PC	82.8129601984892
5102	304	PC	10.9581416371061
5102	306	PC	7709.96743142834
5102	310	PC	.700895693595227
5102	312	PC	11.1297402379518
5102	415	PC	.879501488661302
5102	427	PC	1.79114177816742
5102	704	PC	22.0960319091904
5102	709	PC	3.31106740119342
5102	1120	PC	9.98256535065569
5102	1130	PC	225.398927358698
5102	1228	PC	9.26831596352787
5102	1271	PC	4553.39012275819
5102	1837	PC	6894.80884373722
5103	312	PC	69.8237123722969
5103	720	PC	1.60525738128242
5104	1837	PC	706.470142130225
5106	105	PC	27.9241138682986
5106	106	PC	4.32689464856606
5106	301	PC	4.52440254624229
5106	307	PC	6.64642468064439
5106	709	PC	.827766850298354
5106	819	PC	4.19751557528996
5106	1102	PC	5.9785434441158
5106	1271	PC	113.024982671834
5106	1275	PC	94.1456207338507
5106	1837	PC	186.674922972604
5201	106	PC	1.8447027649049
5201	219	PC	1.32913561483132
5201	233	PC	459.833472377236
5201	235	PC	784.923748649648
5201	302	PC	87.7098454083364
5201	308	PC	9.26632444566931
5201	312	PC	5.77997259045857
5201	418	PC	2.84209047710879
5201	502	PC	297.689898031669
5201	605	PC	221.441874167518
5201	1102	PC	41.9326210353554
5201	1135	PC	4630.51340708299
5201	1271	PC	5202.1232801442
5201	1438	PC	2589.4514843193
5201	1833	PC	69560.8757228407
5201	2101	PC	5.99551439624459
5204	125	PC	2.84053923954261
5204	236	PC	18.8121963080439
5204	1102	PC	76.3383365948646
5402	125	PC	1.48331030785515
5402	305	PC	.984879293586396
5403	104	PC	85.3062843804045
5403	105	PC	2.37989606832091
5403	106	PC	366.903850540545
5403	125	PC	9.888735385701
5403	219	PC	3906.73495128943
5403	228	PC	71.7150491280448
5403	231	PC	19.3843512334559
5403	301	PC	50.8971117635237
5403	302	PC	159.169786692923
5403	303	PC	2.93651126799379
5403	304	PC	36.5166656363113
5403	305	PC	.786694994018091
5403	306	PC	1244.60465193406
5403	310	PC	430.567475220654
5403	418	PC	35.7984979679161
5403	624	PC	1.39080361486621
5403	625	PC	.682960636449028
5403	626	PC	5.54021616218677
5403	701	PC	87.1171238735832
5403	704	PC	32.0748454308465
5403	706	PC	317.798545411154
5403	716	PC	6.60762708724339
5403	904	PC	70.5356833052855
5403	928	PC	269.641893083921
5403	1034	PC	1.3649108101916
5403	1102	PC	11.5314707847227
5403	1124	PC	47043.0757861049
5403	1149	PC	355.41232307378
5403	1172	PC	115.758891712049
5403	1231	PC	1.02936506032444
5403	1271	PC	1163.30126955762
5403	1275	PC	139.88084990972
5403	1277	PC	1.05876144982172
5403	1503	PC	.952795537091393
5403	1548	PC	1.32679838421916
5403	1557	PC	191.619983429129
5403	1833	PC	5.34403005335652
5403	1837	PC	318.151960048632
5403	2101	PC	28.778469101974
5404	104	PC	5.68708562536031
5404	105	PC	86832.4437014905
5404	228	PC	35.2456599080192
5404	301	PC	24.4709272332816
5404	302	PC	12.2511733477041
5404	305	PC	1.20360708762215
5404	306	PC	2.74557761353165
5404	418	PC	21.6709398879545
5404	805	PC	17635.4997845426
5404	814	PC	563852.110797229
5404	928	PC	27.164955306202
5404	1124	PC	24.6068531600332
5404	1127	PC	2.64100265961661
5404	1149	PC	51.6181286158592
5404	1271	PC	5451.87669132712
5404	1275	PC	62.5460500606425
5404	1837	PC	3641.75546182823
5501	106	PC	31.372496001784
5501	231	PC	52.585500278649
5501	301	PC	176.964078224284
5501	302	PC	988.69917511649
5501	304	PC	5.51532404408382
5501	305	PC	9.13581283375847
5501	306	PC	53.1713974451551
5501	308	PC	25.3458384094246
5501	310	PC	178.543510416576
5501	1135	PC	26.7530866080866
5501	1174	PC	7.98741432871173
5501	1275	PC	61.6066033649525
5501	1416	PC	1409.66916092872
5501	1837	PC	427.917305360788
5605	101	PC	148900.785528194
5605	104	PC	1.04528633794122
5605	105	PC	573.840539993537
5605	106	PC	2007.83974411418
5605	124	PC	6.60485572094252
5605	211	PC	1463.5850151848
5605	213	PC	.733713846382727
5605	219	PC	548.76209988241
5605	226	PC	11.7778432282296
5605	231	PC	1.07458676378875
5605	301	PC	30.6690203581953
5605	302	PC	48.6300767269985
5605	303	PC	3519.43292350758
5605	304	PC	1.32928493612888
5605	305	PC	2.90992556927122
5605	306	PC	1.76674052420038
5605	311	PC	17.6504870700894
5605	312	PC	63.9180619333316
5605	403	PC	16.5613512762863
5605	501	PC	4.42196345276707
5605	602	PC	16.2901412432731
5605	704	PC	9.57985738996233
5605	706	PC	53.9180591592405
5605	709	PC	5.39581354268557
5605	722	PC	58.3760013331286
5605	805	PC	3.80581607943922
5605	806	PC	53.7275778057466
5605	1018	PC	50.0366436293477
5605	1034	PC	3001.00210015207
5605	1102	PC	142.713482431729
5605	1124	PC	416.199914237369
5605	1135	PC	2726.29558503591
5605	1172	PC	53.79390687331
5605	1228	PC	2558.92919186885
5605	1271	PC	183.096653856239
5605	1273	PC	8.85441070135602
5605	1432	PC	167.698767874187
5605	1438	PC	1607.25938860129
5605	1671	PC	7.01052042558946
5605	1837	PC	2344.19510441521
5605	1971	PC	1.41480740160468
5700	101	PC	27338.7611768991
5700	211	PC	124.2714124643
5700	219	PC	23.3057785809956
5700	235	PC	116.869896254212
5700	302	PC	477.092447985165
5700	303	PC	97403.9579152691
5700	306	PC	2.86279637608119
5700	605	PC	83.2377892854865
5700	1034	PC	61863.2175611241
5700	1072	PC	3922.29174223843
5700	1149	PC	226.904690373881
5700	1224	PC	84.6048448465914
5700	1228	PC	2393.50194707246
5700	1271	PC	29705.6059444642
5700	1416	PC	2530.03022835704
5700	1612	PC	19786.251565009
5700	1824	PC	32.5076775470949
5700	1833	PC	44962.0376035996
5700	1837	PC	96948.3088794123
5700	1845	PC	53519.6861016764
5720	1102	PC	7443.04023377559
5720	1416	PC	5177.432894259
5730	231	PC	26.2676764481694
5760	217	PC	1.2659286762957
5760	1003	PC	6.68351100568363
5760	1824	PC	16.7605665694986
5790	106	PC	1255.51223119332
5790	128	PC	562.408101142446
5790	220	PC	3.08563474100033
5790	306	PC	1419.13855560694
5790	1034	PC	5550.63729477918
5800	304	PC	1.37037192506377
5800	412	PC	1.98018586573094
5800	1271	PC	1.25720072511452
5810	311	PC	3.18786696500726
5820	233	PC	5.84125158853722
5820	626	PC	119.495567484242
5830	805	PC	371670.129807744
5830	1837	PC	73529.3142720607
5831	1837	PC	22090.6835588671
5840	214	PC	23.4585884898439
5840	220	PC	156.269095018796
5840	305	PC	36.7921901503453
5840	602	PC	1.05417739297923
5840	626	PC	2.41088605839285
5840	1002	PC	51.5475314379434
5840	1102	PC	50.6336399001917
5840	1211	PC	7.46826704145363
5841	420	PC	1.29210527605507
5841	1714	PC	3.57133537889429
5860	301	PC	348.030965095561
5860	605	PC	1.48183390180985
5870	301	PC	117.137797012528
5870	308	PC	14.0952540863702
5870	412	PC	65.5509803828173
5870	626	PC	60.7543286714998
5870	706	PC	94.6883001956929
5870	805	PC	318.596194302002
5870	1837	PC	3279.55705083484
5880	219	PC	22393.5339084783
5880	304	PC	1.37037192506377
5880	305	PC	1.85374826547427
5880	306	PC	3.57456803733566
5880	309	PC	28.8805278986764
5880	1122	PC	1.37166126500311
5880	1548	PC	536.468813352615
5910	1275	PC	66.5650733577119
5930	1124	PC	113.031479962754
6000	219	PC	117471.011348222
6000	303	PC	22169.0649314298
6000	805	PC	229747.125141196
6000	1072	PC	40188.5669476747
6000	1102	PC	111288.127912307
6000	1124	PC	19.7294947857112
6000	1228	PC	39580.3880378052
6000	1271	PC	25834.7841314742
6000	1612	PC	30302.1419320911
6000	1671	PC	26.2507358926756
6000	1833	PC	8196.50796854683
6000	1837	PC	183281.879343105
6010	1102	PC	410.941782777535
6010	1172	PC	803.118098256769
6010	1671	PC	.830898555114469
6020	104	PC	15.9238397510088
6020	106	PC	28.9128923152442
6020	219	PC	1.42377120058446
6020	301	PC	1.64952176165083
6020	304	PC	75.5275531891408
6020	309	PC	442.458533194752
6020	528	PC	32.4904657476684
6020	533	PC	.585121761329023
6020	540	PC	3.98475064265084
6020	605	PC	246.117741477068
6020	612	PC	25.557556635475
6020	628	PC	1.46957418598328
6020	805	PC	3.45138129952198
6020	904	PC	29.4808583474104
6020	1029	PC	28.6030016419555
6020	1102	PC	2.41112570953294
6020	1172	PC	1314.93264289061
6020	1173	PC	1.07723281960936
6020	1228	PC	9422.9992788981
6020	1272	PC	30.5194581621208
6020	1548	PC	2423.89148117442
6020	1634	PC	4.61132447194595
6030	101	PC	14.1657885637608
6030	215	PC	2.20982384997949
6030	219	PC	262.634937536383
6030	231	PC	26.5387111097028
6030	302	PC	289.427626025043
6030	304	PC	379.629276468195
6030	310	PC	116.053825569157
6030	602	PC	568.785546410935
6030	628	PC	2.00745754817324
6030	704	PC	2.00091844511002
6030	1034	PC	6044.50479311189
6030	1072	PC	403.508290232613
6030	1119	PC	44.0845514063475
6030	1124	PC	1954.73640611836
6030	1135	PC	17422.9253592776
6030	1172	PC	89.1081257033335
6030	1677	PC	139.927486064707
6030	1850	PC	111.8847126574
6030	1870	PC	1.96544113842181
6040	211	PC	132.716087784229
6040	220	PC	5.62213109589043
6040	1124	PC	26.5273880408163
6040	1503	PC	3.61626635462251
6050	1135	PC	5565.34093886966
6050	1837	PC	49.0604265368211
