50	301	PC	11.8718291386474
50	602	PC	9.69936511774011
50	625	PC	32.1949909739411
51	403	PC	26.3636804414022
52	104	PC	20.7761384202624
52	220	PC	70.6047447932402
52	301	PC	2.06989037957316
52	709	PC	85.5362072605601
56	104	PC	1.7847464908966
56	233	PC	2.09059365035036
57	1439	PC	5.83567194259636
58	104	PC	335.933541017225
58	106	PC	610.525497244555
58	111	PC	40.559658143454
58	119	PC	248.418604875382
58	128	PC	.60356565689001
58	137	PC	1.84203664356641
58	215	PC	11.0605824348007
58	219	PC	31.2668771531994
58	220	PC	502.698600291261
58	230	PC	5.02957981469477
58	231	PC	20.1355425997091
58	235	PC	2.1648749592815
58	301	PC	299.692218327863
58	602	PC	2.25714655188197
58	626	PC	70.4390588998103
58	709	PC	6005.76940237545
58	1004	PC	4.78741120330036
58	1034	PC	1.39317347878163
58	1101	PC	.9258653598914
58	1106	PC	1.35171882757435
58	1127	PC	14.1964224795618
58	1146	PC	3.8712277012761
58	1271	PC	450.868371583392
58	1416	PC	107.939814382971
58	1438	PC	1.48424507998826
58	1439	PC	639.061287121919
58	1441	PC	2.01620174701246
58	1504	PC	8.13140393604569
58	1531	PC	4.23993784755618
58	1534	PC	3.30581523295264
58	1621	PC	21.2852230017813
58	1860	PC	21.7459306714082
60	402	PC	1.95705636669066
62	220	PC	14.2735799866098
62	301	PC	6.34436906136024
62	926	PC	1.19059232756306
62	1102	PC	.765708136277695
62	1173	PC	.627421445050878
62	1271	PC	2.54936870027074
62	1277	PC	3.68253498828687
62	1416	PC	2.81171735439708
104	4001	PC	9.15052457661856
104	4003	PC	177.480413688915
104	4004	PC	422.275741695256
104	4005	PC	2.24210406825308
104	5501	PC	2.13851952858714
104	6010	PC	7.008663611268
104	6020	PC	126.231127330001
105	58	PC	22.2101209009732
105	211	PC	125.236926997929
105	231	PC	200.929578682766
105	309	PC	690.366901276226
105	412	PC	177.79940920641
105	519	PC	87.7310361504616
105	542	PC	5.99362333617893
105	602	PC	222.341442300827
105	617	PC	236.00449696508
105	709	PC	449.163136551608
105	906	PC	122.149719533465
105	926	PC	10.2987205243221
105	1072	PC	58.3045194660714
105	1102	PC	204.755750740297
105	1106	PC	37.9561220167015
105	1122	PC	6.09918790902141
105	1124	PC	41.6020997371152
105	1274	PC	744.598870268238
105	1276	PC	26.7257881667661
105	1439	PC	16.3369263855753
105	1502	PC	4.31272512703963
105	1528	PC	70.5120885023248
105	1531	PC	9.21453153185369
105	1554	PC	.823351902544001
105	1566	PC	15.4181914474235
105	1673	PC	10.813560557786
105	1719	PC	13.2017484868696
105	1804	PC	5.92642712724264
105	1870	PC	13.0756328918764
105	1901	PC	.994737312363946
105	1931	PC	26.4728674443715
105	1973	PC	9.99366589486682
106	58	PC	116.50082956697
106	211	PC	678.653316675552
106	230	PC	368.330703420514
106	235	PC	162.544491369442
106	305	PC	49.463300452124
106	309	PC	757.925042147818
106	412	PC	496.996381932506
106	542	PC	101.601580746121
106	626	PC	526.382794736495
106	709	PC	466.369573649656
106	926	PC	235.527340667037
106	1122	PC	240.553636260371
106	1172	PC	54.1646894372687
106	1245	PC	7.90278013398706
106	1274	PC	7.90100094063664
106	1275	PC	11.1435323038002
106	1276	PC	478.619804569407
106	1502	PC	49.2758219292787
106	1514	PC	7.32552934568596
106	1531	PC	111.428321932065
106	1534	PC	49.039805125878
106	1653	PC	8.28790898630469
106	1671	PC	3.7671189217798
106	1673	PC	165.861818999685
106	1674	PC	2.33134906857316
106	1677	PC	117.655957871825
106	1804	PC	1.85935875484106
106	1805	PC	3.12431596841809
106	1928	PC	28.3381211049521
106	1971	PC	16.2337012703275
106	1973	PC	97.8017252862982
106	4001	PC	4.40572234811282
106	5201	PC	5.94690012831407
106	5810	PC	2.04940342934686
106	5860	PC	1.49827561501365
106	5880	PC	6.44027502797165
106	6020	PC	36.1879763357536
111	52	PC	8.06890722182459
111	58	PC	292.871630653257
111	62	PC	351.215275141861
135	230	PC	3.47828726398421
135	1860	PC	2.18855846994712
137	230	PC	345.369881980527
137	235	PC	58.974081916229
137	309	PC	53.004707169867
137	1127	PC	1.93308730917391
137	1172	PC	68.1422803268547
137	1274	PC	38.4099763729983
137	1275	PC	42.2673659343849
137	1674	PC	1.52472980769655
137	1677	PC	58.4296374825464
137	1805	PC	8.1155904930588
137	1971	PC	36.6869742383444
211	542	PC	2.52226956849536
217	52	PC	156.66603907774
217	58	PC	33.7095895944436
217	4001	PC	4.22963743617322
217	4004	PC	26.2854937376143
217	5605	PC	2.08732902599435
219	123	PC	72.0036495680663
219	301	PC	20.1470425720643
219	4001	PC	1.56684987853352
219	5101	PC	.871962689252386
219	5403	PC	2.53539920413386
219	5700	PC	5.36592424155315
219	5860	PC	1.05977003770675
219	5870	PC	.925621931667918
219	5920	PC	.532120820620687
219	6000	PC	618.342279975377
219	6010	PC	2.06588083299796
219	6020	PC	10.3785918038707
219	6030	PC	35.6252653603783
219	6040	PC	1.44879954521935
220	58	PC	23.7460034102865
226	230	PC	5.09643826063804
226	1547	PC	1.66202258414335
230	226	PC	264.796570628972
230	230	PC	2950.29671356059
230	231	PC	15.5423604319332
230	235	PC	38.1834211638674
230	301	PC	27.7139706234322
230	305	PC	1.08717120237422
230	306	PC	20.3478915586185
230	309	PC	12.3907866946959
230	312	PC	1.89365456704454
230	544	PC	8.91428944613688
230	626	PC	24.9847254916177
230	706	PC	1.2886311455962
230	709	PC	4.07311247440353
230	1002	PC	1.37584350012768
230	1071	PC	20.4083366120384
230	1072	PC	11.7252919036722
230	1074	PC	1.90892842667588
230	1101	PC	65.2162586597807
230	1119	PC	3.94982208140217
230	1124	PC	3.93759759178181
230	1127	PC	15.3976601522797
230	1146	PC	4.51264854779529
230	1149	PC	2.82995168433191
230	1238	PC	.814226948664009
230	1243	PC	2.40596076861357
230	1245	PC	94.6567160399453
230	1271	PC	102.498146415094
230	1274	PC	8.57099919287311
230	1277	PC	1.10346117755758
230	1439	PC	8.21630317445031
230	1511	PC	37.01211433478
230	1525	PC	239.393442895358
230	1528	PC	7.9664356801668
230	1531	PC	1.97814892096066
230	1532	PC	30.2149190944642
230	1534	PC	94.2763031003186
230	1545	PC	13.1081901824211
230	1547	PC	58.0817663411582
230	1554	PC	3.18892939495218
230	1617	PC	54.3781046565835
230	1620	PC	105.927597508583
230	1671	PC	7.11349302913071
230	1674	PC	2.38458458107826
230	1677	PC	7.73580863856792
230	1805	PC	1.01503065962577
230	1851	PC	5.76827530654048
230	1971	PC	.834098814560763
230	1972	PC	.808098228071961
231	230	PC	85.2328852887638
231	231	PC	3.38428375832022
231	235	PC	425.254618783412
231	309	PC	17.5468740226979
231	709	PC	1.46475390906435
231	1072	PC	40.5862260086042
231	1074	PC	4.29938834836909
231	1102	PC	.943162677832423
231	1127	PC	159.248783469873
231	1172	PC	10.3870034891227
231	1245	PC	19.5024926857
231	1263	PC	.682659312490847
231	1271	PC	5.07960302959083
231	1273	PC	2.55769824381048
231	1274	PC	15.192788928448
231	1277	PC	30.7926006082101
231	1503	PC	1.10673364925944
231	1504	PC	1.06513633811819
231	1671	PC	1.10199326033429
231	1674	PC	40.3757447157969
231	1677	PC	.713189792700686
231	1804	PC	21.2457514401168
231	1971	PC	10.476156308068
231	2004	PC	.858705983473351
235	230	PC	68.8628210650537
235	235	PC	1.43834524939633
235	301	PC	4.69100267905839
235	309	PC	1.86057422853199
235	1245	PC	37.5639708224689
235	1547	PC	1.33802993755252
235	1620	PC	1.17930944689254
237	1523	PC	1.12302737222979
237	6000	PC	33.8679251712696
301	50	PC	89.7732380469499
301	56	PC	38.1529959169486
301	58	PC	91.9530731072681
301	101	PC	14.2515206599902
301	104	PC	5.87530952393106
301	105	PC	15.0577760970126
301	106	PC	30.3886846984629
301	124	PC	8.39953529386868
301	136	PC	5.37763817381964
301	211	PC	352.304064194285
301	213	PC	126.861291332526
301	214	PC	60.4887215265587
301	216	PC	10.5482533136314
301	217	PC	29.3926951313448
301	219	PC	68.4486024600791
301	220	PC	29.9073169951514
301	227	PC	1.65163835747826
301	229	PC	4.24881568318029
301	230	PC	156.82775385852
301	231	PC	93.3750173881998
301	233	PC	2.62671143580785
301	235	PC	184.708864143877
301	301	PC	28.725991247668
301	302	PC	8.76458038770294
301	303	PC	25.597281266469
301	304	PC	7.00463694800154
301	305	PC	20.5783236967213
301	306	PC	346.126376390792
301	308	PC	7.08880309691199
301	309	PC	176.881350104196
301	310	PC	3.90965336874343
301	311	PC	25.4564519414802
301	312	PC	11.796501060666
301	402	PC	3.54758626994643
301	412	PC	23.4011132945426
301	438	PC	.415858399373149
301	522	PC	8.52182083879371
301	542	PC	3.88218474838846
301	602	PC	32.2404458093336
301	604	PC	8.13287904652264
301	605	PC	6.98853449124467
301	617	PC	3.58753075903703
301	623	PC	3.70094145994926
301	624	PC	1.34154599365477
301	625	PC	6.8665741870113
301	626	PC	43.945860413493
301	627	PC	6.8627273979301
301	701	PC	14.0049288270408
301	702	PC	5.35488395309141
301	704	PC	25.7664418196388
301	709	PC	52.9794381650147
301	713	PC	2.93506153941921
301	716	PC	6.36598036288026
301	719	PC	1.44542345279616
301	720	PC	803.891127941836
301	722	PC	8.05871377966405
301	723	PC	1.55392170898197
301	807	PC	4.04499468505375
301	826	PC	2.24555951953515
301	926	PC	12.7040472496886
301	1004	PC	11.2473898731436
301	1071	PC	34.3618558323534
301	1072	PC	1.0401479831742
301	1102	PC	60.5394175076686
301	1122	PC	32.1373124955975
301	1124	PC	34.2511806722227
301	1127	PC	18.4867585325301
301	1172	PC	10.883943390863
301	1216	PC	17.8355015485293
301	1235	PC	8.005044811743
301	1245	PC	23.3426618929892
301	1271	PC	179.790277763743
301	1274	PC	7.2499820170478
301	1276	PC	52.8278305036054
301	1277	PC	84.0800863184261
301	1401	PC	11.4320683450943
301	1420	PC	1.42344145137411
301	1439	PC	4.92748754224055
301	1502	PC	12.008811816268
301	1503	PC	18.5664330419936
301	1504	PC	10.6865764532816
301	1515	PC	.615239496368684
301	1517	PC	1.05235007533176
301	1519	PC	2.17793184019317
301	1520	PC	.835674691505978
301	1525	PC	2.62631100067772
301	1531	PC	23.2504851928608
301	1547	PC	1.33207411576082
301	1671	PC	7.59117975345059
301	1673	PC	27.5796868428934
301	1674	PC	28.4410685585683
301	1677	PC	137.201452217267
301	1805	PC	19.8768204090414
301	1833	PC	21.7911522746399
301	1865	PC	14.8119232352357
301	1972	PC	.636195051851827
301	1973	PC	10.8912208177716
301	2002	PC	1.32152673396461
301	2030	PC	.638346192085451
301	4001	PC	6.93950575486017
301	4002	PC	3.02521442449705
301	4004	PC	19.3832210876247
301	5101	PC	1.07563179537673
301	5403	PC	89.5228175195888
301	5501	PC	15.6302745265681
301	5700	PC	10.6924523159168
301	5720	PC	3.25882820505543
301	5800	PC	35.2857649123975
301	5840	PC	880.179414108695
301	5850	PC	89.4152543400511
301	5860	PC	3.12605490531362
301	6000	PC	101.395103461059
301	6020	PC	196.464147425559
301	6030	PC	1.4369768516361
301	6040	PC	7.09748917480613
305	211	PC	3.41113717460268
305	230	PC	2.30104059109368
305	1677	PC	4.86083717182803
306	230	PC	61.9951469475994
306	301	PC	1.11598601299359
306	706	PC	8.19974849409751
306	1245	PC	14.5209916889048
306	1246	PC	1.38393139963332
306	1511	PC	5.64150106533818
306	1532	PC	10.2239259807408
306	1534	PC	3.68346254187025
306	6000	PC	421.66447053448
309	101	PC	54.6888761835376
309	104	PC	35.5769455555569
309	105	PC	68.1742342262129
309	106	PC	157.666805935321
309	124	PC	38.0180823650833
309	136	PC	28.8149002891963
309	213	PC	139.340662801784
309	216	PC	62.0827419867845
309	217	PC	62.3903041784056
309	219	PC	379.808641918895
309	220	PC	1316.5550183085
309	227	PC	8.21081515015325
309	230	PC	98.5094908056639
309	231	PC	153.959836573077
309	233	PC	14.6081108911901
309	235	PC	57.3939825486795
309	301	PC	79.5125224964872
309	302	PC	49.7432341826119
309	303	PC	146.05418462249
309	304	PC	38.1919327028103
309	305	PC	122.764314626078
309	306	PC	2896.14556576552
309	308	PC	39.7233370163437
309	309	PC	141.963963659038
309	311	PC	134.695245281516
309	312	PC	37.2586651580421
309	402	PC	19.1222815802048
309	403	PC	6.58453713020799
309	427	PC	2.73554445374522
309	502	PC	60.5827621790153
309	534	PC	1.27983810534759
309	542	PC	.557829954470041
309	602	PC	149.571527363092
309	604	PC	42.9051565750054
309	605	PC	42.4690460317678
309	617	PC	17.7454485227762
309	623	PC	21.0418067774351
309	624	PC	6.07395735748805
309	625	PC	26.3136240234899
309	626	PC	38.0476346944018
309	627	PC	40.0819241817602
309	701	PC	75.8129404925103
309	702	PC	23.3923473568542
309	704	PC	138.102859323296
309	706	PC	48.8238868696094
309	709	PC	57.6625669655411
309	713	PC	17.4445315972964
309	716	PC	38.8581885002124
309	719	PC	7.40884489918862
309	720	PC	26.6592211795963
309	722	PC	27.7900676781268
309	723	PC	19.1778791909869
309	728	PC	1.22663198458199
309	805	PC	21.8394871196976
309	806	PC	34.7174437894768
309	807	PC	23.4461224704645
309	814	PC	10.9568874377064
309	815	PC	2.67800395117336
309	821	PC	10.4333120171237
309	826	PC	13.6443292943039
309	828	PC	3.00038730207223
309	1124	PC	28.1442035726986
309	1271	PC	74.7994772868906
309	1401	PC	6.03526634096286
309	1504	PC	19.5153484687511
309	1515	PC	2.86701428945618
309	1520	PC	3.93294264565994
309	1531	PC	23.4630037095756
309	1532	PC	5.35525182828394
309	1547	PC	1.96313173544602
309	1833	PC	173.277234996006
310	1271	PC	130.313779332064
402	52	PC	10.6556338434174
402	59	PC	2.92352665831049
402	235	PC	1309.98018165591
402	309	PC	1502.27238688783
402	4004	PC	6.67912157679099
402	6030	PC	3.84428436481645
403	301	PC	.537735908295419
403	519	PC	.500206182323558
403	542	PC	.420596135914076
403	1274	PC	.864431576216624
403	1971	PC	1.5210466138037
412	301	PC	21.1099753713687
542	211	PC	21.8616749918245
542	230	PC	13.322877078629
542	309	PC	10.6337506179963
542	412	PC	21.4164798219574
542	542	PC	3.84664093693156
542	625	PC	5.43594539179968
542	626	PC	5.36661773141564
542	709	PC	3.49963113601842
542	1274	PC	3.23476189197957
542	1432	PC	9.23226920935493
542	1673	PC	1.92213974464582
624	1149	PC	7.99932072663203
625	211	PC	2.28109499236261
625	412	PC	.864217115670819
625	542	PC	.584565967533619
625	709	PC	5.03748356580751
625	926	PC	.987165178876999
625	1276	PC	4.51721310811633
626	58	PC	13.3740253634347
704	6030	PC	386.935428234672
706	309	PC	148.349826720869
706	704	PC	132.468565990384
706	706	PC	1364.83198050287
706	709	PC	700.142709323856
706	723	PC	314.290150779704
706	805	PC	420.980687699257
706	806	PC	1119.60669558685
706	1871	PC	213.680585024082
709	106	PC	22.5898735528624
709	230	PC	13.0278529409653
709	235	PC	11.1304327009838
709	709	PC	2.29846633712131
709	1271	PC	1.66864886930115
709	1534	PC	102.836256302155
716	1534	PC	10.8631601721702
716	1860	PC	2.14821456004467
814	211	PC	20.4082731356365
814	235	PC	5.88319296952877
814	305	PC	1.14138015505289
814	309	PC	.570690077526446
815	101	PC	1.35844531279187
815	104	PC	.630990964021747
815	105	PC	1.74489560619648
815	106	PC	2.36232968863102
815	125	PC	.948685511579428
815	213	PC	2.01970074334789
815	219	PC	3.55248852200827
815	220	PC	1.68700088068675
815	221	PC	.781806406581096
815	230	PC	1.51999500741538
815	231	PC	2.59786749132534
815	235	PC	1.54799320720355
815	301	PC	4.71643836840119
815	302	PC	3.12733274050047
815	303	PC	1.22108436722361
815	304	PC	2.53375006198899
815	305	PC	2.25731012885364
815	306	PC	1.60097728147096
815	307	PC	1.05318526673036
815	403	PC	3.04600700633187
815	501	PC	3.79714496194138
815	502	PC	1.63431849894859
815	520	PC	.892491319757854
815	532	PC	3.77683333714786
815	602	PC	1.12409587345399
815	604	PC	1.18643696347508
815	620	PC	1.9210897984003
815	623	PC	1.12450402849382
815	625	PC	.690683441227657
815	704	PC	2.30982906321493
815	706	PC	5.96895559054659
815	709	PC	2.44857713688174
815	711	PC	3.80461632307988
815	723	PC	1.52529286304369
815	806	PC	4.24391817682097
815	815	PC	1.4624620016397
815	834	PC	.406215828779502
815	904	PC	1.10082350352187
815	906	PC	1.41371374346195
815	1018	PC	1.4398419071886
815	1032	PC	.685655244024965
815	1071	PC	3.28928170843046
815	1072	PC	1.10144520976428
815	1074	PC	2.11382138775947
815	1102	PC	4.35917449254679
815	1106	PC	1.0993969291521
815	1124	PC	.810817431658182
815	1149	PC	1.363571499891
815	1172	PC	21.5539749633089
815	1173	PC	3.53397110853783
815	1224	PC	1.24617580849129
815	1271	PC	3.80433913053371
815	1274	PC	2.20031810598757
815	1275	PC	2.07344638653195
815	1277	PC	1.375651929526
815	1504	PC	8.89980642921544
815	1634	PC	.785782559617059
815	1640	PC	1.68106214864457
815	1671	PC	5.81942049561948
815	1677	PC	1.61801222229868
815	1702	PC	2.63128800887877
815	1714	PC	3.26920602244989
815	1719	PC	1.46747563070108
815	1804	PC	10.1853080786422
815	1833	PC	1.4769441956538
815	1837	PC	1.53136717960907
815	1841	PC	1.12235453559877
815	1860	PC	.864707558094136
815	1871	PC	1.31531485755606
815	1901	PC	1.14020213963878
815	1931	PC	.717642240631229
815	1971	PC	2.92340922225902
815	1972	PC	3.19956761449408
815	2003	PC	.722366159697783
815	2004	PC	1.27569262855477
822	4001	PC	1.04814386851671
822	4004	PC	.668951888780292
906	301	PC	33.1434271106975
906	5605	PC	.964944232248423
1002	58	PC	66.6107799774087
1004	50	PC	175.981726245508
1004	52	PC	3.85830824898799
1004	58	PC	529.815873645123
1004	135	PC	.84455735337841
1004	211	PC	25.0412128964689
1004	235	PC	56.4564749212668
1004	309	PC	36.7525748305627
1004	709	PC	11.1091126935407
1004	814	PC	2.24344552880128
1004	1124	PC	59.8291090705902
1004	1127	PC	126.21892733156
1004	1146	PC	2.13221714580629
1004	1172	PC	51.3634193980638
1004	1275	PC	9.83899798249605
1004	3001	PC	14.1471302462893
1004	4001	PC	23.5785504104822
1029	1004	PC	2.44818467956113
1029	1172	PC	3.14180187440863
1029	1401	PC	1.04331144649806
1034	50	PC	5.86556869821162
1034	55	PC	3.71600356124518
1034	56	PC	6.12473612607282
1034	58	PC	599.958620784436
1034	3001	PC	7.98453620845716
1034	4001	PC	1.13398521343338
1034	4004	PC	1.14495926388597
1034	4005	PC	.556018556264111
1034	5501	PC	1.83085351436999
1071	235	PC	61.0020077805765
1071	301	PC	28.5620559918139
1071	305	PC	12.2213113550946
1071	309	PC	105.957075493592
1071	706	PC	12.7765273244254
1071	806	PC	3.75885890372798
1071	815	PC	2.67212914583748
1071	901	PC	7.66247436290194
1071	904	PC	22.6169225328263
1071	906	PC	131.266141154261
1071	914	PC	54.534618169395
1071	926	PC	62.599001665943
1071	1002	PC	79.5986886714485
1071	1004	PC	7.72920073007229
1071	1014	PC	2.7955862251053
1071	1018	PC	10.2616454907934
1071	1029	PC	2.7504642422595
1071	1032	PC	2.78160710224857
1071	1034	PC	.724480934225813
1071	1071	PC	273.096913407647
1071	1072	PC	168.033741885763
1071	1074	PC	32.288766354134
1071	1075	PC	2.23541760010944
1071	1102	PC	1.71917142522831
1071	1119	PC	11.9827826981054
1071	1124	PC	11.5138591743823
1071	1149	PC	1.3123554855542
1071	1172	PC	53.3901666855018
1071	1271	PC	6.44798830248223
1071	1273	PC	1.74682880099892
1071	1275	PC	8.54676243123389
1071	1531	PC	2.98952833599326
1071	1671	PC	9.66035679584988
1071	1833	PC	477.945509859493
1074	211	PC	15.3151167995057
1074	220	PC	12.066671674395
1074	231	PC	11.9315383683628
1074	301	PC	239.552465756975
1074	306	PC	1.05905287807854
1074	309	PC	183.65565485199
1074	706	PC	60.3151878489749
1074	720	PC	2.32619726923936
1074	814	PC	30.7877186402912
1074	1106	PC	5.30714469943477
1074	1119	PC	1.10571636870253
1074	1124	PC	10.049074013403
1074	1127	PC	308.056111198605
1074	1271	PC	8.0550998334949
1074	1274	PC	39.8697663200387
1074	1674	PC	1.99487984895996
1074	1931	PC	3.51862024040333
1101	50	PC	13.4350477957162
1101	52	PC	23.1138470213283
1101	54	PC	11.288620041371
1101	58	PC	80.7129708181004
1101	214	PC	168.448824761384
1101	216	PC	1.17646828567846
1101	219	PC	27.2060800959463
1101	220	PC	5.05931364216064
1101	231	PC	23.5664422808041
1101	301	PC	646.87813061431
1101	309	PC	55.0734039671623
1101	706	PC	837.090891876641
1101	709	PC	3243.75765912286
1101	1034	PC	6.34525516768008
1101	1071	PC	72.8004309637007
1101	1074	PC	214.290221452246
1101	1106	PC	196.811091686793
1101	1120	PC	24.8644171232465
1101	1122	PC	698.990338503245
1101	1124	PC	10717.4427664809
1101	1127	PC	88.6255954529553
1101	1142	PC	71.6994224980804
1101	1149	PC	139.746007804937
1101	1172	PC	453.435267445878
1101	1173	PC	902.335742772348
1101	1175	PC	2319.40178557303
1101	1246	PC	177.102120809715
1101	1271	PC	1032.00475608709
1101	1273	PC	36.5612730324336
1101	1274	PC	58.9027385002551
1101	1275	PC	74.0325935249113
1101	1277	PC	384.782402495841
1101	1439	PC	.657492684972286
1101	1972	PC	6117.55440778915
1101	2025	PC	850.822094519792
1101	4001	PC	6166.14370651812
1101	4004	PC	11.5900473957621
1101	5102	PC	12.0504693986231
1101	5103	PC	1.78868979528766
1101	5605	PC	2.58366303763773
1102	231	PC	1.06384655603041
1102	1102	PC	8.88147112000552
1106	50	PC	8.98780276144317
1106	58	PC	6.89504648543007
1106	61	PC	1.41825878437452
1106	106	PC	37.913096196976
1106	211	PC	21.6244082233212
1106	215	PC	6.13462416144167
1106	219	PC	1.40606859853804
1106	235	PC	33.2710325270715
1106	301	PC	1624.62873012637
1106	306	PC	1879.43005226527
1106	309	PC	61.7378984630697
1106	402	PC	1.98610004926347
1106	403	PC	36.5222403510886
1106	605	PC	15.7394168182869
1106	623	PC	6.42749871546679
1106	704	PC	207.24383913396
1106	706	PC	42.7054275333818
1106	806	PC	1.78070845898255
1106	814	PC	149.113186446632
1106	1002	PC	3.68485049012964
1106	1032	PC	10.2807935084001
1106	1071	PC	19.9537264436496
1106	1072	PC	34.9190212763868
1106	1172	PC	9.62938534826187
1106	1274	PC	1.27686133412033
1106	1275	PC	3.93512246387304
1106	1401	PC	11.5498168880107
1106	1422	PC	34.9001426181242
1106	1439	PC	59.9902432657606
1106	1443	PC	2.67409368007115
1106	1502	PC	7.37445340817556
1106	1503	PC	8.91117173392496
1106	1504	PC	33.6877552014481
1106	1528	PC	98.2883324007359
1106	1531	PC	4.88330043764018
1106	1548	PC	1.28914747769435
1106	1554	PC	6.9949886617969
1106	1671	PC	78.5466287366843
1106	1674	PC	1.31925862219237
1106	1805	PC	3.86328508987867
1106	1919	PC	3.57774264800284
1106	1926	PC	14.5783705961415
1106	1971	PC	45.0177656226253
1106	1974	PC	12.0047374993667
1106	3001	PC	54.5205062923507
1106	4001	PC	12.9028566615654
1106	4004	PC	.938359591057094
1119	50	PC	10.4333829708877
1119	52	PC	1.30740262091856
1119	58	PC	7.69283281294111
1119	1124	PC	259.635506030682
1124	135	PC	6.77181139680844
1124	226	PC	3.63495902179928
1124	301	PC	36.9586844961568
1124	309	PC	24.0465277895073
1124	1071	PC	2.34222294499866
1124	1074	PC	44.4451472440606
1124	1106	PC	9.51486947442137
1124	1119	PC	28.0917280175005
1124	1124	PC	21.8368519745142
1124	1127	PC	9.3764454485754
1124	1146	PC	11.7871849686728
1124	1172	PC	9.9301063446719
1124	1224	PC	11.2940325428146
1124	1271	PC	79.1106368293758
1124	1273	PC	2.302882369262
1124	1274	PC	.771756705782799
1124	1662	PC	1.07928376582723
1133	235	PC	14817.4539227563
1133	305	PC	35.7606564278222
1133	602	PC	27.9070535648222
1133	1004	PC	.562307758316183
1133	1071	PC	3.31431682806175
1133	1074	PC	43.8885323126493
1133	1133	PC	8.9856645381987
1133	1245	PC	18.5090402758902
1133	5106	PC	1.08091677373662
1133	5403	PC	66.0293357586272
1133	5605	PC	2.51046256863212
1133	5860	PC	3.45292858276976
1133	5870	PC	1.26440573224129
1141	235	PC	62.0305609238907
1142	1124	PC	3.95626720215343
1142	1539	PC	10.8374396791581
1142	1702	PC	25.3602062232737
1142	2025	PC	4.91018622800749
1144	214	PC	57.9587871047445
1144	227	PC	86.9802451581105
1144	1014	PC	154.385049030013
1144	1121	PC	140.772304043609
1144	1554	PC	79.0300474753867
1144	1841	PC	92.9946689912009
1149	105	PC	6.49771255856028
1149	211	PC	2361.94427064648
1149	213	PC	567.335054831452
1149	214	PC	505.13119193096
1149	230	PC	1287.24020134415
1149	231	PC	.948541453845972
1149	235	PC	2530.57415088687
1149	306	PC	6.92490795384647
1149	309	PC	822.433241929141
1149	412	PC	52.2825366698161
1149	542	PC	9.5962385006506
1149	626	PC	19.3118883354362
1149	704	PC	14.5789696631583
1149	706	PC	1.70731614294849
1149	709	PC	89.7285693172584
1149	926	PC	32.6815273453251
1149	1072	PC	96.8093931270288
1149	1101	PC	11.6306919588632
1149	1102	PC	505.938437403429
1149	1122	PC	28.5362017885956
1149	1124	PC	697.579857553038
1149	1172	PC	866.827661021519
1149	1173	PC	7.89023692173524
1149	1271	PC	5.53428183960154
1149	1274	PC	104.025819927278
1149	1275	PC	336.381712678263
1149	1276	PC	78.7022303869464
1149	1277	PC	653.476836203915
1149	1401	PC	.848971076407383
1149	1439	PC	8.20737583561645
1149	1502	PC	12.2763509146353
1149	1503	PC	2.1734565204695
1149	1504	PC	2.62458706765795
1149	1531	PC	15.4910660909722
1149	1554	PC	275.160305403404
1149	1673	PC	31.9582891600099
1149	1677	PC	1916.23352013682
1149	1702	PC	2.86779187899038
1149	1805	PC	191.127477307859
1149	1870	PC	.639884720554117
1149	1929	PC	2.01641639386533
1149	1971	PC	724.616197003456
1149	1972	PC	74.2099108886635
1149	1973	PC	20.5552618425094
1149	4001	PC	1.57987432026836
1149	4004	PC	3.15645036429399
1149	5101	PC	21.3546895335647
1149	5104	PC	3.26529348030412
1149	5201	PC	4.92762470664077
1149	5501	PC	42.5510618074783
1149	5605	PC	24.9514597762633
1149	5700	PC	72.0030195169487
1149	5790	PC	1.12141392252869
1149	5820	PC	1.32590704957804
1149	5840	PC	2.01854506055164
1149	5880	PC	5.51141960160423
1149	5910	PC	8.97131138022951
1149	6000	PC	792.079390553833
1149	6020	PC	38.2962854543547
1149	6040	PC	1.48422430922915
1173	5770	PC	5.00424432285473
1175	6000	PC	15.3897193742192
1219	230	PC	53.8164711671607
1219	235	PC	45.8070395469913
1219	1071	PC	2.04834134449846
1219	1106	PC	.810036301394497
1219	1274	PC	1.04161769700107
1219	1275	PC	1.54755149148295
1222	1149	PC	3.68391528433823
1223	831	PC	2.13458925133445
1223	1223	PC	1.55759223507965
1223	1244	PC	109.145533422223
1223	1245	PC	1255.9767237581
1223	1271	PC	3323.82961954853
1223	1439	PC	1.54226311676022
1224	235	PC	70.1088796746004
1224	1071	PC	1.63039069088905
1224	1275	PC	2.01791252681316
1238	230	PC	41.5807476782007
1241	104	PC	51.8748849181199
1241	302	PC	1.33756726692002
1241	1141	PC	3.86265301793315
1241	1224	PC	15.6485721839057
1241	1241	PC	11.415099886658
1241	1243	PC	2.42065403011505
1241	1271	PC	2.02982593324219
1241	1401	PC	.861672373296337
1241	1671	PC	100.629576883359
1241	1833	PC	1.83215575448664
1243	1251	PC	16.5894165688231
1243	1439	PC	18.1611006330936
1244	106	PC	7.02640449344585
1244	230	PC	4.06015599465968
1244	1244	PC	9274.6839572246
1244	1503	PC	5.40912307798633
1245	58	PC	1.85014510781063
1245	106	PC	601.33432736565
1245	211	PC	9.79664422494795
1245	217	PC	8.97081658161539
1245	219	PC	1.08650236577279
1245	226	PC	3.08574976991581
1245	228	PC	62.1818143278699
1245	230	PC	1142.93436063754
1245	231	PC	225.67801651374
1245	235	PC	10749.7226207465
1245	301	PC	776.554313104764
1245	305	PC	66.9909637799745
1245	306	PC	88.5857687476553
1245	308	PC	2.3894371594417
1245	309	PC	187.558927529356
1245	310	PC	452.841703372006
1245	534	PC	22.7065745209781
1245	709	PC	847.376212733885
1245	1072	PC	103.907198781496
1245	1102	PC	8.3420776509252
1245	1124	PC	24.5559182187889
1245	1127	PC	195.20776993932
1245	1146	PC	1.76589055897135
1245	1149	PC	1.75179290604576
1245	1172	PC	44.8691403629548
1245	1173	PC	3.45808079333002
1245	1245	PC	124.40548703884
1245	1271	PC	235.025174774021
1245	1274	PC	348.090258677194
1245	1275	PC	40.2322561690308
1245	1277	PC	21.5263869849462
1245	1511	PC	119.404270368242
1245	1525	PC	24.2783628548565
1245	1531	PC	5.07502217904383
1245	1532	PC	310.005619155165
1245	1539	PC	6.41486069813777
1245	1545	PC	5.52747487226287
1245	1671	PC	53.8103097750652
1245	1674	PC	54.3839732380238
1245	1804	PC	6.61824846408193
1245	1813	PC	5.46389554028867
1245	1851	PC	1.23266986782335
1245	1865	PC	6.69405710757589
1245	1901	PC	.898088548295104
1245	1971	PC	135.27258850832
1245	4001	PC	3.36026354715876
1245	5700	PC	12.6709937924112
1245	6020	PC	18.4664483328234
1246	1401	PC	1.71010676320404
1246	1439	PC	28.2784600529477
1246	1504	PC	1.58869802227148
1246	1750	PC	4.55599329423184
1246	1870	PC	2.09552412699018
1246	1901	PC	11.8718725063059
1246	1971	PC	5.82587331110206
1246	1972	PC	6.44391258849199
1246	4001	PC	8.16397363788869
1247	106	PC	19.5716974931319
1253	50	PC	1.71346772146786
1253	211	PC	35.212320808536
1253	309	PC	246.835817417024
1253	1172	PC	78.0204685058862
1253	5730	PC	345.443759994371
1253	6020	PC	81.4063847436675
1260	432	PC	67.2882010649449
1260	541	PC	121.647716415304
1260	543	PC	80.8688182576178
1260	605	PC	56.6424134449864
1260	706	PC	107.432430523991
1260	822	PC	107.225371635067
1260	826	PC	60.6636683952334
1260	1046	PC	58.777077786449
1260	1130	PC	74.1037318140093
1260	1173	PC	94.2069863105101
1260	1243	PC	45.6512492936979
1260	1516	PC	88.5524877922024
1260	1644	PC	105.853104743178
1260	1740	PC	94.9148750937985
1260	1804	PC	55.0058268561042
1260	1852	PC	107.60533548813
1260	1929	PC	61.7782261486305
1260	2004	PC	50.309344828342
1260	2015	PC	83.4743348684805
1260	2018	PC	119.423001523007
1271	50	PC	12.4059730066977
1271	52	PC	5.94713310330479
1271	58	PC	51.5473762199562
1271	104	PC	1.49084801463494
1271	230	PC	411.92971410852
1271	235	PC	3.92884671117948
1271	301	PC	392.132147807422
1271	306	PC	8.50447998209018
1271	402	PC	1.24490927379375
1271	602	PC	126.50875783006
1271	617	PC	9.48887722828217
1271	618	PC	1.79602452510316
1271	706	PC	1.75941268704752
1271	709	PC	35.4718928959885
1271	1002	PC	5.03002433155617
1271	1071	PC	2.52652850892589
1271	1072	PC	1.55446985935984
1271	1074	PC	32.4996705560349
1271	1106	PC	21.9687465542404
1271	1122	PC	6.47242815373277
1271	1124	PC	43.525977619515
1271	1127	PC	109.322852343691
1271	1173	PC	11.9535855680197
1271	1219	PC	1.6442662051316
1271	1221	PC	87.0432357351093
1271	1222	PC	5.77041512792353
1271	1223	PC	6.48048963389424
1271	1224	PC	35.8864814539425
1271	1227	PC	.527306067902416
1271	1228	PC	3.54985776626566
1271	1231	PC	6.82128807406691
1271	1232	PC	3.33840352439226
1271	1233	PC	15.0775163276964
1271	1235	PC	130.803055631656
1271	1238	PC	44.8380040424644
1271	1243	PC	69.8177895950903
1271	1244	PC	28.8601452151803
1271	1245	PC	68.8844269697235
1271	1246	PC	109.167272123633
1271	1247	PC	58.5222630602561
1271	1251	PC	4.45402607450917
1271	1253	PC	9.80292365178349
1271	1256	PC	3.29576272384369
1271	1259	PC	7.86094447886036
1271	1260	PC	15.779610358106
1271	1263	PC	41.5664151787487
1271	1271	PC	942.643788916518
1271	1272	PC	251.54438124726
1271	1273	PC	435.233064261446
1271	1274	PC	190.307630123422
1271	1275	PC	316.717519785362
1271	1276	PC	135.599912747542
1271	1277	PC	247.318453267315
1271	1417	PC	13.3150914028093
1271	1419	PC	4.61931831774795
1271	1420	PC	51.6439343716768
1271	1421	PC	12.6627241229164
1271	1422	PC	10.7668486135634
1271	1430	PC	1.39340400707955
1271	1439	PC	42.5368621375311
1271	1449	PC	1.35733938261275
1271	1504	PC	6.57859883779715
1271	1515	PC	83.7781331235355
1271	1520	PC	1.18744725362424
1271	1523	PC	35.8419063111548
1271	1532	PC	1.53294417675951
1271	1653	PC	2.35008833807135
1271	1671	PC	3.77506047194248
1271	1702	PC	70.724820056822
1271	1833	PC	98.6488412872489
1271	1971	PC	39.6748039129264
1271	1972	PC	7.7141160113486
1271	1973	PC	21.7015202708055
1271	4001	PC	38.9863910555771
1271	4004	PC	13.232704514332
1271	4005	PC	24.5802611755705
1271	5101	PC	11.9459369258367
1271	5104	PC	2.64687426234529
1271	5106	PC	2.46185975156423
1271	5201	PC	625.849085658319
1271	5302	PC	1.75013726414519
1271	5403	PC	119.569377886399
1271	5404	PC	21.2583339684835
1271	5501	PC	23.461840123912
1271	5605	PC	26.2403913804168
1271	5700	PC	149.70340798019
1271	5720	PC	1.39844301392172
1271	5750	PC	4.91371871876192
1271	5760	PC	127.90003126373
1271	5790	PC	16.4846262308532
1271	5800	PC	30.9024236926207
1271	5810	PC	47.7120754153866
1271	5820	PC	13.3727154954636
1271	5840	PC	35.4194446315097
1271	5842	PC	189.231508188955
1271	5860	PC	205.11775415521
1271	5870	PC	76.9460349161889
1271	5880	PC	7.16722879602314
1271	5920	PC	332.30939652631
1271	6000	PC	738.661266907723
1271	6010	PC	209.001392084218
1271	6020	PC	322.67530758654
1271	6030	PC	2073.88932284852
1271	6040	PC	17.7713938193486
1271	6050	PC	903.567533922455
1272	6000	PC	2959.83214112234
1273	52	PC	29.4206408089778
1273	58	PC	36.0111577065302
1273	226	PC	9.97269805542756
1273	230	PC	260.34786812953
1273	235	PC	40.2356316910865
1273	302	PC	1.61731989790983
1273	303	PC	2.01771585101399
1273	305	PC	2.43209943566765
1273	306	PC	2.50028913947141
1273	309	PC	71.2565269900703
1273	311	PC	1.57360854931767
1273	412	PC	10.0199838145541
1273	1072	PC	10.6958935277053
1273	1122	PC	17.5736750395544
1273	1243	PC	38.7111873735236
1273	1271	PC	27.9068802465822
1273	1273	PC	1.65925825605628
1273	1274	PC	177.57496160772
1273	1275	PC	15.7970235353924
1273	1276	PC	7.57727936932369
1273	1439	PC	1.92860046275315
1273	1865	PC	3.43624521303867
1273	4005	PC	12.9593497416465
1273	5760	PC	9.16738566933193
1273	5841	PC	5.00039218327196
1273	5920	PC	15.6378931544858
1274	231	PC	2.81818442101593
1274	1271	PC	5.29487745710405
1274	1439	PC	1.62636722087406
1274	4001	PC	1.03841477672614
1274	4004	PC	1.54012079244776
1274	5201	PC	374.107674786281
1274	5501	PC	12.969350526013
1274	5605	PC	6.19048552289069
1274	5790	PC	7.91728762351394
1274	5800	PC	65.7051532881936
1274	5880	PC	41.9882931629347
1274	6030	PC	37.9529766710342
1275	1274	PC	2.49331207276724
1275	1534	PC	3.05014055195232
1275	5720	PC	24.2319005201359
1275	5850	PC	8.0256294541515
1275	5880	PC	15.0295121055211
1275	6000	PC	47.8287512329963
1275	6030	PC	1.2300964770849
1275	6050	PC	46.6703270438716
1277	5101	PC	3.26358929828217
1277	5403	PC	7.8106125902708
1277	5605	PC	13.0660247748896
1277	5700	PC	11.5175699954698
1277	5810	PC	1.02008000538748
1277	6020	PC	2.57853556917391
1277	6030	PC	5.96713467203787
1401	230	PC	3.54399281056306
1401	709	PC	32.168066727929
1401	1245	PC	7.44922256459569
1401	1432	PC	.965366627944139
1401	1445	PC	.911564489492477
1411	230	PC	20.361055088748
1411	1245	PC	2.96650863768419
1411	2025	PC	18.8978763466073
1412	1271	PC	.601471103077096
1412	1432	PC	1.44014969645473
1412	1445	PC	.99485850399983
1416	50	PC	2.90200285794891
1416	52	PC	1.10000560478395
1416	54	PC	.70964576292722
1416	56	PC	.8638214987866
1416	58	PC	34.4500761275577
1416	61	PC	.810242696963127
1416	62	PC	15.1496795768207
1416	4001	PC	448.573154865578
1416	4004	PC	3.53574752416871
1416	4005	PC	12.8605062359347
1416	5101	PC	5.80762038509291
1416	5102	PC	2.06562092201435
1416	5403	PC	1.8601015517125
1416	5404	PC	36.785017117052
1416	5501	PC	2.09663625117373
1416	5605	PC	65.8548484041002
1416	5710	PC	2.49673399732966
1416	5790	PC	3.93894680324058
1416	5810	PC	24.9177154466416
1416	5831	PC	37.9193414302515
1416	5840	PC	18.4789331131554
1416	5860	PC	8.27333905326319
1416	6000	PC	4.62517449392397
1416	6010	PC	23.1889501988244
1416	6020	PC	16.0422434799484
1416	6050	PC	22.061435789293
1428	230	PC	30.5523119637065
1428	235	PC	1.25216442658008
1428	6020	PC	29.9989270428578
1438	58	PC	17.4968220623297
1438	305	PC	3344.72947469516
1438	5810	PC	12.863048307361
1439	58	PC	102.521459738036
1439	137	PC	72.4458950475136
1439	226	PC	61.2361746039708
1439	230	PC	25.3120836551244
1439	231	PC	8.62744585389606
1439	301	PC	74.1428330910797
1439	305	PC	1.47547926549412
1439	306	PC	3.1555136109772
1439	309	PC	2.1310615300489
1439	403	PC	66.8397320500613
1439	412	PC	2.50215852660703
1439	1124	PC	1.63847124080749
1439	1149	PC	2.37904813638888
1439	1172	PC	46.8726670776861
1439	1243	PC	134.78653242496
1439	1246	PC	1.36511787849564
1439	1271	PC	18.2699002738527
1439	1273	PC	9.91814791332627
1439	1274	PC	2.1232969062219
1439	1439	PC	1.62199007949409
1439	1449	PC	7.18003601867296
1439	1865	PC	48.8567553127101
1439	1871	PC	1.76532241138547
1439	4001	PC	50.7212778389346
1439	4005	PC	166.52045021076
1439	5201	PC	1.23714332232488
1439	5403	PC	2.66928856367254
1439	5404	PC	6.44465358606448
1439	5501	PC	18.7010037095621
1439	5700	PC	5.17234598326009
1439	5880	PC	333.601930532807
1439	6000	PC	3.76417638769391
1439	6010	PC	1.59997476181809
1439	6030	PC	16.0764696846817
1439	6050	PC	444.315069246185
1441	58	PC	30.001524754571
1441	105	PC	6.79064788776676
1441	137	PC	7.90345270346884
1441	211	PC	205.222391891997
1441	231	PC	1.69049007968227
1441	235	PC	3.73822112022949
1441	301	PC	2.42112734019717
1441	309	PC	38.6300591878163
1441	412	PC	35.8549623668232
1441	542	PC	13.1595012655104
1441	602	PC	8.2803067578877
1441	626	PC	15.5669923490646
1441	709	PC	19.2413536798575
1441	926	PC	13.885067675103
1441	1122	PC	10.3715742321684
1441	1271	PC	1.24109444476917
1441	1274	PC	1.8669454895673
1441	1276	PC	29.9842760445657
1441	1502	PC	3.90723356438252
1441	1528	PC	9.86723527236377
1441	1529	PC	1.17582227296722
1441	1531	PC	7.91608137650626
1441	1566	PC	8.76453165594706
1441	1673	PC	19.0357666978957
1441	1677	PC	22.7139926906887
1441	1971	PC	1.82731168952847
1441	1973	PC	19.7333373157611
1441	3001	PC	1.00697712282258
1441	4001	PC	.959025831259596
1441	5700	PC	1.96280620131131
1502	230	PC	2.3215792280577
1502	301	PC	3.78989146372511
1502	1271	PC	1.05931857163336
1502	1502	PC	7.58568986050793
1502	1653	PC	4.25068358336021
1502	1676	PC	1.55550829525632
1503	211	PC	27.9892394987165
1503	226	PC	9.8520175184492
1503	230	PC	3.65667252995918
1503	231	PC	4.68238024392626
1503	235	PC	15.7730962319149
1503	305	PC	1.03705290024556
1503	309	PC	37.3509010543371
1503	412	PC	12.2157623698169
1503	542	PC	2.213420873486
1503	709	PC	15.465809709905
1503	926	PC	6.76366994263243
1503	1071	PC	2.93360841627548
1503	1106	PC	2.32327841876607
1503	1122	PC	7.73851618074632
1503	1243	PC	4.05610259449855
1503	1247	PC	23.9751617846323
1503	1271	PC	3.92133395185603
1503	1272	PC	1.44885609416152
1503	1274	PC	9.2358579456521
1503	1275	PC	7.09276019207789
1503	1276	PC	17.2729497195621
1503	1401	PC	7.72100779105318
1503	1432	PC	1.58088840633798
1503	1445	PC	.9216825984239
1503	1502	PC	2.1603055365275
1503	1531	PC	4.79786745135383
1503	1677	PC	9.65597432673989
1503	1804	PC	9.74123238078356
1503	1865	PC	1.29501963372244
1503	1973	PC	4.38760776739634
1503	5201	PC	154.897759417441
1503	5403	PC	14.045756910923
1503	5404	PC	9.81991860470027
1503	5605	PC	44.6855396106886
1503	5880	PC	20.4581637597922
1503	5890	PC	4.4402398624253
1503	6030	PC	337.216004885407
1503	6040	PC	21.5547213373171
1503	6050	PC	1.22748982558753
1504	50	PC	928.575740665578
1504	51	PC	33.7859688291064
1504	52	PC	355.009525100225
1504	54	PC	261.492202607263
1504	55	PC	6.3225204826398
1504	56	PC	305.084664143297
1504	57	PC	8.98983381125347
1504	58	PC	6162.16555689885
1504	59	PC	73.6655960712988
1504	60	PC	44.0600646133961
1504	61	PC	73.12554744674
1504	62	PC	25.2900819305592
1504	106	PC	163.593341041265
1504	125	PC	2.19811259046725
1504	211	PC	162.120499780172
1504	213	PC	155.066595330373
1504	217	PC	1.99715733829455
1504	219	PC	9.53736273278312
1504	220	PC	175.206975444056
1504	230	PC	13.745638099327
1504	231	PC	1.27694500676563
1504	235	PC	19.8223207320261
1504	301	PC	78.5180808375441
1504	302	PC	6.16100805590294
1504	303	PC	4.20621812061259
1504	304	PC	19.1078211805126
1504	305	PC	113.13385611399
1504	306	PC	2.56359352628742
1504	307	PC	19.2939217420318
1504	309	PC	11.3361062878425
1504	403	PC	2.79289042411985
1504	417	PC	5.72438820612238
1504	501	PC	1.36710815796591
1504	514	PC	23.1138834481733
1504	517	PC	1.46346640101096
1504	544	PC	.935666298889083
1504	602	PC	1.0903845263865
1504	620	PC	2.47377554159153
1504	704	PC	9.03833009000092
1504	706	PC	2.32445108323311
1504	709	PC	4.60131381085104
1504	720	PC	3.87250799116879
1504	806	PC	2.46400954706615
1504	1072	PC	11.2100004662448
1504	1101	PC	4.77440849516205
1504	1102	PC	2.18875168603663
1504	1106	PC	2.15402368074593
1504	1124	PC	28.9204848915619
1504	1130	PC	3.1732886743507
1504	1149	PC	1.26517055819488
1504	1172	PC	22.4080705182378
1504	1173	PC	25.9943830958357
1504	1175	PC	3.89816668492988
1504	1235	PC	19.0218515044346
1504	1246	PC	1.00142020700577
1504	1260	PC	10.8105634379536
1504	1271	PC	202.90600366766
1504	1272	PC	13.0175481124397
1504	1273	PC	68.244445214679
1504	1274	PC	250.543478725557
1504	1275	PC	15.2906632052291
1504	1277	PC	17.4738312920555
1504	1401	PC	7.51826825257672
1504	1418	PC	9.52200055471565
1504	1419	PC	5.72678932347018
1504	1420	PC	2.16964338948265
1504	1421	PC	2.7714976417678
1504	1424	PC	.995987422537264
1504	1430	PC	1.25768706227181
1504	1432	PC	2.74230203121563
1504	1439	PC	1.18228848302332
1504	1445	PC	1.0904457460421
1504	1502	PC	.888122726450697
1504	1504	PC	9839.69047832406
1504	1514	PC	14.5015375655299
1504	1515	PC	1.8100735754971
1504	1519	PC	1.10631549386833
1504	1528	PC	1.23721885695278
1504	1531	PC	19.1850741373075
1504	1539	PC	1.03142819222946
1504	1617	PC	27.0942710267138
1504	1653	PC	1.88328786090356
1504	1671	PC	39.8341629643448
1504	1674	PC	1.69191695791919
1504	1676	PC	7.32643913672044
1504	1677	PC	2.74917508450681
1504	1714	PC	1.27784796414039
1504	1748	PC	3.45215713927477
1504	1804	PC	26.2471015654249
1504	1805	PC	.835811276567829
1504	1813	PC	.545894876787788
1504	1833	PC	.876928811905611
1504	1870	PC	1.45363053475351
1504	1901	PC	1.25565194855793
1504	2012	PC	.977833462671603
1504	3001	PC	683.33109850693
1504	4001	PC	541.298310247962
1504	4002	PC	11.8217961107692
1504	4003	PC	16.6032022257655
1504	4004	PC	139.918695472586
1504	4005	PC	6.40484496809083
1504	5101	PC	956.503499109988
1504	5102	PC	51.9467503196057
1504	5104	PC	16.0532746629526
1504	5106	PC	87.7644874496438
1504	5201	PC	2321.67068346806
1504	5203	PC	107.76275145541
1504	5204	PC	452.811013816058
1504	5402	PC	2.9636814762374
1504	5403	PC	1605.00310782258
1504	5404	PC	81.927681431165
1504	5501	PC	162.143013564948
1504	5605	PC	1569.27428113683
1504	5700	PC	2034.22980304663
1504	5710	PC	44981.6032570452
1504	5720	PC	3719.48446577659
1504	5740	PC	32.3041280909877
1504	5800	PC	1.64648970902078
1504	5810	PC	64.6823482188813
1504	5820	PC	66.3864650677178
1504	5831	PC	1.97578765082493
1504	5840	PC	49.7141102741734
1504	5841	PC	23.692986912809
1504	5842	PC	2.1075068275466
1504	5860	PC	1046.83321752628
1504	5870	PC	2.63438353443325
1504	5880	PC	5420.55201567199
1504	6000	PC	31785.8855761352
1504	6010	PC	38.6101836765373
1504	6020	PC	1015.76395671706
1504	6030	PC	257.156995203411
1504	6040	PC	71192.1667848606
1504	6050	PC	150.922186197972
1511	58	PC	26.8029424783135
1511	306	PC	1.59455862936676
1511	5800	PC	1.24238069534112
1514	58	PC	40.35869628748
1514	106	PC	11.6876574058139
1514	128	PC	3103.58474268749
1514	211	PC	340.067011341438
1514	230	PC	492.514137192179
1514	305	PC	27.5165963886111
1514	309	PC	332.734947816978
1514	412	PC	102.533390643767
1514	542	PC	22.00033380084
1514	626	PC	105.529468623458
1514	709	PC	128.559385076538
1514	926	PC	90.4259566967988
1514	1021	PC	4813.59911503201
1514	1122	PC	102.136150833401
1514	1276	PC	221.955801983249
1514	1502	PC	29.2080037930439
1514	1531	PC	53.9631745520903
1514	1673	PC	111.018841099041
1514	1677	PC	4.51311864323064
1514	1973	PC	57.1936462780749
1514	4001	PC	3.53225883969534
1514	5930	PC	4.91105780746608
1514	6030	PC	24.2580920866802
1515	50	PC	35.2332669090531
1515	52	PC	3.73526222128703
1515	58	PC	69.9273568365987
1515	219	PC	4.42884928071087
1515	231	PC	2.40466657636077
1515	235	PC	4.75543560026076
1515	301	PC	1.59455862936676
1515	309	PC	13.1227405149702
1515	709	PC	3.08847796779613
1515	720	PC	6.85260212757345
1515	805	PC	1.37917755745519
1515	1004	PC	1.21474472342272
1515	1504	PC	3.62029933611885
1515	1529	PC	26.9427893065988
1515	1534	PC	6.59315608119512
1515	1617	PC	15.7356478734129
1515	1653	PC	221.816551253231
1515	1677	PC	7.05749421135845
1515	4001	PC	8.37835556505208
1515	5101	PC	24.3084369253149
1515	5102	PC	61.6951637062926
1515	5404	PC	27.0692829149618
1515	5700	PC	3.09701958956277
1515	5710	PC	129.069550015994
1515	5770	PC	23.7140430240144
1515	5790	PC	18.5074122929509
1515	5860	PC	9.59962390870766
1515	5870	PC	2.87939996449648
1515	5880	PC	23.4671909119989
1515	6000	PC	2.56758677037165
1515	6020	PC	3.29677491704899
1515	6030	PC	17.3446089231937
1515	6050	PC	40.066371417988
1516	1272	PC	1.70191640456345
1516	1432	PC	1.71369027825133
1516	1445	PC	.613251373438283
1517	1529	PC	1.74225889280547
1517	1534	PC	3.08194274246183
1519	1243	PC	2.4041305097278
1519	1503	PC	8.30256886766318
1519	1504	PC	6.59773221605701
1519	1677	PC	70.3262595212758
1520	230	PC	2062.88729408964
1520	235	PC	76.6179537966182
1520	301	PC	76.3955920773088
1520	1271	PC	1.07419248175887
1520	1529	PC	22.1537875245158
1520	5403	PC	44.0553027343818
1525	5501	PC	1.78973431370559
1525	5605	PC	2.25733739106749
1525	5790	PC	8.9618434862001
1525	5860	PC	65.5385228675721
1525	5870	PC	43.6155123919604
1525	5880	PC	9.16930118953671
1525	6000	PC	8.46460359407584
1525	6010	PC	258.556511456079
1525	6020	PC	529.427119445923
1525	6030	PC	251.898107072798
1525	6040	PC	47.0352715175967
1525	6050	PC	170.17788334497
1529	237	PC	1.0743353776373
1529	301	PC	1.15028282108444
1529	1547	PC	27.8887769722165
1529	1617	PC	2.76692377879474
1529	1676	PC	1.62109535461447
1531	50	PC	70.7710671628403
1531	52	PC	8.556807017781
1531	58	PC	6.46247210790657
1531	230	PC	12.9363418402209
1531	235	PC	12.9260195153618
1531	301	PC	2.59323144401987
1531	309	PC	22.5497057280881
1531	310	PC	5.20580698352944
1531	704	PC	1.18676653741234
1531	906	PC	1.69920515527071
1531	1071	PC	4.49328224282044
1531	1102	PC	1.16317894878291
1531	1106	PC	1.50292981071425
1531	1124	PC	13.3944792518604
1531	1127	PC	2.97025881851465
1531	1146	PC	2.33226395017979
1531	1149	PC	14.1763268558399
1531	1172	PC	3.78429464573813
1531	1173	PC	5.12682976451977
1531	1271	PC	39.9697432088085
1531	1273	PC	45529.1121388805
1531	1277	PC	2.2888316884861
1531	1504	PC	71.7685765311214
1531	1531	PC	11.2529637296498
1531	1653	PC	4.98069552195229
1531	1671	PC	5.70968021217956
1531	1702	PC	1.29676843457075
1531	1703	PC	3.42222052591551
1531	1804	PC	1.3198679771104
1531	1805	PC	1.12217700358555
1531	3001	PC	32.6943461520256
1531	4001	PC	4.88513496666465
1531	4004	PC	1.26450409652796
1531	5106	PC	2.70847557133919
1531	5201	PC	.976368397449321
1531	5403	PC	224.111946743364
1531	5501	PC	91.439452480178
1531	5700	PC	33.1405448631702
1531	5710	PC	712.312610365114
1531	5860	PC	5.07777426262008
1531	5870	PC	2.81055793329847
1531	5880	PC	4.45375466290121
1531	6000	PC	978.014887158344
1531	6010	PC	230.55795395418
1531	6020	PC	50.227815063388
1531	6030	PC	31.8957986431506
1531	6040	PC	1938.72352098517
1532	123	PC	34.4838433780292
1532	211	PC	74.3667518568164
1532	213	PC	49.5787320959888
1532	219	PC	4.25370368602836
1532	220	PC	81.1025344908382
1532	231	PC	36.1882466145805
1532	235	PC	2.11491304262693
1532	301	PC	32.8136309803858
1532	302	PC	2.58589105064207
1532	303	PC	2.35238018365917
1532	304	PC	7.94325556803059
1532	305	PC	45.5458455456564
1532	307	PC	2.97242753015964
1532	402	PC	.902790492042292
1532	403	PC	2.52106063691683
1532	514	PC	5.53992198569389
1532	517	PC	.768880768657462
1532	602	PC	.887200961845758
1532	620	PC	2.04541614045014
1532	704	PC	3.00111958227375
1532	706	PC	1.10895723421818
1532	806	PC	1.40521998863995
1532	1072	PC	5.36105276636673
1532	1102	PC	1.11213424092548
1532	1106	PC	1.01546423602861
1532	1124	PC	10.8327143500798
1532	1127	PC	4.55020038510797
1532	1130	PC	1.55173844120192
1532	1173	PC	10.9212671916483
1532	1175	PC	1.31505209439734
1532	1235	PC	4.87844153653653
1532	1271	PC	64.254196431215
1532	1272	PC	2.13075515239397
1532	1273	PC	4.28518536203676
1532	1274	PC	131.42570626296
1532	1275	PC	4.29611231153621
1532	1277	PC	6.02074917420039
1532	1418	PC	3.78741248081811
1532	1419	PC	6.46935045191165
1532	1432	PC	.98444501151417
1532	1504	PC	440.648901199542
1532	1531	PC	13.2303683031489
1532	1534	PC	2.26765703549578
1532	1617	PC	801.062064124469
1532	1671	PC	14.1540874965179
1532	1674	PC	2.64775530638375
1532	1714	PC	1.04309562394121
1532	1804	PC	1.43019503576478
1532	1865	PC	10.3925342753926
1532	1972	PC	2.92145554452384
1532	5201	PC	9.87893825412467
1532	5720	PC	61.331741661024
1532	5860	PC	11.3525465436983
1532	6030	PC	72.6019637192714
1532	6050	PC	222.490154379978
1534	105	PC	30.1982113592159
1534	106	PC	17.3698356688623
1534	211	PC	590.889819869985
1534	215	PC	5.40492587491361
1534	219	PC	2.58753181419884
1534	230	PC	23.0232775639975
1534	231	PC	11.6733456616734
1534	235	PC	209.012064316821
1534	301	PC	31.4825154095002
1534	305	PC	4.66294603233567
1534	306	PC	4.27988112709796
1534	307	PC	1.10537688512619
1534	309	PC	362.463253554523
1534	310	PC	1.54061903364462
1534	412	PC	211.375424963363
1534	502	PC	7.16825354830197
1534	542	PC	38.230709200501
1534	602	PC	56.4070736119083
1534	624	PC	6.95686916572881
1534	626	PC	29.263245310105
1534	709	PC	235.481440061279
1534	828	PC	4.33087379765486
1534	926	PC	116.131087147162
1534	1072	PC	9.52310803812414
1534	1122	PC	73.0171191035252
1534	1124	PC	28.9238219133702
1534	1271	PC	1.8065889839101
1534	1274	PC	44.4836114122864
1534	1276	PC	180.052033827393
1534	1277	PC	1.84301214890829
1534	1401	PC	.951032462416611
1534	1439	PC	8.19288030880933
1534	1502	PC	25.4343033174393
1534	1503	PC	9.7044469644774
1534	1504	PC	94.4591161010034
1534	1515	PC	1.95443137239296
1534	1525	PC	3.30595214934196
1534	1528	PC	19.104456488701
1534	1531	PC	74.0212372798919
1534	1566	PC	10.9419432756265
1534	1653	PC	78.600719585732
1534	1671	PC	40.2132966404052
1534	1673	PC	48.0268141401115
1534	1674	PC	10.9322617976813
1534	1677	PC	64.2217188422455
1534	1804	PC	.927479094383609
1534	1870	PC	.969644290002342
1534	1901	PC	4.06733794931775
1534	1931	PC	6.62331273095856
1534	1971	PC	21.4726982522502
1534	1973	PC	52.3655737259802
1535	1865	PC	19.4983642896241
1545	230	PC	15.3772498685002
1545	720	PC	39.4882361236302
1545	1502	PC	1.8446309050992
1545	1617	PC	5.62120787717832
1545	1620	PC	66.8635609163539
1545	1653	PC	22.6951080988241
1547	219	PC	1.54693559836785
1547	226	PC	4.22230679476767
1547	230	PC	4108.13296124781
1547	231	PC	141.158563999405
1547	235	PC	9342.57279079734
1547	301	PC	1063.71206617923
1547	305	PC	11.1691330491486
1547	306	PC	152.887280751888
1547	309	PC	480.731586895994
1547	310	PC	63.8418263833335
1547	403	PC	82.1290434071703
1547	412	PC	21.774476774131
1547	625	PC	.809780719066365
1547	1271	PC	63.0018206146641
1547	1277	PC	2.30286646007252
1547	1502	PC	163.000100455666
1547	1503	PC	1.44227610154401
1547	1511	PC	23.7007865078036
1547	1515	PC	1.47508018087006
1547	1525	PC	115.795590967623
1547	1528	PC	8.85326974624617
1547	1529	PC	2.56687460987952
1547	1531	PC	69.7607096304788
1547	1545	PC	682.66214976468
1547	1547	PC	78.7965035332517
1547	1548	PC	1044.65035653219
1547	1554	PC	329.669709713112
1547	1620	PC	548.55615247488
1547	1671	PC	49.1213893531218
1547	1674	PC	50.2961887688085
1547	1676	PC	6.84849816569016
1547	1677	PC	34.5521719319813
1547	1750	PC	2.68451715923356
1547	6030	PC	3.26682579166254
1548	106	PC	1.06929995700171
1548	230	PC	2.57001390559893
1548	301	PC	3.55875906952483
1548	1149	PC	3.22295595559858
1548	1502	PC	1.86165826730011
1548	1504	PC	3.12860245916597
1548	1531	PC	10.5128991367485
1548	1554	PC	1.66387301077469
1548	1617	PC	18.1466783933389
1548	1676	PC	4.72760877316259
1548	1719	PC	.709354113409284
1554	50	PC	2.79867680233958
1554	123	PC	377.115351230608
1554	211	PC	55.6904400931667
1554	213	PC	59.4383315425342
1554	219	PC	3.69732144982388
1554	220	PC	96.8417553225953
1554	230	PC	82.7564313941081
1554	231	PC	1.15258709523426
1554	235	PC	12.9527182574746
1554	301	PC	36.6347242190793
1554	302	PC	2.11633988930171
1554	303	PC	2.75474419516433
1554	304	PC	8.26097060302387
1554	305	PC	46.1061478430752
1554	306	PC	707.435477646984
1554	307	PC	5.78469670074892
1554	309	PC	15.8801547394145
1554	310	PC	360.420820935926
1554	514	PC	12.4902889198826
1554	517	PC	.864162225597032
1554	544	PC	163.216517520649
1554	706	PC	1.35927361009179
1554	709	PC	1.1000798717012
1554	806	PC	.886174247906121
1554	1003	PC	2.15246365458424
1554	1072	PC	2.38203495446548
1554	1102	PC	1.1728700696926
1554	1124	PC	9.10187613259477
1554	1130	PC	1.24083699866908
1554	1172	PC	1.55515767412506
1554	1173	PC	8.40369916794413
1554	1175	PC	1.14007651875067
1554	1235	PC	5.1006002114605
1554	1271	PC	71.3742880471416
1554	1272	PC	4.14227839652701
1554	1273	PC	7.41354147512334
1554	1274	PC	112.405327827022
1554	1275	PC	2.4378110316769
1554	1277	PC	4.1459894666751
1554	1418	PC	5.61644740295111
1554	1419	PC	1.66746767980623
1554	1420	PC	.983086751342308
1554	1439	PC	1.72550891941602
1554	1502	PC	10.7112679993608
1554	1504	PC	1.02156472996554
1554	1525	PC	9.97909834242892
1554	1528	PC	57.5818976312829
1554	1531	PC	3.27503724584282
1554	1545	PC	2.22389147790578
1554	1554	PC	58.8606908743191
1554	1617	PC	1.696162504497
1554	1640	PC	.909418398758962
1554	1671	PC	12.4692955629528
1554	1805	PC	.731452478898998
1554	1865	PC	72.9851212109647
1554	1901	PC	1.04457959668317
1554	1971	PC	25.2857982870211
1554	3001	PC	1.19803006977343
1554	4001	PC	2.94597558141008
1554	5402	PC	6.91649600391056
1554	5403	PC	5.85921810080449
1554	5404	PC	8.79210045740831
1554	5700	PC	158.32163770428
1554	5710	PC	266.825191673815
1554	5720	PC	866.198653589603
1554	5810	PC	5.49915441863215
1554	5820	PC	3.69883600777043
1554	5860	PC	55.5005433006651
1554	5880	PC	583.861263826563
1554	6020	PC	1.61537661047319
1567	213	PC	2.15904905885894
1567	214	PC	.875560453559711
1567	235	PC	65.2822582999116
1567	309	PC	58.9482472524527
1567	1653	PC	.965423933079025
1567	1671	PC	2.66092057504244
1567	1676	PC	4.85806116296952
1567	1677	PC	.889253662610585
1567	1719	PC	9.27141390301799
1569	301	PC	753.389634275327
1569	305	PC	363.313220791287
1569	309	PC	25.8386095143775
1569	403	PC	57.4193890990658
1569	1277	PC	54.2525146534662
1569	1502	PC	50.0974803935143
1569	1503	PC	272.022068751364
1569	1504	PC	60.4934932876236
1569	1531	PC	27.6873784056884
1617	58	PC	1.37582712681272
1617	211	PC	2.17917757329387
1617	214	PC	1.94994885699217
1617	309	PC	1.23618116218417
1617	701	PC	1.56563873620965
1617	906	PC	1.74318739801234
1617	1102	PC	.9945696699229
1617	1121	PC	.895551615693866
1617	1277	PC	6.52976306207166
1617	1515	PC	2.62457495514562
1617	1532	PC	25.5013742961077
1617	1548	PC	2.13587101814628
1617	1671	PC	431.057197575469
1617	1818	PC	1.61666675668529
1617	1834	PC	208.453905352414
1617	5101	PC	3.37507592046247
1617	5201	PC	19.5559274058741
1617	5204	PC	17.1449226572047
1617	6020	PC	218.576266580504
1620	104	PC	4.27105819494262
1620	214	PC	3.24414878385068
1620	219	PC	45.9400311722012
1620	226	PC	20.8036596645447
1620	230	PC	4202.12829427508
1620	235	PC	9698.02378791042
1620	301	PC	98.8334332855373
1620	305	PC	153.297808723546
1620	306	PC	68.5764491734613
1620	309	PC	135.988913328612
1620	310	PC	1271.53532935645
1620	412	PC	36.5843545018454
1620	420	PC	125.581250751419
1620	626	PC	29.8210392190492
1620	834	PC	.823666727001944
1620	1175	PC	17.0930474770402
1620	1238	PC	3.02616448687701
1620	1245	PC	137.746199198961
1620	1271	PC	19456.1026333145
1620	1272	PC	110.562057910914
1620	1273	PC	247.246734747418
1620	1277	PC	36.5112524695115
1620	1401	PC	990.755777920467
1620	1439	PC	455.249020049929
1620	1504	PC	336.67239576447
1620	1525	PC	258.374108266475
1620	1528	PC	54.2977409357792
1620	1531	PC	2.88900947977679
1620	1545	PC	30.1243241286459
1620	1547	PC	947.456342844134
1620	1617	PC	42910.3195042816
1620	1620	PC	107005.973056375
1620	1671	PC	405.69428448092
1620	1674	PC	1.86562385683082
1620	1676	PC	141.870964749364
1620	1677	PC	18.3379513521147
1620	1749	PC	1536.03674390659
1620	1804	PC	284.442994402027
1620	1813	PC	1.33292010514534
1620	1820	PC	32.1784374429337
1620	1824	PC	3.17915214494393
1620	1860	PC	567.529429827902
1620	1901	PC	1.25628229003631
1620	1931	PC	5119.89562236194
1620	2028	PC	36.1344557091004
1620	6020	PC	10.1219204846402
1621	52	PC	259.586791532433
1621	58	PC	9973.406738824
1621	1102	PC	1.43105451651947
1621	3001	PC	801.105455436897
1621	4001	PC	4649.73330382625
1621	5101	PC	631.857003474981
1621	5104	PC	27.1869465603446
1621	5403	PC	188.107777867527
1621	5840	PC	323.867737441362
1621	5842	PC	48.5481188577582
1622	230	PC	45.3760633612344
1627	50	PC	18.3754629876615
1627	230	PC	1.59213719623072
1627	1554	PC	1.25815017326147
1627	1671	PC	28.2566963259715
1630	58	PC	50.5385917309263
1630	213	PC	2.0601415562903
1630	412	PC	1.54016183892861
1630	423	PC	1.2881716784838
1630	604	PC	1.7290679969336
1630	617	PC	2.36873544280492
1630	704	PC	.893005131351689
1630	821	PC	2.98641812029577
1630	914	PC	1.52182387660518
1630	940	PC	.97967656543459
1630	1221	PC	.747610471676989
1630	1235	PC	2.59051600439986
1630	1260	PC	1.7673943304149
1630	1273	PC	1.02477961865828
1630	1277	PC	2.09423627791201
1630	1504	PC	1.36746601477244
1630	1624	PC	2.11496453505023
1630	1677	PC	.764740070372132
1630	1702	PC	.796721134886425
1630	1833	PC	2.29916112077223
1630	1837	PC	3.77652481188176
1630	1860	PC	1.02925882932837
1630	1901	PC	.782586060876714
1630	2025	PC	4.03466448099912
1630	3001	PC	15.0499168459051
1630	5605	PC	2.91288713146549
1630	5880	PC	17.3964092573634
1630	6030	PC	30.9494257718209
1632	104	PC	1.03937403579702
1632	230	PC	62.3581885785429
1632	235	PC	87.8064163903842
1632	1531	PC	11.0852573780004
1632	1677	PC	2.24747798073421
1632	1813	PC	.687168857471141
1632	1820	PC	1.07527547374697
1632	1824	PC	1.90353806913844
1653	720	PC	2.8524133557238
1671	104	PC	13.7937194369116
1671	211	PC	668.976872518914
1671	219	PC	3.92118831190937
1671	230	PC	9.68543903044401
1671	301	PC	43.0513524539473
1671	309	PC	163.34432270664
1671	310	PC	12.8941484453867
1671	412	PC	60.4567826256399
1671	542	PC	19.7251445270746
1671	706	PC	5.77516175788464
1671	709	PC	116.616726842882
1671	926	PC	51.66126762389
1671	1071	PC	.916832797189522
1671	1072	PC	7.18500753948696
1671	1074	PC	19.7481373635186
1671	1122	PC	54.9893407263265
1671	1127	PC	6.7112009731068
1671	1243	PC	30.3071658946036
1671	1274	PC	13.4017501855839
1671	1275	PC	1.31964717363518
1671	1276	PC	153.746227101685
1671	1502	PC	19.4742108386339
1671	1504	PC	2.58919868383672
1671	1531	PC	61.3898650945018
1671	1532	PC	4.75842875654467
1671	1534	PC	41.0821956915182
1671	1545	PC	1.07585573398358
1671	1547	PC	3.28597685301663
1671	1548	PC	3.48825811650464
1671	1554	PC	1.30120098418465
1671	1617	PC	1538.47950741687
1671	1675	PC	14.2755965052238
1671	1677	PC	67.3318706023527
1671	1702	PC	1.68858534831494
1671	1703	PC	.856997361138779
1671	1750	PC	22.3547441036501
1671	1804	PC	.876577030553365
1671	1813	PC	13.8330115436099
1671	1815	PC	7.12210324720091
1671	1818	PC	37.0082090842013
1671	1827	PC	7.70417861421663
1671	1856	PC	.799377854947823
1671	1857	PC	.960335511453322
1671	1860	PC	3.54160550156326
1671	1865	PC	.572191342020875
1671	1868	PC	4.66948980609347
1671	1870	PC	4.83145328982379
1671	1971	PC	6.95093530018366
1671	1973	PC	54.7555781835509
1675	1617	PC	43.3035440636445
1676	211	PC	530.771352593416
1676	230	PC	6.35020232896842
1676	309	PC	160.369903571694
1676	412	PC	56.0329188059938
1676	542	PC	21.4436476053212
1676	709	PC	122.041516563208
1676	926	PC	47.961206260076
1676	1072	PC	3.28925580847375
1676	1074	PC	1.57531408451808
1676	1122	PC	36.7643033941514
1676	1127	PC	.823797173458282
1676	1274	PC	4.03225525277415
1676	1276	PC	124.350261529478
1676	1502	PC	13.1673890439611
1676	1531	PC	59.357509564375
1676	1671	PC	13.7657537728944
1676	1673	PC	50.118091218133
1676	1749	PC	12.9153252451244
1676	1971	PC	4.27082955266165
1676	1973	PC	36.6202713484058
1676	2014	PC	10.5837500803371
1677	1677	PC	18.3923522379816
1677	1971	PC	4.73161172787556
1749	1504	PC	9.82371362193953
1750	111	PC	5.28042468006487
1750	230	PC	227.629296679759
1750	235	PC	60.5408138542289
1750	704	PC	1096.71012285216
1750	1034	PC	2744.36680519766
1750	1071	PC	864.803970308922
1750	1124	PC	332.391607465492
1750	1224	PC	1.33037353201243
1750	1245	PC	318.775357477048
1750	1260	PC	136.55253689472
1750	1271	PC	25636.2506509692
1750	1272	PC	190.85105037985
1750	1401	PC	183.84961130236
1750	1439	PC	972.545931882604
1750	1444	PC	1110.5233366578
1750	1504	PC	7984.30964268321
1750	1511	PC	172.779178073321
1750	1515	PC	112.034030295991
1750	1525	PC	364.033112229356
1750	1531	PC	549.942455904512
1750	1532	PC	27.5261349640433
1750	1547	PC	283.020030548888
1750	1548	PC	764.59496704949
1750	1617	PC	130.939129229724
1750	1621	PC	9.74380917961497
1750	1671	PC	1204.32806799755
1750	1674	PC	1.2877759495269
1750	1676	PC	1573.37042059358
1750	1677	PC	1187.61309444112
1750	1703	PC	6.99753656291801
1750	1749	PC	.627576051470023
1750	1750	PC	789.726671768334
1750	1804	PC	149.691437539936
1750	1813	PC	5.22597401332829
1750	1815	PC	30.223396241713
1750	1828	PC	5.95509515495061
1750	1837	PC	2.08637793391318
1750	1971	PC	365.667576947981
1750	1972	PC	2.54950207052723
1750	1973	PC	1.31889825726409
1750	5102	PC	13.7724793022628
1750	5404	PC	48.2263190222496
1750	5700	PC	700.366798862993
1750	5920	PC	56.2155214357276
1750	6010	PC	91.9017037142307
1804	106	PC	22.7874343327665
1804	213	PC	3238.79216437969
1804	214	PC	2235.73290680429
1804	230	PC	31.0971401505205
1804	235	PC	333.567197627153
1804	301	PC	122.299534809501
1804	305	PC	1.60169347464513
1804	306	PC	7.7056718113014
1804	309	PC	10.6742224716464
1804	417	PC	21.6280958335507
1804	602	PC	21.0209164925632
1804	1102	PC	1617.45179460523
1804	1172	PC	32.9992091835495
1804	1271	PC	2.92502976530354
1804	1273	PC	184.178622562315
1804	1275	PC	5.63959483383781
1804	1277	PC	1521.86485334123
1804	1401	PC	2680.01612140149
1804	1439	PC	19.9673846255576
1804	1504	PC	24.4913955312762
1804	1617	PC	2.595923787792
1804	1653	PC	81.9852115735134
1804	1671	PC	1.67462728968399
1804	1677	PC	2952.14111935411
1804	1719	PC	.663097812927353
1804	1804	PC	1551.90353452194
1804	1805	PC	929.238468475729
1804	1813	PC	.945061232482713
1804	1815	PC	1.13970321360106
1804	1828	PC	.944265009785393
1804	1833	PC	1.1373751729866
1804	1837	PC	2171.34328565169
1804	1857	PC	11.4343597785292
1804	1860	PC	4.22336353640437
1804	1865	PC	5.69748460081821
1804	1931	PC	1.96435336005864
1804	1933	PC	3439.32456484501
1804	1971	PC	7.14126962121557
1804	1972	PC	1.7575282157151
1804	2014	PC	328.447575805749
1804	5201	PC	1.50152043634208
1804	5710	PC	34.0883971474729
1804	5860	PC	2.73444993256262
1804	6020	PC	3.29104802534459
1804	6040	PC	136.80339751371
1805	213	PC	5.01876670375441
1805	214	PC	2.08444603079455
1805	1102	PC	2.42001946301929
1805	1677	PC	5.41298500852303
1813	1617	PC	236.459519951138
1813	1627	PC	10.6395505780691
1813	1677	PC	6.90747021686581
1813	1750	PC	401.180022432744
1815	1677	PC	31.2397169977462
1815	1804	PC	42.5177800653781
1815	1815	PC	25.3923787822128
1815	1820	PC	1.50375821363503
1815	1837	PC	1.53099727022893
1815	1860	PC	1.68525602263701
1815	1865	PC	5.81457344088705
1815	1931	PC	1.11680630654405
1818	123	PC	68.6782935614439
1818	211	PC	35.2458537463875
1818	230	PC	80.2735054093069
1818	235	PC	22597.2685963424
1818	305	PC	961.555364671426
1818	306	PC	56.9576779082204
1818	310	PC	298.283968129026
1818	1133	PC	1.5016206765412
1818	1243	PC	23.9251897262348
1818	1245	PC	725.351189692268
1818	1260	PC	128.415518400472
1818	1271	PC	5.37319431220538
1818	1401	PC	11.1421325182731
1818	1504	PC	1127.43134195449
1818	1511	PC	336.61590619738
1818	1525	PC	246.212058655638
1818	1532	PC	363.4359948629
1818	1545	PC	21.1982195186748
1818	1547	PC	41.8685965726034
1818	1617	PC	192.712387990545
1818	1671	PC	50.7793109830144
1818	1677	PC	15.7747154808268
1818	1804	PC	3.85999605139578
1818	5101	PC	9.77961414353863
1820	1671	PC	20.6085399015057
1820	1677	PC	16.6575665056249
1820	1815	PC	3.08028050735473
1820	1818	PC	5.90328097717561
1820	1820	PC	32.9350128350837
1820	1827	PC	1.6031097158987
1820	1834	PC	18.9983731522765
1820	1835	PC	157.38364282562
1822	720	PC	.694748817550673
1827	1617	PC	26.887754265373
1828	1677	PC	4.68475339836838
1828	1815	PC	1.00966748305298
1828	1820	PC	.978716295534678
1833	101	PC	4.69432487698126
1834	58	PC	4.56222195748412
1834	230	PC	227.519218579445
1834	235	PC	13209.8023148749
1834	1124	PC	89.1805612511875
1834	1245	PC	26.2636656938397
1834	1401	PC	17720.1641021066
1834	1532	PC	31.0843309787191
1834	1617	PC	746.634864227818
1834	1837	PC	17027.6671826166
1834	1838	PC	2.66694790615412
1834	1868	PC	2066.09822126555
1834	1933	PC	8033.87733717895
1835	61	PC	2.65104246145925
1835	1865	PC	10.9453653452669
1835	4001	PC	1.74978390313314
1835	5201	PC	35.369604485798
1835	5204	PC	386.232437599253
1835	5605	PC	34.8742318739521
1835	5700	PC	421.191362210069
1835	5710	PC	336.286094515847
1835	6000	PC	204.84456487912
1837	1416	PC	204.592390038724
1837	1503	PC	39.5710887065995
1837	1504	PC	111.240941211819
1837	1671	PC	928.576212248548
1837	1677	PC	45.8005465928601
1838	235	PC	34.7873878669743
1848	1841	PC	106.62120670132
1848	5800	PC	29.4996989174447
1850	106	PC	17.3597340288878
1850	1805	PC	6.27873784533248
1851	226	PC	.667293484944702
1851	625	PC	18.9495492076674
1856	235	PC	389.527007889607
1856	309	PC	6.15214704672569
1856	1172	PC	21.0802740191367
1856	1275	PC	2.59273262791032
1856	1677	PC	22.6289178406955
1856	1804	PC	1.41436786682234
1856	1805	PC	166.891457781597
1856	1841	PC	106.223338602263
1856	1854	PC	5.82503052290344
1856	1860	PC	5.49006726034496
1856	1865	PC	2.60922727553615
1856	1866	PC	3.8992605446052
1856	1867	PC	3.39604643191992
1856	1868	PC	2.4849953625698
1856	1870	PC	1.34912877286708
1856	1871	PC	2.11225123165787
1856	1901	PC	8.95669604088735
1856	1911	PC	2.39981971150838
1856	1913	PC	3.6080824042703
1856	1922	PC	2.15193983028236
1856	1923	PC	4.02721613486327
1856	1924	PC	.833871440798539
1856	1933	PC	2.78515835357194
1856	1938	PC	3.23860244834995
1856	1940	PC	4.64272974751872
1856	1941	PC	3.024192705113
1856	1942	PC	4.40137467200691
1856	1943	PC	3.16994697015142
1856	1971	PC	9.98560048939468
1856	1974	PC	1.16744927149196
1856	2003	PC	1.53963677168502
1856	2004	PC	6.2734012874206
1856	2012	PC	18.4312172150796
1856	2014	PC	4.06043448232878
1856	2017	PC	1.88467360846297
1856	2021	PC	1.26350163898635
1856	2023	PC	2.21777594559039
1856	2025	PC	4.65828434593863
1856	2027	PC	.997000656321458
1856	2030	PC	.970798404649226
1856	5710	PC	49.8854528421043
1856	5880	PC	1258.55524174873
1856	6030	PC	1.3054799948987
1857	50	PC	3.03322635851771
1857	230	PC	108.458742377743
1857	1271	PC	2.75397621027727
1857	1504	PC	910.576143268888
1857	1671	PC	1.13132191970203
1857	1674	PC	4.98499692420155
1857	1677	PC	14.6295286868946
1857	1804	PC	16607.8445149243
1857	1805	PC	114.497170786837
1857	1813	PC	2.70223609341252
1857	1820	PC	4.38756911162892
1857	1828	PC	3.21495587988863
1857	1834	PC	2282.00613933783
1857	1854	PC	8.77640287092395
1857	1857	PC	354.749819386838
1857	1860	PC	9.3735525943499
1857	1865	PC	349.171378705322
1857	1866	PC	4.52169516794123
1857	1867	PC	4.31161535524823
1857	1868	PC	27.8099204010582
1857	1870	PC	2.25677994376216
1857	1871	PC	1.19523051838161
1857	1874	PC	3.07598176933174
1857	1901	PC	9.89250068381696
1857	1911	PC	2.33480352426101
1857	1913	PC	2.13026216025545
1857	1922	PC	2.19965468239506
1857	1923	PC	4.2617786933126
1857	1924	PC	1.42053253703366
1857	1929	PC	767.378029511652
1857	1931	PC	1.42529149157122
1857	1933	PC	1.82128166751893
1857	1938	PC	1.84550830082567
1857	1940	PC	5.55261145683144
1857	1941	PC	2.82072167518374
1857	1942	PC	4.92330759771393
1857	1943	PC	3.57439160790354
1857	1971	PC	1008.08108949421
1857	1974	PC	1.40145241117312
1857	2003	PC	.856967637069963
1857	2004	PC	6.47073934733558
1857	2012	PC	19.1608264747531
1857	2015	PC	52.7880288177935
1857	2017	PC	3.20739109175836
1857	2021	PC	1.53514555571326
1857	2022	PC	1.68543561619444
1857	2023	PC	2.70219417232634
1857	2025	PC	4.19303746993977
1857	2027	PC	1.10443042480813
1857	2030	PC	2.52407585208799
1857	3001	PC	1.01537332936565
1857	4001	PC	1.35544280951828
1857	5101	PC	2.29667776880326
1857	5404	PC	5.60067034848515
1857	5605	PC	56.5707997789435
1857	5700	PC	3.44904591244841
1857	5770	PC	100.280204052589
1857	5880	PC	1139.35524799229
1857	6000	PC	7.2526666383261
1857	6030	PC	119.459478051718
1859	58	PC	144.086310548078
1859	1805	PC	1.73134255542601
1859	1841	PC	13.4690319680731
1859	1865	PC	1.15077301552541
1859	1901	PC	2.04898402210076
1859	1923	PC	1.03448962518397
1859	1941	PC	1.03547243313316
1859	1942	PC	.914658575415534
1859	2003	PC	.842442761865388
1859	2004	PC	1.77116999454554
1859	2012	PC	1.85823946937964
1859	2020	PC	1.40865433670829
1859	2030	PC	1.09253344269254
1859	4001	PC	36.424503561371
1859	5403	PC	33.8216020900607
1859	5404	PC	4.46441924181406
1859	5605	PC	126.367240098799
1859	5710	PC	134.907657991352
1859	5720	PC	60.2777182829769
1859	5770	PC	61.2447405014204
1859	5880	PC	183.855099281566
1859	6000	PC	1430.00989278245
1859	6030	PC	237.959992403479
1859	6050	PC	14.1024073523007
1860	52	PC	505.75262024594
1860	211	PC	3.87802184674736
1860	219	PC	1.17009454898018
1860	230	PC	1164.62388565038
1860	235	PC	297.647195860468
1860	301	PC	120.369160244086
1860	309	PC	349.516493506401
1860	1004	PC	1.347812285552
1860	1224	PC	.959902095546816
1860	1504	PC	1.24934716678433
1860	1671	PC	7.62880113897151
1860	1676	PC	53.4773005202817
1860	1677	PC	375.385843284484
1860	1750	PC	1.48633334961273
1860	1804	PC	7.89175348187071
1860	1805	PC	105.84129254173
1860	1813	PC	6.00258977981508
1860	1815	PC	12.3193081497301
1860	1820	PC	4.92279030822479
1860	1828	PC	5.42721924093291
1860	1837	PC	6.06141206632775
1860	1841	PC	48.7797373978863
1860	1857	PC	18.5481281890017
1860	1865	PC	103.508419854486
1860	1901	PC	2.75833733920472
1860	1931	PC	5.86803669378535
1860	1971	PC	157.461711764789
1860	1972	PC	11.7528970571379
1860	2012	PC	1.56417463752495
1860	2019	PC	2.0956315485346
1860	3001	PC	1.60042177152396
1860	4001	PC	45.6756827844803
1860	5201	PC	2.92685391448893
1860	5404	PC	2.57872591584928
1860	5605	PC	5.50880323773302
1860	5700	PC	35.3930131950313
1860	5710	PC	3756.96996235627
1860	5880	PC	933.933941535738
1860	6000	PC	544.191753429068
1860	6040	PC	38264.8741676611
1865	50	PC	7.20753893479873
1865	51	PC	8.23580589374363
1865	55	PC	567.561457041452
1865	58	PC	1305.74431430507
1865	62	PC	26.5931110071957
1865	104	PC	140.54040841305
1865	105	PC	1.80819572509834
1865	106	PC	178.771293559409
1865	231	PC	140.478397946783
1865	301	PC	3.38301306452447
1865	303	PC	15.2159508149527
1865	305	PC	63.8224603627181
1865	306	PC	720.353205349249
1865	605	PC	3.34287652738862
1865	625	PC	62.7204604487351
1865	709	PC	502.138662342204
1865	720	PC	580.825340450997
1865	1074	PC	2.28628823511691
1865	1243	PC	47.5318214905958
1865	1271	PC	62.4295218849145
1865	1273	PC	603.972644620475
1865	1503	PC	184.982514183043
1865	1504	PC	8047.08178503883
1865	1531	PC	39.7704376047561
1865	1620	PC	6.22722976732719
1865	1638	PC	45.3648865500376
1865	1657	PC	182.994300608945
1865	1671	PC	211.546388596864
1865	1674	PC	4.76053757742592
1865	1677	PC	216.802815505272
1865	1804	PC	593.351177389658
1865	1813	PC	7.67063280525861
1865	1820	PC	1064.99682869149
1865	1828	PC	2460.85102378606
1865	1832	PC	18.1686462259762
1865	1833	PC	643.826564968966
1865	1837	PC	21.8429263651451
1865	1841	PC	126.554296316233
1865	1856	PC	10.0146384935315
1865	1857	PC	21.554608925576
1865	1865	PC	1548.86019240775
1865	1866	PC	53.9994458164064
1865	1871	PC	30.6329314896514
1865	1901	PC	187.714314462536
1865	1931	PC	1.12750491554373
1865	1971	PC	801.275145747249
1865	1972	PC	239.22765161294
1865	1973	PC	29.3305933012033
1865	2003	PC	24.8133284744834
1865	2017	PC	144.730209595047
1865	2021	PC	1.34570966641686
1865	2028	PC	319.074297406556
1865	3001	PC	103.376286855305
1865	4001	PC	86.9514144750428
1865	4004	PC	82.2452396786179
1865	4005	PC	1277.29129723107
1865	5403	PC	75.5244352604357
1865	5404	PC	1.08789999574891
1865	5605	PC	327.022738722124
1865	5700	PC	35.5976995646019
1865	5710	PC	2040.7521152848
1865	5880	PC	124.310706180909
1865	6000	PC	7762.87239588795
1865	6030	PC	2.4175555461087
1866	230	PC	182.867519010529
1866	235	PC	91.0330427853791
1866	1245	PC	16.5895844792805
1866	1525	PC	32.046324398195
1866	1617	PC	51.0343004024844
1867	1841	PC	30.7852311889927
1867	2002	PC	22.1675066409309
1867	5605	PC	1.0792010200231
1867	5880	PC	157.723230555969
1868	55	PC	66.5875023435885
1868	59	PC	270.83948561765
1868	230	PC	103.042677128224
1868	231	PC	24.495829891135
1868	307	PC	1.01131691349124
1868	1271	PC	3.36820391545354
1868	1439	PC	7.24376305022645
1868	1502	PC	4.34026046951471
1868	1503	PC	11.7231555542679
1868	1504	PC	3.66402731878314
1868	1677	PC	47.119307241038
1868	1805	PC	4.3335069269214
1868	1813	PC	17.8293407483964
1868	1815	PC	18.5840607821359
1868	1828	PC	17.2030799029749
1868	1841	PC	195.635178846179
1868	1901	PC	10.2795665825443
1868	1931	PC	9.85267949926476
1868	1936	PC	6.17117073389405
1868	1943	PC	1.46978552879752
1868	2002	PC	7.36860186166572
1868	2003	PC	1.38648222331502
1868	2004	PC	1.30404034146339
1868	2011	PC	3.68041595745129
1868	2012	PC	22.5637416207297
1868	2023	PC	2.97332703281069
1868	2025	PC	5.16281564773448
1868	2027	PC	3.02221693825999
1868	2030	PC	15.2938155808417
1868	4001	PC	4.79644897788046
1868	4005	PC	1.66276897899856
1868	5101	PC	35.4137816200174
1868	5605	PC	21.0564110128952
1868	5700	PC	644.438094137411
1868	5710	PC	1893.0528896919
1868	5770	PC	63.8871015690418
1868	5880	PC	86.3360816018483
1868	6000	PC	88.7822705805673
1870	213	PC	75.851315537424
1870	214	PC	35.5347605238744
1870	230	PC	377.020005554482
1870	233	PC	4.86324669305978
1870	235	PC	276.302507514725
1870	625	PC	1.12270605705879
1870	1102	PC	6.67237958729545
1870	1172	PC	10.7822297399605
1870	1173	PC	1.20273373702072
1870	1251	PC	1.1672667350539
1870	1272	PC	1.21967177866294
1870	1275	PC	6.03093694208614
1870	1277	PC	14.8762339599198
1870	1439	PC	4.56180268184577
1870	1503	PC	2.91802862198404
1870	1504	PC	1.53889147388892
1870	1671	PC	11.0410164959492
1870	1677	PC	50.3043098261575
1870	1729	PC	.925215651377358
1870	1804	PC	3.71457336570057
1870	1805	PC	18.7194457224893
1870	1813	PC	4.95714577311556
1870	1828	PC	2.99982532115932
1870	1870	PC	5.48559676609611
1870	1971	PC	16.1012346237093
1870	1974	PC	10.570060308493
1870	4001	PC	40.1542720264893
1870	4004	PC	112.372805470109
1870	5102	PC	21.3505932168719
1870	5710	PC	139.175362358505
1871	1860	PC	163.29415105369
1871	1865	PC	175.881624674323
1871	1901	PC	64.6112265722897
1871	5710	PC	1583.22786678204
1874	58	PC	111.368725490741
1874	105	PC	1.36518777244925
1874	301	PC	61.8240988223543
1874	709	PC	3.39830708717792
1874	904	PC	2.18706399978099
1874	1504	PC	13.1406843706524
1874	1531	PC	269.070872658738
1874	1554	PC	1.91800901338874
1874	1671	PC	3.96794774193098
1874	1805	PC	1.22608946608572
1874	1841	PC	242.715596343587
1874	1857	PC	15.3334583254996
1874	1972	PC	9.23473730088387
1874	4001	PC	10.8789999574891
1874	5710	PC	24.5027313116604
1874	5770	PC	104.196644037285
1874	5880	PC	306.521867691122
1874	6000	PC	450.887002978851
1901	1504	PC	2.61757426463635
1901	1677	PC	4.11468621858752
1901	1804	PC	4.97253503043451
1901	1805	PC	.46144254942921
1901	1833	PC	1.71043782414796
1901	1865	PC	1.57912326461422
1901	1924	PC	3.02581227985445
1901	1931	PC	3.74508509185776
1901	1973	PC	3.47146393110598
1915	1677	PC	5.41185848410834
1915	1815	PC	8.66702363136834
1919	230	PC	78.2199895645506
1923	230	PC	28.6594690654699
1923	231	PC	42.502033819128
1923	1245	PC	41.8354555703273
1925	6000	PC	2.55027759446225
1928	1627	PC	1.35749849269497
1928	1841	PC	2.0455225065724
1928	1971	PC	2.41725168970082
1928	1974	PC	3.84562768816039
1929	1529	PC	1.84187523736419
1929	5700	PC	3.22004746775537
1931	58	PC	147.317171649808
1931	1931	PC	3996.4463872818
1931	5700	PC	35.0212362593074
1931	5710	PC	2538.17021598349
1931	6030	PC	70.0070519964695
1936	58	PC	73.4456724090152
1936	1936	PC	433133.327341367
1936	1972	PC	520.049139373421
1936	1973	PC	234.725805913542
1936	2021	PC	.737525471241228
1936	4001	PC	155.340846953581
1936	5710	PC	3394.04314003134
1938	50	PC	49.081857982007
1938	52	PC	5.53117409027185
1938	55	PC	10.5375041055855
1938	56	PC	4.93808403652649
1938	58	PC	31.407774380395
1938	1106	PC	23.7289283270967
1938	1149	PC	187.554167283089
1938	5101	PC	2.92482766230592
1941	58	PC	12.7039153735326
1941	123	PC	38.0317380354361
1941	230	PC	774.395572431295
1941	235	PC	79.4629570228404
1941	310	PC	34.3573689105396
1941	1101	PC	11.7738070887517
1941	1271	PC	2893.1506287432
1941	1272	PC	103.392628993833
1941	1274	PC	6.83986299411689
1941	1401	PC	751.172124486202
1941	1416	PC	40.928114502847
1941	1439	PC	170.69497341534
1941	1503	PC	33.8919536539823
1941	1504	PC	272.673879231086
1941	1515	PC	87.233451648517
1941	1525	PC	1384.53390957047
1941	1532	PC	61.8338021279449
1941	1545	PC	98.1573234429552
1941	1547	PC	443.696445297502
1941	1554	PC	60.1804263898926
1941	1620	PC	791.819742881355
1941	1622	PC	42.3538346466682
1941	1627	PC	1.39642741235259
1941	1676	PC	41.8149213625963
1941	1750	PC	20.8630132840027
1941	1804	PC	209.250977153842
1941	1901	PC	6.3463810573823
1941	1929	PC	65.493652369847
1941	1931	PC	212.936987486936
1941	1971	PC	346.834144500225
1941	1972	PC	11.5054554529488
1941	1973	PC	203.265469429296
1941	1974	PC	2.2116789269055
1941	5710	PC	18.9048832473447
1942	4001	PC	19.8923086907912
1942	5101	PC	2.31677490776283
1942	5102	PC	3.23549599187567
1942	5201	PC	1.43799821861141
1942	5403	PC	29.4310302075802
1942	5404	PC	2.60437455148511
1942	5770	PC	18.3744216822569
1942	5880	PC	35.0472121391569
1943	235	PC	187.896561653305
1971	50	PC	314.717956081144
1971	51	PC	6.55161396356525
1971	52	PC	100.54420070028
1971	54	PC	13.3112156720056
1971	55	PC	11.1435933933855
1971	56	PC	18.4215395597568
1971	58	PC	2526.25489714646
1971	59	PC	.935944851937893
1971	60	PC	10.2953933713168
1971	61	PC	.935944851937893
1971	62	PC	2.80783455581368
1971	1865	PC	6.65321865650238
1971	1901	PC	1.29368849732246
1971	1971	PC	3.37292207955823
1971	1972	PC	3.37292207955823
1971	2019	PC	1.86414496674352
1971	2021	PC	.9716139010243
1971	3001	PC	1811.70974981959
1971	4001	PC	239.644129606778
1971	4004	PC	24.3540650014673
1971	4005	PC	3.35867709888129
1971	5201	PC	296.902505809187
1971	5204	PC	51.8311959845745
1971	5403	PC	10.1848998818519
1971	5501	PC	6.40049786767945
1971	5605	PC	117.599195780037
1971	5700	PC	2008.93087908887
1971	5710	PC	11429.7130345463
1971	5720	PC	58.4965532461183
1971	5810	PC	2.7200897259445
1971	5820	PC	41.0775796128298
1971	5860	PC	42.7089834866937
1971	5880	PC	1.00419083072503
1971	5900	PC	63.3712660166282
1971	6000	PC	761.113278423557
1971	6020	PC	164.404562898216
1971	6030	PC	619.129144461173
1971	6040	PC	203.113032104578
1972	709	PC	3.19198292297761
1972	904	PC	2.14869033247449
1972	937	PC	.825236094212987
1972	1034	PC	.960335137388643
1972	1253	PC	1.10228340464132
1972	1271	PC	2.83072056137964
1972	1276	PC	1.81166115928297
1972	1750	PC	.79034131726824
1972	1870	PC	1.59608098382455
1972	1971	PC	8.62913599422323
1972	1972	PC	26.2903104557347
1973	50	PC	2.04737936361414
1973	5710	PC	1205.85932294528
1974	50	PC	6.58248714444515
1974	51	PC	34.122989393569
1974	58	PC	3.85264799295963
1974	1750	PC	1.61428558169925
1974	1860	PC	31.6319085858938
1974	1865	PC	82.9717996953041
1974	1866	PC	22.3136489820042
1974	1922	PC	.688642440473733
1974	1933	PC	6.00755329595772
1974	1971	PC	231.723905262735
1974	1972	PC	117.411972042367
1974	1973	PC	65.7615383542626
1974	1974	PC	23.2019151455727
1974	2028	PC	.479508143222426
1974	3001	PC	1.22517780965481
1974	4004	PC	1.88813874644415
2002	50	PC	10.7518414775688
2002	52	PC	2.20973916090002
2002	58	PC	83.9605633764382
2002	1860	PC	181.347364090531
2002	1865	PC	37.1729554912456
2002	1866	PC	39.526744841681
2002	1936	PC	5.70435245785112
2002	1941	PC	.674283774538719
2002	1971	PC	4.49476850373277
2002	1972	PC	2.57781896403346
2002	2019	PC	9.99624763710533
2002	2022	PC	53.2728656372607
2002	2028	PC	19.1786615630089
2002	2030	PC	3.05933569595369
2002	4001	PC	2.24466319936252
2002	4003	PC	29.4568389868252
2002	4004	PC	19.0590002627626
2002	5101	PC	2.37483461545002
2002	5201	PC	4.67823369768128
2002	5403	PC	35.605057212519
2002	5501	PC	5.78627819071879
2002	5605	PC	270.466040960246
2002	6010	PC	1.11756923080001
2002	6020	PC	290.669597210803
2002	6030	PC	6.99433243026256
2004	230	PC	106.317185112597
2004	235	PC	38.7409056143114
2004	301	PC	59.6261607461934
2004	1671	PC	1.96682432479278
2004	1857	PC	6.37343900936897
2004	1865	PC	17.4277816602721
2004	1971	PC	7.18717707919567
2004	4001	PC	33.7536306410243
2004	5710	PC	108.465160988446
2004	6000	PC	67.6798569029582
2012	230	PC	3.48214863592086
2012	1627	PC	3.4003034180243
2012	2019	PC	1.20014192954992
2014	1865	PC	25.4844435171634
2014	2021	PC	1.75791556521837
2015	1273	PC	5.88675423549161
2015	1275	PC	211.976668425293
2015	1504	PC	1593.74074111773
2015	1627	PC	850.075854506074
2015	1857	PC	513.588091822705
2015	1859	PC	513.348254121072
2015	1865	PC	257.080558680036
2015	1866	PC	24.7489245567019
2015	1971	PC	4098.87117479107
2015	2017	PC	568.183091087556
2015	2018	PC	1298.21389074946
2015	2022	PC	2.49697613257696
2015	2030	PC	2.60674071973109
2015	5700	PC	8.80412894195497
2015	5710	PC	1250.0637389938
2017	1860	PC	46.124007305691
2017	2004	PC	20.4708138888951
2017	5850	PC	233.946971712492
2017	6000	PC	5300.81104503256
2018	1504	PC	13456.5097691806
2018	1671	PC	5.61528344728339
2018	1677	PC	5.36943040668429
2018	1805	PC	5.34288139626867
2018	1865	PC	196.662929761143
2018	1901	PC	11.5561278266168
2018	1924	PC	.511679768710535
2018	1931	PC	5.76313881269917
2018	1936	PC	7.87613083091529
2018	1943	PC	1.52978180422748
2018	2002	PC	3.35147858892407
2018	2003	PC	2.14594947714732
2018	2004	PC	2.60052291142266
2018	2011	PC	2.43517900998832
2018	2012	PC	30.2957584217149
2018	2023	PC	1.12373477133181
2018	2025	PC	3.0370372997334
2018	2027	PC	3.57800210626051
2018	2030	PC	14.9464859462271
2018	4001	PC	32.0388611851359
2018	5201	PC	12.7033573204632
2018	5404	PC	22.4134591042264
2018	5700	PC	13.5855127162231
2018	5710	PC	3286.08638107936
2018	5720	PC	99.2744441750121
2018	5831	PC	7.83552156777341
2018	6000	PC	3193.01898682669
2018	6010	PC	6.65132383542177
2018	6020	PC	49.3255911053082
2018	6030	PC	1.10748856750295
2019	1271	PC	1.18785643602538
2019	1504	PC	3.50924808521177
2019	1835	PC	5.27532883205585
2019	1865	PC	7.21458414752415
2019	1866	PC	6.06096873815682
2019	2002	PC	18.0968909124611
2019	2019	PC	3045.44142512487
2019	2022	PC	33.5914723154648
2019	2023	PC	61.2165993547897
2019	2028	PC	25.3842703815855
2019	3001	PC	4.64569879614874
2019	4001	PC	139.688987297064
2019	5404	PC	19.7781796701537
2019	5700	PC	36.7468861777242
2019	5710	PC	945.229506556762
2019	6000	PC	56.6688955319692
2019	6020	PC	535.704845151226
2019	6030	PC	12.0673104952594
2019	6040	PC	402.723115455619
2022	1504	PC	2.4970930397617
2022	1865	PC	25.0735823315563
2022	1868	PC	9.05568978108342
2022	1973	PC	7.91425619696964
2022	2028	PC	8.03174180042354
2023	231	PC	424.674825462776
2023	301	PC	49.2710439296944
2023	1173	PC	1.31221397797297
2023	1515	PC	314.624456109289
2023	1805	PC	30.8802735901308
2023	1865	PC	838.593407856562
2023	1901	PC	1.06900129065689
2023	1931	PC	.505076864765506
2023	1941	PC	25.7634665513673
2023	1942	PC	2.1092718140756
2023	1971	PC	117.85952499116
2023	2004	PC	105.594758237484
2023	2012	PC	2.73252686165401
2023	2019	PC	23.7238307875164
2023	2022	PC	989.708042634357
2023	2023	PC	98.1880721245572
2023	2025	PC	1.3339898012753
2023	2028	PC	91.8224985867822
2023	2030	PC	5.20042411894485
2023	5831	PC	1.1234696435131
2023	6020	PC	4.25895675670327
2023	6030	PC	1.82983320316144
2025	1004	PC	7.96947407806923
2025	1101	PC	4.5318210809016
2028	54	PC	2.13354125880002
2028	58	PC	225.418793712502
2028	1504	PC	810.44339448342
2028	1865	PC	18.3453806483553
2028	1870	PC	8.47766321410613
2028	2018	PC	11.8329537225043
2028	4001	PC	4.88142810328128
2028	5101	PC	3.19078715043752
2028	5102	PC	3.20031188820002
2028	5201	PC	40.0927961549503
2028	5203	PC	1.06677062940001
2028	5404	PC	11.6582790213001
2028	5605	PC	6.41649833933756
2028	5700	PC	88.2847943206131
2028	5880	PC	8.53099012261256
2028	6020	PC	42.6819373700566
2028	6030	PC	102.860818009826
2030	58	PC	49.5115484870596
2030	1548	PC	1.67689653565681
2030	1865	PC	.900421267258632
2030	3001	PC	4.31341449936116
2030	5101	PC	5.2244721412823
2030	5102	PC	1.18034370599341
2030	5201	PC	1.96885200139064
2030	5403	PC	2.85572227228733
2030	5404	PC	5.9581557290241
2030	5501	PC	11.3696768728955
2030	5605	PC	49.5292858924775
2030	5700	PC	112.561574782207
2030	5831	PC	62.3389175870289
2030	5880	PC	53.9910496007887
2030	5920	PC	3.00568397263895
2030	6010	PC	25.2774152119572
2030	6020	PC	249.063809404421
2030	6030	PC	24.6549935309279
3001	1621	PC	95.1900854992823
3001	1971	PC	3.57140292823813
4001	104	PC	3133.59802993477
4001	106	PC	1618.86132050392
4001	211	PC	4.77703019756564
4001	217	PC	320.406484066798
4001	219	PC	800.454549278129
4001	220	PC	14.6002371303076
4001	226	PC	27.8135765956843
4001	231	PC	41.0998376598763
4001	301	PC	169.995561721265
4001	302	PC	1121.86217378239
4001	304	PC	12.9028981292213
4001	306	PC	119.509036025861
4001	307	PC	66.1541229130717
4001	309	PC	276.55712332696
4001	310	PC	6.63605305211471
4001	502	PC	2.35607896878186
4001	602	PC	2.70922868844836
4001	822	PC	51.4654522518897
4001	1004	PC	21.3088854640364
4001	1071	PC	10.5234138605637
4001	1101	PC	10.4031361118056
4001	1124	PC	1.28066729365845
4001	1149	PC	21.4876555708674
4001	1172	PC	2.07623400469341
4001	1271	PC	37.1022552607339
4001	1273	PC	65.6919691820067
4001	1275	PC	14.9181495085984
4001	1277	PC	.690730758069349
4001	1401	PC	2.65461172630069
4001	1439	PC	116.550439648485
4001	1504	PC	603.376154055332
4001	1515	PC	22.287851394904
4001	1525	PC	7.16733273721667
4001	1531	PC	71.6677150279715
4001	1534	PC	3.66644962200201
4001	1554	PC	1.69374809074735
4001	1621	PC	69.9104783272399
4001	1671	PC	7.0807733900566
4001	1860	PC	20.9279326243769
4001	1931	PC	112.891748178082
4001	1972	PC	.731302276567738
4001	1973	PC	15.8459333806294
4001	2028	PC	77.2153054550227
4002	104	PC	80.0243970571
4002	302	PC	45.851560486837
4002	309	PC	38.7542397284129
4002	1122	PC	.995255898137678
4002	1504	PC	15.0021996879233
4002	1653	PC	4.39990326227868
4002	1870	PC	17.099483356298
4003	104	PC	133.919334300718
4003	226	PC	5.56271531913685
4003	1271	PC	2.64848243330733
4003	1531	PC	5.90855854885247
4003	1630	PC	228.934254962365
4004	104	PC	61.7619602274111
4004	106	PC	10.0909665009873
4004	220	PC	541.219309663581
4004	226	PC	.711941077768487
4004	302	PC	13.9601314644808
4004	304	PC	255.452187663699
4004	309	PC	3.99248518906434
4004	602	PC	.489619642490667
4004	1002	PC	5.29208077955769
4004	1149	PC	2.12966617000652
4004	1271	PC	1.95059913780235
4004	1439	PC	.733871989691935
4004	1504	PC	13.0727955587196
4005	104	PC	6.14103357901614
4005	211	PC	8.46170195404972
4005	217	PC	296.648390595506
4005	1071	PC	15.8992957033705
4005	1439	PC	5.37822256519371
4005	1504	PC	2.42594903228061
4005	1671	PC	1.36431086513615
5101	104	PC	23.5677526348921
5101	106	PC	.884961744729441
5101	136	PC	2.7278157420033
5101	211	PC	2.86540292567291
5101	219	PC	.62529626938284
5101	301	PC	10.6983098270074
5101	302	PC	5.6921985438262
5101	305	PC	14.8148333908776
5101	306	PC	70.7512951793146
5101	307	PC	7.76208892339936
5101	309	PC	12.3505397414138
5101	310	PC	7.19810193795386
5101	625	PC	1.79749823984932
5101	1271	PC	7.49279385935285
5101	1273	PC	.686643593820417
5101	1439	PC	.843539656524096
5101	1677	PC	2.55012439208365
5102	217	PC	41.9302630938649
5102	306	PC	.784930340568475
5102	1101	PC	.668157722579955
5106	106	PC	1.38951006977881
5106	217	PC	1.82122196426198
5106	307	PC	1.21809560258589
5106	309	PC	2.10768332189683
5106	1271	PC	519.5715590258
5106	1439	PC	.49200220393881
5201	106	PC	9.13492751205447
5201	211	PC	3.59805751442071
5201	220	PC	846.640873607522
5201	305	PC	2.21330975044246
5201	309	PC	19.6591133569291
5201	1071	PC	8.38922126490607
5201	1149	PC	7.33720701904628
5201	1271	PC	12.7499088745404
5201	1504	PC	10.3928002969578
5204	302	PC	31.7305667550297
5302	309	PC	2.11252857091268
5403	104	PC	118.250471975547
5403	219	PC	1.05763807940167
5403	231	PC	62.6415100266187
5403	301	PC	513.872574874509
5403	302	PC	1.9351924569324
5403	305	PC	10.0403250106543
5403	306	PC	165.261753432774
5403	309	PC	2.21621689985197
5403	822	PC	10.443651917988
5403	1101	PC	1.54841751744152
5403	1106	PC	13.6251019609727
5403	1173	PC	.641508627754956
5403	1175	PC	5.65871292928443
5403	1216	PC	10.2029751865261
5403	1271	PC	42.3021499764365
5403	1504	PC	193.896935466224
5403	1520	PC	.670161341470345
5403	1554	PC	7.71168638287238
5403	1671	PC	.862926622198612
5403	1972	PC	.590505573895214
5404	220	PC	76.1970768878332
5404	231	PC	24.5365716610519
5404	301	PC	5.44896704323028
5404	309	PC	.591120379934282
5404	1106	PC	.630695538117187
5404	1149	PC	3.28577066229577
5404	1271	PC	32.6523551847102
5404	1504	PC	1.96308450053648
5404	2028	PC	15.9294438210182
5501	104	PC	16.1664613982501
5501	211	PC	5.17851268430644
5501	220	PC	11.5562128116964
5501	231	PC	2.28888860820842
5501	301	PC	108.416322928963
5501	306	PC	26.4143595348339
5501	307	PC	27.798162653762
5501	309	PC	.947730707501193
5501	310	PC	26.9977275163428
5501	1271	PC	22.7420036721146
5501	1504	PC	64.7827508140275
5605	217	PC	1.00335839697766
5605	220	PC	782.488084971237
5605	301	PC	31.6045902806176
5605	302	PC	90.2495462689175
5605	305	PC	6.48488128282004
5605	306	PC	152.993582924631
5605	309	PC	9.26411611831434
5605	310	PC	1.25395044530322
5605	1004	PC	10.6107943968582
5605	1071	PC	7.64708433349426
5605	1102	PC	1.47298524165493
5605	1246	PC	15.3252382796746
5605	1271	PC	.590595233970538
5605	1273	PC	2.82320870494913
5605	1274	PC	20.2416809428311
5605	1277	PC	1.77485107509831
5605	1504	PC	24.2479427669206
5700	104	PC	13.1211917941843
5700	105	PC	2.58809812034739
5700	211	PC	1.0006492436027
5700	220	PC	4.59707845794652
5700	301	PC	1.90127571382141
5700	305	PC	5.67572469717228
5700	309	PC	11.9648579197518
5700	1149	PC	7.80877595669058
5710	211	PC	15.6761588223869
5710	220	PC	1.67435664591321
5710	1504	PC	20.2082227996402
5770	305	PC	1.87898756834848
5790	305	PC	7.58765995882857
5800	302	PC	152.413122092531
5800	305	PC	70.02256972733
5800	306	PC	183.103898408758
5800	1271	PC	3.57115976250351
5800	1439	PC	2.54714423443741
5800	1504	PC	132.956633873099
5800	1931	PC	243.581761041668
5810	217	PC	1.24049667357428
5810	2002	PC	40.676355929749
5810	2022	PC	80.9586657545108
5820	104	PC	37.3805237260011
5820	106	PC	52.2768125676147
5820	302	PC	19.1523003098707
5820	306	PC	20.3422934681647
5820	307	PC	22.605993808372
5820	1101	PC	.41841296170229
5820	1271	PC	3.41891289423082
5830	1931	PC	53.723597339855
5830	2018	PC	6.72958306385461
5831	2018	PC	41.3607166879116
5840	104	PC	1.91694993466672
5840	217	PC	17.4702403238464
5840	219	PC	24.7683360565441
5840	305	PC	1363.66723306803
5840	309	PC	19.5738369742501
5840	1175	PC	1.12047283969362
5840	1271	PC	89.5773570527596
5840	1439	PC	26.5245524053241
5840	1504	PC	188.147214931564
5840	1621	PC	.70431907921799
5842	219	PC	1.23821043442147
5842	1504	PC	28.3338529577431
5850	104	PC	387.603053624046
5850	219	PC	.848174147578705
5850	305	PC	1.28205288959517
5850	307	PC	71.6418519484287
5850	1224	PC	6.67984790194848
5850	1504	PC	16.2695439463579
5850	1653	PC	1.53089417630831
5850	1856	PC	2.67030178704404
5850	1860	PC	1.3039903578901
5850	1901	PC	6.13490298611261
5850	1931	PC	49.8472925450967
5850	1973	PC	9.49957454374845
5860	1554	PC	.523522137140089
5880	211	PC	13.7706454969928
5880	305	PC	.61922282422624
5880	306	PC	1.03009994077072
5880	628	PC	3.41655907621733
5880	1172	PC	.804053043571245
5930	302	PC	29.1490180793823
5930	1441	PC	1.60467918247462
5930	1931	PC	2012.59131635959
5930	1971	PC	17.0216909201112
6020	104	PC	84.3191728206876
6020	106	PC	37.1884150375671
6020	138	PC	.728671109695151
6020	211	PC	166.472573245798
6020	220	PC	13.0519586802076
6020	231	PC	16.899087493465
6020	301	PC	19.3809960634191
6020	302	PC	1310.95189282534
6020	303	PC	31.6956809621156
6020	305	PC	233.879200945507
6020	306	PC	534.293361376732
6020	307	PC	65.8391817270411
6020	309	PC	88.3938158958451
6020	1124	PC	1.06514238848786
6020	1246	PC	6.98923990748321
6020	1271	PC	176.630890181805
6020	1273	PC	15.6374904164102
6020	1504	PC	606.68164192756
6020	1534	PC	.841480241115218
6020	1617	PC	62.8351835935757
6020	1676	PC	27.6614027906354
6030	104	PC	197.285179363313
6030	231	PC	2.82797048118415
6030	301	PC	652.666671033277
6030	302	PC	202.006183869411
6030	307	PC	14.4582230633107
6030	309	PC	.915752063996554
6030	709	PC	4.21838425407347
6030	1004	PC	5.787073959
6030	1071	PC	180.051202246085
6030	1149	PC	275.105543249954
6030	1246	PC	35.8920023007465
6030	1504	PC	112.379851581447
6030	1531	PC	155.149811709876
6030	1534	PC	18.1469221045264
6030	1931	PC	544.638336012328
6040	1071	PC	1.6968148538315
6040	1515	PC	246.05787939974
6050	307	PC	.930287811044118
6050	309	PC	1.56986068113695
