50	219	PC	2.6973111958178
50	226	PC	17.0549188326812
50	301	PC	17.7705929929831
50	2004	PC	2.00372654207767
51	301	PC	20.6007126256608
52	216	PC	1.11271371269872
52	219	PC	4.36012421535724
52	220	PC	2.2030595343349
52	235	PC	8.09602905447463
52	301	PC	116.257157272522
52	420	PC	2.40945400938833
52	427	PC	1.46924698936623
52	536	PC	1.015146287877
52	543	PC	1.44632579543641
52	612	PC	2.56805459310764
52	623	PC	1.60332875225099
52	626	PC	1.18676121777161
52	628	PC	3.28800022704708
52	706	PC	42.7014241552124
52	709	PC	1.56252188135892
52	1101	PC	1.387823536538
52	1121	PC	.933142284897755
52	1175	PC	1.1247202715635
52	1274	PC	1.32360506462337
52	1275	PC	.992703798467526
52	1416	PC	1.66308246165719
52	1529	PC	3.55764181583288
52	1721	PC	8.58732095658524
56	301	PC	7.12966296164402
56	806	PC	.868563213427399
57	301	PC	2.15856582153385
57	2012	PC	.923478925916973
58	106	PC	1.24914092226573
58	301	PC	42.7092234511041
58	513	PC	3.26520445461123
58	706	PC	7.80734993882615
58	1529	PC	5.33646272374933
58	1832	PC	4.54845395629754
59	1529	PC	1.18588060527763
60	101	PC	1.08264021704216
60	301	PC	6.17189931194122
62	211	PC	4.33000175782992
101	58	PC	1.64064544121553
101	60	PC	1.13583145930306
101	105	PC	1177.74737182981
101	128	PC	1499.43524654865
101	4003	PC	3.22096677013364
101	4004	PC	3.80659709197612
104	211	PC	3.54287464556914
104	219	WC	1.14979823060341
104	704	PC	1.02936584958581
104	1274	WC	1.9043227068492
105	52	PC	2.27324342235781
105	101	PC	.624882485629228
105	105	PC	291.447243502656
105	128	PC	1503.05801261462
105	211	PC	851.094581783693
105	402	PC	1.02181092901996
105	412	PC	1.13291328704109
105	605	PC	3.43861458344658
105	709	PC	1.01212518178585
106	52	PC	2.84155427794727
106	101	PC	25.3702031352027
106	104	PC	50.5690486894062
106	105	PC	325.01100579232
106	106	PC	115.005836544138
106	106	WC	1.65705444552407
106	123	WC	.569262686851918
106	127	PC	.813043602736278
106	128	PC	17.004568468621
106	128	WC	.713610169519958
106	136	PC	29.0812410513594
106	211	PC	33.6818213488093
106	213	PC	2.16417259719313
106	213	WC	2.36075740706679
106	214	PC	56.1406884905606
106	219	PC	2.14127544812959
106	219	WC	1.80133031907958
106	220	WC	9.20749940974787
106	230	PC	191.365400825529
106	231	PC	57.1601617879035
106	235	WC	1.2011075282799
106	237	PC	.978628556447709
106	239	WC	2.45060644045189
106	301	WC	1.1931399539002
106	304	WC	2.07657123891567
106	305	PC	39.8952998840821
106	306	PC	158.49857311291
106	309	PC	24.1885855193172
106	312	PC	18.8250406371888
106	427	PC	26.9251705869971
106	437	PC	5.49210552334572
106	534	PC	2.60796214184086
106	534	WC	1.57880889871845
106	602	WC	.500773180570757
106	605	PC	43.3098349904228
106	605	WC	11.3117101217781
106	612	PC	1.26155881230737
106	617	WC	3.22248571445396
106	626	PC	49.2878523390061
106	701	PC	38.880581719023
106	706	PC	.724399245406995
106	720	WC	1.84918961446166
106	805	PC	6.43149917701178
106	806	PC	.799003179516947
106	814	WC	.470151847597374
106	822	PC	2.53340746216897
106	901	PC	2.42617083037299
106	901	WC	1.35728426337575
106	906	PC	76.6692597332126
106	906	WC	1.41671654286201
106	1004	WC	2.4255624661132
106	1072	PC	41.4455025387885
106	1074	PC	21.4729979283693
106	1106	PC	41.7492206964738
106	1149	PC	21.6230741158175
106	1149	WC	.575959700950853
106	1172	WC	1.59887448298583
106	1173	PC	64.9840464379899
106	1173	WC	.842476818068134
106	1216	PC	4.79562542694998
106	1221	PC	25.0788018123043
106	1221	WC	1.999145778131
106	1224	PC	2.50209766842863
106	1235	PC	34.6173955088179
106	1243	PC	20.3267496114709
106	1271	PC	23.7029347457167
106	1276	WC	1.95432516899968
106	1424	PC	.807847392090492
106	1432	WC	7.48971176501589
106	1502	PC	45.2947200461661
106	1503	PC	30.0342239368033
106	1504	PC	49.1866609753876
106	1504	WC	3.94317754869969
106	1516	WC	2.19137780718459
106	1624	WC	3.24298237370064
106	1634	PC	4.97520300994414
106	1635	PC	2.53456251938373
106	1653	PC	.667414991696304
106	1671	PC	197.423801709704
106	1671	WC	3.63812269782719
106	1677	PC	114.391677850799
106	1702	PC	96.0840315489281
106	1719	PC	5.28834620062745
106	1719	WC	.642659860625549
106	1805	PC	42.2757567826197
106	1820	WC	3.99164946859424
106	1825	PC	4.53222707986828
106	1833	WC	1.62586890535968
106	1860	PC	.880260511542242
106	1870	WC	1.17082602969976
106	1901	PC	3.18348951150457
106	1942	PC	4.00968042651499
106	1972	PC	111.182553775297
106	1973	PC	113.552335185282
106	2004	WC	1.62579100764167
106	2012	PC	3.43207840275729
111	105	PC	28.3176163366637
118	105	PC	64.8965518533057
119	60	PC	1.30713870743504
119	105	PC	1203.99516371864
119	128	PC	4081.08540245991
119	211	PC	6.49137522269148
121	231	PC	3.49468801327629
122	128	PC	1468.36592693537
122	211	PC	479.642338793925
122	231	PC	158.108594336713
122	605	PC	1.3145652388784
123	128	PC	657.88585162968
123	211	PC	4.04403463345137
123	231	PC	282.094926098546
123	301	PC	108.764052504011
124	105	PC	10.4182924585958
124	211	PC	78.0608726014849
125	58	PC	1.18459445361301
125	101	PC	.576509967081063
125	105	PC	178.649317135666
125	128	PC	2651.17730925509
125	211	PC	649.584814310042
125	605	PC	4.03822625066689
125	4001	PC	1.63392338429381
127	105	PC	1084.5494583665
127	128	PC	360.187078309804
127	4005	PC	1.30713870743505
128	105	PC	3222.22087618134
128	128	PC	5611.59687725465
128	412	PC	2.65451224968935
128	605	PC	5.8177968568524
128	5302	PC	1.70493256676836
135	105	PC	91.4424596057439
135	128	PC	1589.57371954148
135	4001	PC	.984883478992616
136	101	PC	1.97335054164616
136	105	PC	153.816717422358
136	128	PC	649.541982801907
136	211	PC	6.17162261476238
136	221	PC	1.38823600218309
136	237	PC	2.2750104274829
136	605	PC	5.98859105540826
136	4001	PC	.984883478992616
137	58	PC	.778895664103701
137	101	PC	2.33276990474809
137	105	PC	57.8621679718086
137	128	PC	1058.50715576066
137	211	PC	530.511403468343
137	412	PC	1.13853807122248
137	540	PC	1.26116742258823
137	605	PC	8.07157924859374
138	101	PC	.468414348253364
138	211	PC	19.228609837663
138	237	PC	1.69138265517129
138	301	PC	43.9642063249871
138	605	PC	2.5936815274949
211	52	PC	1.64751694423443
211	211	PC	31.529024348739
211	301	PC	18.8137486831329
213	101	PC	.665754831851699
213	211	PC	31.0818027298674
213	301	PC	22.7595197098998
214	101	PC	.863051519247167
214	211	PC	223.186437828245
214	301	PC	43.4701076379952
214	714	PC	2.22586760856762
215	58	PC	2.47127541635165
216	301	PC	9.08404566659222
219	50	PC	7.30221757135253
219	52	PC	7.87016782690217
219	58	PC	2.02839376982015
219	106	WC	.785720584033976
219	213	WC	2.228525532334
219	235	WC	1.96762992165212
219	237	WC	1.09231858647547
219	301	PC	71.1336733122801
219	501	WC	.855582250101785
219	605	WC	3.15855364707656
219	714	PC	2.11676769122447
219	720	WC	4.45209206631623
219	806	WC	2.76122656444686
219	814	WC	1.42088464990272
219	1173	WC	1.28121647719696
219	1221	WC	2.3284097235256
219	1273	WC	.574025019196116
219	1432	WC	2.55918914819827
219	1443	WC	1.90860179918858
219	1503	WC	2.56363202923187
219	1504	WC	5.48127280653342
219	1638	WC	2.84086300495409
219	1671	WC	1.77164744931708
219	1820	WC	3.40854071679092
219	1833	WC	1.69530318441822
219	1870	WC	6.96989797303718
219	1971	WC	1.4346918691419
219	2004	WC	5.517425860427
219	4001	PC	3.24543003171224
220	231	PC	1.57723437880786
220	301	PC	43.7936020838414
220	1102	PC	.495601895761097
220	1271	PC	.595813468857676
220	1277	PC	.573149981057098
220	1566	PC	.86073784396176
221	128	PC	332.744931875685
221	231	PC	112.615888934496
221	301	PC	149.751606601071
226	128	PC	321.4306931298
226	231	PC	436.37482049639
227	231	PC	85.8187380419122
227	235	PC	1.21137074752788
228	231	PC	25.6724637744807
229	101	PC	1.83200079811807
229	231	PC	169.431562559973
229	237	PC	3.04004024719977
229	605	PC	1.05650892932491
230	128	PC	301.429665567596
230	231	PC	299.949336332562
231	52	PC	1.37732690601507
231	231	PC	337.12538413986
233	50	PC	1.65943000724707
233	128	PC	128.991543159014
233	231	PC	205.20999243099
233	237	PC	.797131375872432
233	605	PC	1.63361929823361
234	56	PC	.99565800434824
234	128	PC	298.418838041373
234	231	PC	905.029016991839
235	128	PC	357.859936920644
235	231	PC	549.652777088141
235	605	PC	3.67653844366864
236	101	PC	3.98141039741667
236	128	PC	1234.0941461634
236	221	PC	1.28964887197566
236	231	PC	2075.87023301959
236	235	PC	1.53523829711855
236	605	PC	1.29468146252532
237	231	PC	932.132244138742
238	231	PC	298.963748542424
238	417	PC	30.5616424231525
238	427	PC	133.324033117605
239	101	PC	7.07336643559546
239	105	PC	1.93099966093225
239	231	PC	75.0500283582907
239	235	PC	4.14147959258343
239	237	PC	5.90491695861502
239	301	PC	75.283507726108
239	417	PC	30.7087170802633
239	605	PC	7.05831992590522
301	52	PC	15.0152011968602
301	56	PC	1.73252321502233
301	58	PC	5.61007517245325
301	60	PC	4.88406544425342
301	231	PC	21.3203331940589
301	301	PC	15.3685873864281
301	417	PC	25.818454225712
301	4001	PC	3.46504643004466
301	4004	PC	1.65002210954508
301	4005	PC	.990013265727046
301	5101	PC	2.97003979718114
301	5605	PC	2.47503316431762
301	5770	PC	208.874648825201
302	605	PC	.731918097830353
306	620	PC	1.52532563260665
306	4001	PC	2.47503316431762
306	5605	PC	2.1450287424086
307	412	PC	1.17833940061857
307	605	PC	.894821498914852
308	427	PC	.544990077401807
309	1677	PC	4.50365195540828
402	231	PC	149.609847090524
402	301	PC	312.402301463856
402	417	PC	10.1354602045219
403	60	PC	45.4656918172206
403	231	PC	2603.37616778583
403	412	PC	28.2508400005925
403	417	PC	52.9084984102384
403	427	PC	257.785569586732
403	532	WC	1.45603672091684
403	3001	PC	11.3664229543052
403	5101	PC	4.59493693897442
403	5403	PC	16.0419728220335
403	5820	PC	10.1572290229961
403	5831	PC	37.5607880236095
403	5835	PC	43.0473039546025
412	417	PC	9045.53156462801
412	427	PC	5865.29478812734
415	417	PC	1664.21895817805
415	427	PC	1205.95251916229
417	58	PC	1.61225857507874
417	417	PC	3112.75093096339
417	427	PC	1323.86263455792
417	5605	PC	.914504204381762
418	231	PC	10.5587891101241
418	417	PC	84.3835214651953
419	231	PC	33.6369489122387
419	417	PC	689.404950980544
419	427	PC	35.7538860014409
420	60	PC	1.59141657460262
420	231	PC	273.01449388235
420	417	PC	5.76813495663923
423	231	PC	594.863881900744
423	417	PC	37.1779952576516
423	427	PC	252.926060259008
425	417	PC	439.2685342963
425	427	PC	1244.33827476811
426	417	PC	770.404403894631
426	427	PC	1016.27741401365
427	52	PC	1.60804613550821
427	417	PC	830.129610137823
427	427	PC	804.025808503304
428	417	PC	269.333082311206
428	427	PC	94.3958210272152
429	417	PC	143.410715615756
429	427	PC	78.8704817151685
430	417	PC	259.126214927458
430	1640	PC	73.9904847375526
432	417	PC	29.2974974126105
432	427	PC	144.99677428259
432	1640	PC	188.704016095557
434	1640	PC	106.185854728907
436	521	PC	2.39962033078819
436	1640	PC	338.80912400938
436	1648	PC	556.630059369609
437	1640	PC	733.002774106626
437	1648	PC	32.9485324441816
437	3001	PC	.944127664664274
438	417	PC	222.350732183052
438	1640	PC	409.528087320589
438	1648	PC	352.261533151769
439	517	PC	161.2398457542
439	1640	PC	190.760227119465
439	1648	PC	219.851148230711
441	521	PC	107.01686878092
441	1640	PC	292.194699253518
501	215	PC	1.19843935649403
501	412	PC	136.899920539832
501	521	PC	259.008442366754
501	1653	PC	307.280927345183
502	427	PC	123.621385234358
502	521	PC	959.099138529716
502	1653	PC	519.508665744849
511	517	PC	316.284232777772
511	1525	PC	108.694968690979
512	517	PC	509.523452539946
512	521	PC	13.4569087876378
512	1449	PC	189.746685433432
513	517	PC	935.400814834115
513	1449	PC	48.8453854597553
514	517	PC	234.693617212884
514	521	PC	197.304277954948
515	517	PC	313.994362973649
515	521	PC	182.579237604656
516	517	PC	327.791870866301
516	521	PC	183.970053028263
517	517	PC	229.705065120297
517	521	PC	87.4111575684784
519	517	PC	589.968845286721
519	521	PC	226.21992219296
520	517	PC	608.717741334399
520	521	PC	658.323046590506
521	517	PC	1091.98727991975
521	521	PC	446.608739554957
522	412	PC	251.259171703445
522	427	PC	96.4696758014873
522	517	PC	1741.30884995899
522	521	PC	837.507059672467
528	412	PC	162.745777882452
528	427	PC	185.958354276811
528	517	PC	1830.64849293214
528	521	PC	882.645471670147
528	4001	PC	1.28339812628405
529	301	PC	75.2351622375937
529	427	PC	105.539472941895
529	517	PC	951.009772408836
529	521	PC	810.154182835581
532	231	PC	24.6649539114164
532	301	PC	114.704092384022
532	521	PC	151.472741935351
533	101	PC	2.17947374215948
533	105	PC	1.06875207189291
533	231	PC	219.097106586894
533	427	PC	109.778012326665
533	521	PC	101.875579086106
533	534	PC	1.15277983811818
533	605	PC	1.67123966295432
533	5403	PC	.914504204381762
534	52	PC	2.51892455809412
534	55	PC	3.08771397443796
534	231	PC	821.85066901852
534	412	PC	152.80560859003
534	427	PC	2.14459965674692
534	521	PC	1738.35633392794
534	522	PC	2.74203766454117
534	536	PC	1.17605031049651
534	540	PC	.977657177334911
534	605	PC	5.58352653651347
536	427	PC	3.14414390024028
536	502	PC	1.12467104336672
536	521	PC	212.198523271436
536	536	PC	.859017552053299
536	538	PC	.732173546470955
536	540	PC	6.61782844631097
536	605	PC	4.23484649912644
536	617	PC	39.8713344311063
538	52	PC	1.92509718942608
538	427	PC	.696816808979762
538	521	PC	13.036832536934
538	522	PC	.604750018023696
538	617	PC	538.307707389259
538	3001	PC	8.30198162939995
540	301	PC	58.9337297565198
540	412	PC	5.60560942932722
540	540	PC	3.23565310795285
540	605	PC	2.66798540196085
540	617	PC	211.069562804331
541	427	PC	3.43428437849888
541	540	PC	2.7301504001784
541	617	PC	174.938257947854
542	231	PC	44.7649930900504
542	427	PC	7.60721086762756
542	540	PC	4.81099128778444
542	605	PC	.785954883275069
542	617	PC	445.561757721685
543	427	PC	4.8011737190937
543	540	PC	3.63656904860155
543	617	PC	258.88017515323
544	231	PC	1.2185622000093
544	427	PC	1.57764320368213
544	540	PC	1.25504120550898
544	617	PC	364.543037952495
545	301	PC	171.17218235698
545	617	PC	188.870232956574
602	60	PC	1.64685802050062
602	128	PC	43.4968578092049
602	301	PC	43.2164252786377
602	521	PC	162.071749800821
602	704	PC	8.13650808018063
602	4001	PC	1.23514351537546
604	301	PC	57.7097150576758
604	605	PC	1.06176487583703
604	617	PC	137.390777883549
604	631	PC	1.18571016300266
604	704	PC	190.264499464677
604	817	PC	281.545459852954
605	128	PC	169.05198651564
605	301	PC	221.582691215132
605	412	PC	2.48357622060122
605	605	PC	4.76568492369169
605	617	PC	89.3840043172043
612	60	PC	1.30418328299032
612	301	PC	31.3430992358449
612	412	PC	1.28819231057944
612	540	PC	2.12473481344729
612	617	PC	36.2551389457689
615	617	PC	28.8323577357611
616	427	PC	143.137999965835
616	540	PC	1.82109280577222
616	605	PC	3.12630115733777
616	617	PC	240.06020826322
617	605	PC	2.2770757048381
617	617	PC	234.263131917371
617	3001	PC	3.45148852340775
618	605	PC	4.12234185755772
618	617	PC	265.98814593666
619	540	PC	3.11997995981645
619	605	PC	8.21013895094596
619	617	PC	540.424677299087
620	301	PC	330.820236611875
620	605	PC	9.41632696653024
620	617	PC	50.1760267091701
621	301	PC	224.761322319076
621	412	PC	1.19436197020129
621	605	PC	.95264595797728
621	617	PC	51.8845642344588
621	624	PC	1.74388074980886
621	631	PC	.528786991909268
621	704	PC	98.4699101352113
621	817	PC	127.146134304872
622	301	PC	15.9982728573779
622	605	PC	1.85096348424108
622	617	PC	26.2707465682468
623	58	PC	2.79965863485105
623	301	PC	382.587301482576
623	605	PC	2.04421945149291
623	624	PC	1.34576006416118
624	301	PC	228.104940949235
624	617	PC	227.26729278243
624	817	PC	70.8550185292243
625	301	PC	2.32147513093974
625	617	PC	26.7481295651206
626	58	PC	1.15280061435043
626	128	PC	109.778422228206
626	301	PC	224.797417588984
626	617	PC	6.2214179694183
626	4001	PC	3.29371604100123
627	211	PC	6.39125513426373
627	301	PC	34.1522066013988
627	617	PC	182.45291998694
628	52	PC	1.64685802050062
628	301	PC	38.6292951746515
628	605	PC	1.19844082854514
628	617	PC	10.5695482917963
628	631	PC	1.4482228008751
628	704	PC	41.4360294520071
631	301	PC	12.3100012778288
631	412	PC	1.43231173173641
631	605	PC	2.13735481516151
631	617	PC	7.38915907638481
631	631	PC	2.04473019499352
632	412	PC	1.2333068110564
632	617	PC	75.9718308853171
632	631	PC	.902773174537083
632	704	PC	63.7433537080901
633	301	PC	4.20559244938722
633	605	PC	1.25808077735898
633	617	PC	95.1936788221586
633	704	PC	137.687694017261
701	105	PC	.60477623459716
701	128	PC	190.65775824906
701	301	PC	128.163400103051
701	617	PC	37.5596582816007
701	704	PC	6.66609942900726
701	714	PC	.950014305623928
701	4001	PC	1.31522853900698
702	52	PC	2.44261381681713
702	128	PC	193.887489216731
702	301	PC	701.70822181344
702	605	PC	2.6411658483618
702	704	PC	41.4179006894366
702	4005	PC	.914504204381762
704	128	PC	1147.89607348277
704	301	PC	1054.98658953128
704	605	PC	1.15371329337813
704	704	PC	47.1516658586214
706	301	PC	684.802842505403
706	402	PC	3.50478915674053
706	412	PC	1.14978208279288
706	425	PC	6.35709345129053
706	430	PC	7.02626596510077
706	436	PC	1.82397999428674
706	438	PC	6.65153713589548
706	502	PC	8.06911595317101
706	704	PC	91.037154600441
706	817	PC	61.5181014084591
706	937	PC	9.27216099867167
706	941	PC	3.29872606830491
706	1002	PC	1.10203248491717
706	1021	PC	1.01013918729934
706	1037	PC	.89149476740647
706	1620	PC	4.65379731567244
706	1648	PC	.757645060665046
706	1717	PC	4.12234212235364
706	1721	PC	.909188281356598
706	2004	PC	4.06392376434645
706	2012	PC	1.91370372686636
706	5102	PC	1.604801734157
709	211	PC	474.827511436907
709	704	PC	183.131018078368
709	817	PC	457.281939294156
711	704	PC	6.00970560555672
713	128	PC	399.900317903264
713	704	PC	226.052513758542
714	617	PC	244.360730446429
714	704	PC	17.3130607706043
716	101	PC	3.36718383948445
716	105	PC	2.82546040897215
716	128	PC	471.841729212417
716	605	PC	2.6945377842702
716	617	PC	5576.62060087212
716	704	PC	472.598735469026
716	709	PC	1.10514706145516
716	714	PC	4.70831265754276
716	4004	PC	1.64403567375873
719	128	PC	1505.50235635959
719	605	PC	4.5665415414872
719	704	PC	999.156677965207
719	714	PC	1.32770779688328
720	106	PC	3.0937434751896
720	128	PC	2355.43565701842
720	427	PC	1.3546303916492
720	605	PC	1.36379223962839
720	704	PC	2207.38697895013
720	1275	PC	.734822415014253
722	311	PC	17.3068079824388
722	417	PC	14.8955582965303
722	423	PC	1.9894181349884
722	427	PC	3.53220845218638
722	501	PC	7.73564307596654
722	502	PC	8.86461242022148
722	516	PC	6.4619245647802
722	522	PC	2.56842284607285
722	534	PC	9.88858481063192
722	605	PC	3.63488270106585
722	621	PC	2.56297373110631
722	704	PC	10.6330121230888
722	815	PC	22.3384010813438
722	901	PC	7.34864922286199
722	904	PC	10.5150672677118
722	906	PC	1.67402129243295
722	926	PC	1.05442536518005
722	1014	PC	1.35750059124325
722	1032	PC	6.54463228172108
722	1071	PC	8.09383885029355
722	1072	PC	3.59726171124158
722	1101	PC	1.58381293363674
722	1149	PC	9.89987301292414
722	1172	PC	8.38429020367321
722	1263	PC	5.0092388928387
722	1271	PC	20.8406987907258
722	1273	PC	9.47304490487536
722	1275	PC	1.26307265398338
722	1443	PC	29.0952348056249
722	1504	PC	9.94424540304804
722	1519	PC	3.52602435511712
722	1548	PC	1.96050078231756
722	1566	PC	2.83482393107705
722	1624	PC	21.2075548170025
722	1627	PC	6.42357740225327
722	1630	PC	8.16440568234999
722	1638	PC	3.50247667794389
722	1671	PC	17.7760614458702
722	1702	PC	29.2164324248077
722	1714	PC	29.9532346440713
722	1719	PC	42.3196717469905
722	1721	PC	5.672252930397
722	1751	PC	7.23646850635182
723	704	PC	17.9854367108186
728	704	PC	630.589880484029
728	817	PC	22.5087106605255
805	237	PC	2.04918815137471
805	704	PC	117.135189014168
805	834	PC	.901685139750185
806	52	PC	2.31563847944822
806	704	PC	305.382861013334
806	817	PC	16.6606353035126
806	834	PC	4.18751826952701
806	4003	PC	2.03523792423862
807	211	PC	11.5017808148449
807	704	PC	129.308551042788
811	704	PC	326.982574909781
811	834	PC	75.1404943700349
814	704	PC	47.0675296285003
815	704	PC	14.769964208133
815	834	PC	8.91907520683201
817	704	PC	64.0492089953868
817	817	PC	93.7894778647551
817	4002	PC	.942870195390162
819	704	PC	114.834199245058
819	834	PC	78.9639035926532
821	704	PC	804.182353978386
821	817	PC	84.0849617243389
821	834	PC	19.3824610900755
822	704	PC	158.093115679903
822	834	PC	15.25039878307
826	704	PC	7.67131028075419
826	834	PC	77.3918843266335
827	834	PC	84.3295491717674
828	704	PC	.861817565079945
828	834	PC	114.200980816725
829	704	PC	1.53335990625127
829	834	PC	72.9572634955193
830	834	PC	17.8714955135224
831	834	PC	35.5578685403158
831	4001	PC	.742474787235764
833	834	PC	130.16332286888
834	834	PC	35.4061008662399
834	926	PC	94.5849882815202
901	834	PC	21.5781235239505
901	926	PC	2.09059515472877
904	704	PC	744.526181410381
904	817	PC	63.8213259431325
904	926	PC	159.40290003589
904	4001	PC	1.47194882885353
906	231	PC	3.35613227387752
906	817	PC	167.707747922157
906	926	PC	189.370479773164
906	4001	PC	3.10744752757967
911	926	PC	31.3131381972603
912	704	PC	260.813479954312
912	926	PC	11.1775590826885
914	704	PC	506.642083947487
914	926	PC	63.5068950048837
919	817	PC	4.98535042803511
919	926	PC	34.1457801256162
926	926	PC	76.3439676924458
928	926	PC	74.2574234972868
929	817	PC	25.1119542716772
929	926	PC	122.03469813302
935	926	PC	40.1946429272605
937	704	PC	16.5589231213592
937	926	PC	98.4232424446188
938	704	PC	34.8982331319898
938	834	PC	32.2038413358086
938	926	PC	29.2557134272609
940	834	PC	47.305878801964
940	926	PC	22.7983177414828
941	834	PC	2.28788319289352
941	926	PC	18.6975609555741
1002	926	PC	205.939284774686
1003	926	PC	672.528493058558
1003	1119	PC	174.142138615696
1004	235	PC	3.00702393179061
1004	926	PC	196.330021678441
1004	1154	PC	34.3041520284617
1014	926	PC	250.501063080806
1014	1101	PC	143.524840397675
1014	4001	PC	2.06464259696933
1014	4004	PC	3.30342815515092
1017	926	PC	246.060016538175
1018	926	PC	114.25760543862
1021	54	PC	.912650697346173
1021	926	PC	283.470501168854
1026	926	PC	123.667175414928
1027	926	PC	115.294864566386
1029	926	PC	127.574241062723
1032	926	PC	154.404247199751
1032	1119	PC	141.076044056326
1034	926	PC	346.945865426116
1034	1119	PC	78.8983240415019
1034	3001	PC	1.37175630657264
1034	4001	PC	1.09740504525811
1037	926	PC	318.803060432439
1037	1119	PC	85.3760789044971
1046	926	PC	14.1163045144849
1046	1101	PC	53.9351873054138
1046	1119	PC	85.8639952588112
1071	704	PC	148.291869330033
1071	834	PC	11.607998039108
1071	926	PC	8.05402396071908
1075	1832	PC	1.60569250775664
1101	60	PC	1.30319840888506
1101	926	PC	1520.33688366518
1101	1101	PC	239.625627027088
1101	1102	PC	356.38406014818
1101	1119	PC	301.98909405455
1101	4004	PC	1.37175630657264
1102	105	PC	.715428677762484
1102	128	PC	1.02862874964836
1102	138	PC	7.40620811630133
1102	219	PC	1.97945393792473
1102	231	PC	1.39442888463075
1102	236	PC	1.31401209698149
1102	237	PC	.900001350712762
1102	302	PC	.977837971260259
1102	305	PC	1.66878449798479
1102	306	PC	1.44182884343492
1102	403	PC	75.3184498451134
1102	417	PC	1.04762305966975
1102	427	PC	4.4730449663102
1102	534	PC	4.73820963458514
1102	616	PC	1.12497417179268
1102	706	PC	1.6403160338079
1102	716	PC	19.2443436968077
1102	728	PC	1.0094065161938
1102	822	PC	13.4013520967471
1102	833	PC	2.75584227604745
1102	904	PC	1.02887924209172
1102	906	PC	1.96304552329971
1102	926	PC	2585.19998124441
1102	929	PC	.758898123076415
1102	940	PC	8.03356318878304
1102	1101	PC	775.243748726781
1102	1102	PC	394.304054704187
1102	1106	PC	.878028867446009
1102	1114	PC	.645645234488015
1102	1119	PC	2114.35315197727
1102	1124	PC	.739854137401524
1102	1130	PC	.950096466367803
1102	1146	PC	.522994429984168
1102	1149	PC	.814259653161286
1102	1173	PC	1.4527463719444
1102	1175	PC	.711683572587071
1102	1216	PC	1.2357989661492
1102	1219	PC	.775090351363685
1102	1272	PC	.589688871818145
1102	1612	PC	.504826775150618
1102	1671	PC	.64441495700026
1102	1719	PC	1.8905667865466
1102	1837	PC	.99556636257268
1102	4001	PC	4.67174472493855
1106	926	PC	46.2630376867522
1106	1102	PC	51.2684182394249
1106	1119	PC	22.1849871346815
1106	4001	PC	1.29834613734788
1111	926	PC	25.1028170340257
1111	1119	PC	238.364509461339
1111	1154	PC	55.8179089080186
1112	1101	PC	191.77383324094
1112	1119	PC	700.47772896973
1114	926	PC	3514.32117196943
1114	1101	PC	565.490782138973
1114	1119	PC	729.819540898788
1119	926	PC	13724.3016797964
1119	1101	PC	3346.62034290538
1119	1102	PC	355.364966994941
1119	1119	PC	3946.60654281633
1119	4001	PC	9.77803337231458
1120	52	PC	2.86597529878186
1120	926	PC	9195.12827413308
1120	1119	PC	4212.58632640132
1120	1172	PC	71.7947801004417
1120	1275	PC	14.9271047719553
1120	1677	PC	3.30654579214297
1120	4001	PC	1.51728104053157
1121	231	PC	1.71259247712749
1121	926	PC	7668.60228229462
1121	1102	PC	1349.4655539511
1121	1119	PC	979.776382447916
1121	1149	PC	17.0663730057939
1121	4004	PC	1.68586782281286
1121	5820	PC	1.180107475969
1122	926	PC	2202.91997678258
1122	1102	PC	306.95920846369
1122	1119	PC	1325.58812350033
1124	52	PC	2.45881301312555
1124	926	PC	2127.8050276726
1124	1102	PC	479.482599370711
1124	1119	PC	1467.15689438593
1124	1171	PC	61.9202003366251
1127	926	PC	775.198826869404
1127	1102	PC	210.738847665797
1127	1119	PC	885.365549840551
1127	4001	PC	1.47528780787533
1129	1102	PC	88.6993878977187
1129	1171	PC	143.033807525524
1130	926	PC	746.296092280597
1130	1102	PC	190.785039595241
1130	1119	PC	160.807201219538
1130	1171	PC	188.578344345173
1133	926	PC	1689.99400222138
1133	1102	PC	250.793053564968
1133	1119	PC	611.984763282681
1133	1154	PC	208.397277027304
1134	1102	PC	368.89689445839
1134	1119	PC	294.447436250578
1134	1154	PC	182.313111397658
1135	1119	PC	161.078544721073
1135	1154	PC	22.3089787852887
1135	1171	PC	71.0255244442728
1141	1102	PC	191.604802853625
1141	1119	PC	2079.28115945891
1141	1154	PC	334.413697167271
1141	1171	PC	278.465096306341
1142	1102	PC	233.990160032939
1142	1119	PC	768.899864552946
1142	1142	PC	738.242586337157
1142	1171	PC	364.513504983995
1144	1102	PC	14.8919548878095
1144	1154	PC	5.39404729761653
1144	1171	PC	38.4574950053097
1145	1102	PC	65.3348221862648
1145	1119	PC	290.502134102705
1145	1154	PC	58.5482157938046
1146	1102	PC	388.932828023223
1146	1119	PC	893.183120165563
1146	1154	PC	191.990184976707
1149	1119	PC	307.395872321404
1149	1154	PC	435.394440266529
1151	1154	PC	4.5061182314656
1154	1119	PC	3615.15846306285
1154	1154	PC	872.192425555974
1154	1235	PC	554.002637683307
1171	926	PC	613.758294419192
1171	1102	PC	100.381418216785
1171	1119	PC	148.563303462451
1171	1154	PC	14.9787310226199
1173	51	PC	1.55724824164618
1173	5605	PC	1.63920867541703
1175	52	PC	1.06548563902107
1175	1002	PC	4.98316899352778
1175	1072	PC	3.73614574066395
1175	1074	PC	14.9087159635454
1175	1102	PC	1.93440661012713
1211	1119	PC	927.753467422032
1211	1154	PC	116.906624831939
1211	1235	PC	229.229471956608
1216	1102	PC	736.744343931473
1216	1119	PC	165.568141654927
1216	1154	PC	203.370351772585
1219	1102	PC	186.602250582038
1219	1154	PC	106.21844034226
1221	1154	PC	60.2223912280543
1221	1171	PC	39.3518182749659
1222	1102	PC	161.474138750672
1222	1154	PC	85.5054759174333
1223	1154	PC	48.9445138010135
1223	1235	PC	37.0565238756834
1224	1154	PC	372.151748322904
1224	1171	PC	58.5442358235963
1224	1235	PC	153.985065843649
1227	1235	PC	69.9804882591935
1228	1171	PC	202.037887893462
1228	1235	PC	69.402254910735
1231	1119	PC	202.630881371139
1231	1235	PC	90.5835019397346
1232	1235	PC	29.4984198630747
1233	1119	PC	81.5929676693313
1233	1235	PC	71.0135814309715
1234	1154	PC	7.3744596376508
1234	1235	PC	60.9959267394914
1235	1171	PC	124.713686563017
1235	1235	PC	808.489006202482
1238	1171	PC	7.38761574813185
1238	1235	PC	287.063389262459
1241	1171	PC	13.8512912151201
1241	1235	PC	127.694725414063
1242	1235	PC	15.5519312253417
1243	1235	PC	57.4205145910772
1244	1235	PC	31.4804848874736
1245	1235	PC	23.1371632004235
1246	1235	PC	35.6243304088502
1246	1271	PC	.674958348009797
1247	1235	PC	50.0499854540301
1251	1154	PC	5.01915963790109
1251	1235	PC	89.5382232223142
1252	1235	PC	10.9948932370624
1253	1154	PC	62.2531790737277
1253	1235	PC	244.241052711614
1256	1235	PC	69.7179043800177
1259	1154	PC	12.839889500594
1259	1235	PC	22.9844232954558
1260	1154	PC	23.9838835702
1260	1235	PC	232.474045230407
1260	1260	PC	58.0648672921276
1263	52	PC	1.14667431871599
1263	1154	PC	37.5091510468785
1263	1235	PC	365.36243739636
1264	1235	PC	43.2159584205757
1265	1432	PC	3.68014398516904
1266	1235	PC	29.3378763596908
1266	1432	PC	42.3936001833859
1266	1648	PC	190.527762309343
1271	105	PC	1.32766210429885
1271	1102	PC	25.7453972335331
1271	1154	PC	201.108795940447
1274	4001	PC	3.1124017222291
1274	5102	PC	.982863701756561
1275	4001	PC	1.2285796271957
1275	5800	PC	1.63810616959427
1277	215	PC	2.51252739283333
1401	1154	PC	73.3199354932781
1401	1432	PC	164.407504141638
1411	1154	PC	45.8433944652968
1411	1432	PC	194.316201663077
1412	1432	PC	19.4796251561896
1413	1235	PC	38.6047601693037
1413	1432	PC	105.594835374608
1416	52	PC	.874755948138329
1416	1235	PC	43.692859820538
1416	1417	PC	29.3229290023513
1416	1432	PC	53.1181325028582
1417	1417	PC	162.396601368157
1417	1432	PC	131.149196352535
1418	1417	PC	43.8051013655212
1419	1235	PC	11.3746035629043
1419	1417	PC	47.244729778654
1420	1235	PC	156.792288154418
1420	1417	PC	127.864573829696
1421	1235	PC	75.9351426061825
1421	1417	PC	10.5225741153494
1422	1235	PC	200.558855958114
1424	1417	PC	20.7522126106257
1426	1235	PC	195.111094737447
1426	1432	PC	197.138301008523
1428	1235	PC	329.594526538006
1428	1417	PC	383.436127049022
1428	1432	PC	55.5104311202638
1429	1235	PC	107.795022264307
1429	1432	PC	151.127818404403
1430	1235	PC	71.1939565398792
1430	1432	PC	270.466184528369
1431	1235	PC	168.902681623269
1431	1432	PC	335.089619725322
1432	1235	PC	375.698193120369
1432	1432	PC	321.408822912965
1433	1432	PC	212.825269390145
1438	1432	PC	27.8676869924436
1438	1441	PC	69.4621232188119
1439	1432	PC	17.2811222639907
1439	1441	PC	20.4598418120928
1441	1441	PC	91.0418353515052
1441	1449	PC	30.5124041002039
1443	1441	PC	302.885591805585
1443	1449	PC	72.0678949748235
1444	1235	PC	357.08168176969
1444	1449	PC	144.761178650543
1445	1235	PC	470.517953391384
1445	1449	PC	546.638183579512
1449	1235	PC	363.793985553563
1449	1449	PC	326.933336188079
1449	1557	PC	350.034261771001
1502	1432	PC	66.7654534451911
1502	1449	PC	177.916363249947
1502	1525	PC	15.0935577418632
1503	1441	PC	12.3152978919583
1503	1525	PC	37.5832721156708
1504	106	PC	1.55080947244489
1504	231	PC	1.1195190902829
1504	306	PC	3.42823672618318
1504	309	PC	4.78724788651166
1504	417	PC	3.45277664594427
1504	533	PC	1.01200470795308
1504	605	PC	1.75654682680916
1504	624	PC	.99441542489407
1504	706	PC	6.71296123696766
1504	716	PC	10.7557641777309
1504	822	PC	2.18142583041526
1504	1014	PC	.913736857018473
1504	1074	PC	2.99553665226797
1504	1102	PC	8.46070549248988
1504	1247	PC	21.1492965403555
1504	1443	PC	1.336903240281
1504	1503	PC	.4735103776712
1504	1511	PC	1.11453025309104
1504	1557	PC	32.1633116109701
1504	1671	PC	2.18736997565258
1504	1804	PC	1.54996835355374
1504	1833	PC	2.38551720770473
1504	1931	PC	2.16005718501114
1504	1941	PC	3.19464890734683
1504	1972	PC	3.84763182119032
1504	2004	PC	2.52810639026704
1504	4005	PC	1.62065529345516
1511	1432	PC	192.562028276647
1511	1441	PC	57.616424059704
1511	1503	PC	323.232924409588
1514	1432	PC	49.4810089279049
1514	1441	PC	61.1674139167721
1515	1441	PC	33.5059792334901
1515	1525	PC	26.3682583129514
1516	1432	PC	36.6794708732587
1516	1441	PC	37.3121300383714
1516	1525	PC	7.44885761336108
1517	1449	PC	4.68472826819862
1517	1525	PC	82.8130934322113
1519	1432	PC	240.675806403512
1519	1525	PC	182.816780158399
1520	1235	PC	456.268215032154
1520	1449	PC	242.474878789668
1520	1525	PC	70.9222740860138
1523	1525	PC	54.8635877947737
1524	1235	PC	342.716969281255
1524	1525	PC	137.276277686911
1525	1432	PC	163.680127730309
1525	1525	PC	322.45450992504
1526	1525	PC	60.3886645328329
1528	1235	PC	.888748826523941
1528	1271	PC	5.17753507430735
1528	1525	PC	122.068921686484
1529	1525	PC	72.763597451411
1531	1525	PC	7.15998462391778
1532	1235	PC	271.621671259028
1532	1525	PC	110.533182483852
1534	1525	PC	225.243383391312
1534	1557	PC	21.8505421257526
1535	1432	PC	318.386148168441
1535	1525	PC	248.621228516002
1539	1432	PC	237.666386140673
1539	1557	PC	516.357178378111
1543	1525	PC	209.215040355074
1543	1557	PC	91.7621105103321
1545	301	PC	1.0388636342998
1545	1557	PC	66.5051260994731
1546	1557	PC	48.1536087910807
1547	1432	PC	218.364127453372
1547	1557	PC	113.461825364924
1548	1432	PC	281.909556917264
1548	1557	PC	1182.13115356812
1551	1557	PC	343.172814765864
1554	1557	PC	322.602190796152
1557	1432	PC	121.390570373322
1557	1503	PC	221.15065131913
1557	1557	PC	40.2460720394262
1560	1432	PC	156.133988681531
1560	1557	PC	296.384661724723
1563	1441	PC	93.6927731501945
1563	1557	PC	313.244269199261
1566	1449	PC	430.8942425583
1566	1557	PC	550.780778742748
1566	1648	PC	106.345658125555
1566	1663	PC	77.0164954672538
1567	1449	PC	98.9529802735949
1567	1503	PC	199.050585941272
1567	1557	PC	59.3338386726107
1569	1503	PC	128.674728712847
1569	1663	PC	20.2202935436276
1571	1557	PC	34.8049532545884
1571	1653	PC	129.269197876274
1573	1557	PC	234.793035890107
1612	1449	PC	101.928941330486
1612	1617	PC	26.4914583718207
1612	1653	PC	316.382764100088
1613	1525	PC	18.9713352443022
1613	1617	PC	15.5183078464932
1613	1653	PC	155.499940378406
1617	1617	PC	140.829272633877
1617	1620	PC	31.5767395960353
1620	1617	PC	31.2264228804933
1620	1663	PC	67.1603628448149
1621	1525	PC	188.749179304533
1621	1617	PC	1098.92482184933
1621	1648	PC	125.372950257032
1621	1663	PC	3.76446615931657
1622	1441	PC	37.2061295128052
1622	1648	PC	102.822878680989
1622	1653	PC	178.31919337897
1622	1663	PC	14.1014010431727
1624	1441	PC	502.866148563563
1624	1648	PC	1263.97263200118
1624	1653	PC	563.402105216947
1624	1663	PC	38.1504827285844
1627	1525	PC	736.073945130549
1627	1648	PC	22.7560027388742
1627	1653	PC	317.611808770257
1627	1663	PC	27.6791006590366
1630	1449	PC	117.889161146463
1630	1648	PC	193.055625253273
1630	1653	PC	394.233923507362
1630	1729	PC	33.9558378054231
1632	1653	PC	127.038616174178
1632	1729	PC	21.3309348846754
1633	1663	PC	33.1138534265316
1633	1702	PC	105.312509222233
1634	1663	PC	593.73882250644
1634	1702	PC	954.655058134959
1635	1525	PC	1.84360246299871
1635	1648	PC	488.287680363993
1635	1653	PC	251.605511715766
1635	1663	PC	208.626048327798
1636	1648	PC	389.456724475953
1636	1653	PC	376.947533064673
1636	1663	PC	23.5059707957016
1638	1525	PC	457.927409510904
1638	1640	PC	29.456616637257
1638	1648	PC	727.06162085725
1638	1653	PC	303.526355458546
1640	1525	PC	14.1511442248486
1640	1640	PC	33.1280993016113
1640	1653	PC	216.777372309499
1644	1640	PC	62.7197180481448
1644	1648	PC	416.833204541852
1644	1663	PC	80.4875708710556
1648	1525	PC	406.207267066491
1648	1640	PC	880.74935897461
1648	1648	PC	3363.72354625341
1648	1663	PC	188.694977637147
1648	3001	PC	1.22230263071286
1653	1525	PC	6.6785689868083
1653	1648	PC	2731.46926415113
1653	1653	PC	352.883943928621
1653	1663	PC	69.8144022812219
1657	1525	PC	230.158553483012
1657	1648	PC	248.565171294575
1657	1653	PC	98.0746711503007
1657	1663	PC	11.0256796516375
1662	1653	PC	38.0100761936057
1662	1663	PC	10.114152634987
1663	1525	PC	283.682647909617
1663	1653	PC	63.8852372670479
1663	1663	PC	23.8605711450652
1664	1525	PC	369.613341777216
1664	1648	PC	117.494560817708
1664	1663	PC	337.328034249047
1665	1663	PC	61.0169413495394
1665	1729	PC	7.38869174957709
1671	1449	PC	458.553222529668
1671	1503	PC	242.818614538555
1671	1557	PC	20.5226106605621
1671	1648	PC	464.026205571604
1675	1275	PC	1.08516927056441
1675	1401	PC	1.13514830990548
1675	1432	PC	1.05645522857845
1675	1503	PC	1.45514777096192
1675	1504	PC	2.87179885257896
1675	1805	PC	.749262214729033
1675	1866	PC	2.315401316901
1675	1870	PC	1.79419332460996
1676	237	PC	.917723073152768
1676	306	PC	.699415826496458
1676	616	PC	.927903543616755
1676	619	PC	1.00580305053981
1676	906	PC	1.68389578661806
1676	1002	PC	1.30676313606141
1676	1504	PC	2.12986961901519
1676	1866	PC	1.19964444077133
1677	215	PC	3.09287516837784
1677	5404	PC	.98346978197151
1702	1525	PC	2192.6540930165
1702	1648	PC	3700.43144074947
1702	1663	PC	1445.75616689423
1702	1750	PC	102.143502314012
1703	1525	PC	46.0257338708579
1703	1648	PC	105.225237716974
1703	1663	PC	27.3718655890729
1703	1702	PC	183.792222649157
1711	1663	PC	58.0281973372312
1711	1702	PC	37.7726120429972
1714	1525	PC	1272.28582074486
1714	1648	PC	692.107341192577
1714	1663	PC	517.205743796279
1714	1719	PC	52.3047694876523
1717	1648	PC	257.729566614844
1717	1653	PC	2139.71962898291
1717	1663	PC	110.413832853905
1717	1729	PC	8.08615974384248
1718	1719	PC	255.982774759969
1719	62	PC	1.30591815229817
1719	1648	PC	4025.26778715483
1719	1653	PC	5436.27188267717
1719	1719	PC	100.971566379262
1721	1648	PC	1477.95333169757
1721	1653	PC	3559.35226029579
1721	1719	PC	549.22730173527
1721	1729	PC	318.133134505408
1721	4001	PC	1.12659459121651
1724	1653	PC	14.5749100471176
1724	1719	PC	64.2458796237615
1724	1729	PC	71.7281516451404
1725	1648	PC	702.938262822803
1725	1653	PC	91.6521668998181
1725	1702	PC	331.332667035216
1725	1729	PC	33.2911415117158
1729	1648	PC	337.705401735199
1729	1653	PC	1810.51689641469
1729	1702	PC	534.716517097425
1729	1851	PC	131.428707120497
1736	1648	PC	211.426987269493
1736	1653	PC	535.048741768249
1736	1702	PC	351.743488757782
1736	1729	PC	43.9076337326456
1738	1702	PC	117.149184086653
1738	1729	PC	19.4296511692624
1739	1702	PC	17.9464507800456
1739	1832	PC	3.49099787003491
1740	1702	PC	65.1712848884068
1740	1729	PC	14.4355075347922
1742	1648	PC	210.47272887036
1742	1653	PC	212.706104794598
1742	1702	PC	163.598799554876
1742	1750	PC	31.0995517032521
1743	1648	PC	389.296682955091
1743	1653	PC	154.098716940452
1743	1702	PC	183.785301179822
1743	1729	PC	25.7427466497092
1744	1648	PC	830.114319995635
1744	1653	PC	865.022657605212
1744	1702	PC	541.885342381528
1744	1750	PC	38.2878980037263
1748	1653	PC	81.1260154470554
1748	1702	PC	126.735232407806
1748	1729	PC	4.84810423958102
1749	1702	PC	93.4683752320874
1749	1750	PC	21.1231791029395
1750	106	PC	4.32619598785217
1750	136	PC	5.15839680985123
1750	211	PC	4.2415762214796
1750	501	PC	6.4628739136806
1750	1071	PC	1.81322684234041
1750	1074	PC	5.39196403117016
1750	1106	PC	5.12878970546111
1750	1277	PC	13.8025963299897
1750	1673	PC	5.81759318697365
1750	1677	PC	5.09640394891907
1750	1702	PC	208.81241627105
1750	1750	PC	15.093068472775
1750	1804	PC	25.9818121807582
1750	1820	PC	220.57164979261
1750	1833	PC	3.37216324570625
1750	1931	PC	30.7987643026969
1751	1653	PC	345.915971716
1751	1702	PC	551.300616132327
1751	1750	PC	23.6976924567395
1755	1702	PC	179.13546638103
1755	1729	PC	7.0019037791598
1804	61	PC	.976837245509062
1804	1271	PC	3.87531457834103
1804	1653	PC	18.0119677288509
1804	1702	PC	192.562592135548
1804	1804	PC	1.40307476407103
1804	1924	PC	105.130490670171
1805	1653	PC	1.02712956403341
1805	1750	PC	7.01171398978613
1805	1851	PC	46.8522953200133
1811	1653	PC	297.492999204867
1811	1750	PC	27.846144676182
1811	1924	PC	170.933992643991
1812	1653	PC	545.145561228897
1812	1702	PC	508.553693235657
1812	1750	PC	18.920902915665
1813	1653	PC	532.464072163708
1813	1702	PC	460.668794085411
1813	1750	PC	42.246432533284
1815	1653	PC	1162.58026203787
1815	1832	PC	231.825365732662
1816	1653	PC	458.147004165379
1816	1832	PC	104.69187901938
1818	1832	PC	73.0839839085226
1820	1653	PC	216.645992573176
1820	1820	PC	2.44431089279415
1820	1827	PC	1.2714058645581
1820	1832	PC	372.975717391085
1822	1653	PC	358.60853523236
1822	1832	PC	235.327528752143
1824	1653	PC	636.809017011128
1824	1832	PC	296.886182145879
1825	1653	PC	362.662258214594
1825	1832	PC	95.3021206487237
1826	1719	PC	3.18025265928716
1826	1832	PC	268.9471703276
1827	1702	PC	51.5860925095393
1827	1832	PC	198.130642394498
1828	1702	PC	1039.76122387132
1828	1832	PC	117.043901004203
1832	1719	PC	1277.56941759468
1832	1832	PC	308.543251742741
1833	1719	PC	533.498519505434
1833	1832	PC	321.830827768034
1834	1719	PC	153.91422776011
1834	1832	PC	98.6984213745476
1835	1832	PC	2.1783196305537
1836	1832	PC	57.963265979958
1836	1851	PC	38.6443413970589
1837	1719	PC	218.932709227407
1837	1832	PC	139.987391133025
1837	1851	PC	73.1923249185375
1838	1702	PC	41.2732166693556
1838	1832	PC	12.9735215672826
1838	1851	PC	63.7760701990754
1839	1702	PC	29.8528673115551
1839	1832	PC	30.6938699051007
1839	1851	PC	45.3310860420727
1840	1702	PC	82.7782028840247
1840	1832	PC	25.9789508095091
1840	1851	PC	50.4378849262785
1841	1702	PC	68.401461998218
1841	1832	PC	84.4708180290954
1841	1851	PC	55.935939671546
1845	1851	PC	25.2213536911202
1848	1702	PC	275.706686941108
1848	1851	PC	281.77983243428
1849	1851	PC	47.6068303074245
1849	1924	PC	55.1635758871624
1850	1851	PC	14.7444477758022
1851	1851	PC	8.59892513421642
1851	1924	PC	33.3746645620155
1852	1851	PC	35.9295126337844
1853	1851	PC	30.5818974850679
1853	1924	PC	20.7145076900224
1854	1851	PC	108.28634783868
1854	1860	PC	19.4375481081508
1856	1860	PC	9.34785272394021
1859	1860	PC	56.2315449653481
1859	1924	PC	13.4902541257317
1860	1702	PC	551.76097404111
1860	1860	PC	492.663722673447
1865	1851	PC	84.5209132523993
1865	1860	PC	32.9597968864431
1866	1702	PC	58.8993916954215
1866	1851	PC	162.054090033853
1866	1860	PC	164.631714547505
1867	1851	PC	124.644101958633
1868	1851	PC	54.0993111800144
1870	1154	PC	1.49505551151275
1870	1702	PC	98.9183524957378
1870	1851	PC	308.83788569779
1871	1833	PC	371.733722917002
1871	1851	PC	225.906871324646
1911	1702	PC	782.229034437618
1911	1851	PC	111.026707695448
1911	1924	PC	87.1944533275482
1911	1971	PC	188.052678042211
1911	1972	PC	25.6129095541363
1913	1851	PC	72.9281392840463
1917	1851	PC	40.411994706633
1917	1931	PC	26.9764349546629
1919	1851	PC	36.4158771084806
1919	1924	PC	28.6365317326322
1920	1832	PC	9.58356051296761
1920	1924	PC	26.5086993077819
1920	1931	PC	1.34631608395599
1922	1924	PC	145.282316663665
1923	1924	PC	77.42940565172
1924	1832	PC	12.6760576262137
1924	1924	PC	186.975157602049
1925	1924	PC	10.4667840423143
1925	1931	PC	28.4030596763381
1926	1924	PC	33.2023721847587
1926	1931	PC	26.7132524027829
1927	1931	PC	36.4108040332375
1928	1931	PC	5.83070830016201
1931	1832	PC	58.311946568304
1931	1931	PC	68.6537973330146
1933	1832	PC	111.112227919072
1933	1924	PC	167.298103101921
1933	1931	PC	148.663243451552
1936	1515	PC	1.36401462725467
1936	1924	PC	29.7817560472967
1936	1931	PC	1.40525453745428
1938	1832	PC	22.162639260234
1938	1924	PC	62.5685507087661
1938	1942	PC	97.0079362081752
1939	1924	PC	21.3546372635962
1940	1832	PC	38.4352296445969
1940	1924	PC	42.8095959019283
1940	1942	PC	40.7224403189325
1941	1924	PC	1.7076927387801
1941	1942	PC	9.21954010736775
1942	1924	PC	61.6313448389073
1942	1942	PC	59.6608758729915
1943	1832	PC	141.873515491786
1943	1924	PC	11.2529750511734
1943	1942	PC	4.57986204087062
1971	1851	PC	49.4577647409738
1971	1924	PC	141.728136555662
2002	2027	PC	13.7417661223441
2003	1924	PC	13.7189931862244
2003	2027	PC	24.8016458964338
2004	1942	PC	8.15034272769091
2011	51	PC	8.33269626598391
2011	1924	PC	9.15923603822862
2011	3001	PC	71.2218849048109
2012	1832	PC	1.0805211784331
2012	1924	PC	160.308395020055
2012	1942	PC	31.6921073999569
2017	1942	PC	2.13386665812993
2020	1924	PC	47.0619017816268
2020	1942	PC	21.6466045135731
2021	1924	PC	20.3273316116405
2021	2027	PC	.958328889184804
2021	3001	PC	30.2125839155254
2022	1924	PC	10.7709366585944
2022	2027	PC	1.26061872488831
2023	2027	PC	2.80739517760765
2024	2027	PC	1.56178887818531
2025	1833	PC	75.4533263463273
2025	1924	PC	126.061449372948
2025	2027	PC	33.2666647781964
2027	1924	PC	6.69000736304543
2027	2027	PC	32.796213013339
2028	51	PC	.788536023743843
2030	1924	PC	50.9969895052105
2030	2027	PC	8.17122661635107
4001	101	PC	1.3533002713027
4001	106	PC	4.0139061635472
4001	124	PC	1.46751645353528
4001	211	PC	1.81134883898708
4001	213	PC	3.28731568417125
4001	219	PC	13.6452213435489
4001	221	PC	1.46388337928047
4001	226	PC	1.12458252981266
4001	230	PC	1.81926383140961
4001	231	PC	1.99257929441702
4001	235	PC	2.31255483174991
4001	236	PC	3.55229322633043
4001	302	PC	8.47436952157732
4001	303	PC	2.40320328130768
4001	304	PC	8.65504947552794
4001	305	PC	1.78121653717682
4001	308	PC	1.83877829241772
4001	309	PC	1.91872517469675
4001	412	PC	1.66592412114391
4001	417	PC	1.87269995559844
4001	502	PC	.684542010814173
4001	528	PC	1.8167046794211
4001	605	PC	1.06665140095347
4001	623	PC	2.36280026647515
4001	624	PC	2.62392981274233
4001	625	PC	.840470243067636
4001	626	PC	1.49828603743666
4001	627	PC	3.56996373893136
4001	701	PC	1.43386123814084
4001	702	PC	1.77766346590308
4001	706	PC	3.98334180552355
4001	709	PC	2.14846758686852
4001	716	PC	1.91442434621671
4001	720	PC	4.06659123558754
4001	805	PC	1.88711156665649
4001	806	PC	5.47627832512876
4001	807	PC	1.03836955345912
4001	814	PC	2.41737890906758
4001	815	PC	.96483257319303
4001	830	PC	4.68951636366849
4001	904	PC	4.02504631904236
4001	906	PC	.912550434595175
4001	937	PC	1.16437862434175
4001	1014	PC	2.78787999504787
4001	1017	PC	1.31458031190505
4001	1018	PC	.68362801013463
4001	1102	PC	17.8542255702945
4001	1106	PC	1.11090607690254
4001	1119	PC	3.82695769518983
4001	1120	PC	2.29186515313389
4001	1121	PC	2.20360759658199
4001	1122	PC	1.05324127639011
4001	1124	PC	2.65752932470447
4001	1149	PC	3.23634453711771
4001	1173	PC	6.43686063110188
4001	1174	PC	2.69067695735576
4001	1221	PC	1.08607112607099
4001	1243	PC	1.54461703585541
4001	1247	PC	1.19715868343921
4001	1272	PC	1.65450633077921
4001	1274	PC	6.12167342388307
4001	1275	PC	1.65781534344077
4001	1276	PC	1.53041835597077
4001	1277	PC	2.31630886309089
4001	1504	PC	1.04140470972824
4001	1529	PC	1.66023284738868
4001	1663	PC	1.5407121380438
4001	1678	PC	1.48881359616115
4001	1833	PC	2.07524506903765
4001	1922	PC	2.18345040984325
4001	2002	PC	1.19339120777861
4001	2030	PC	1.39507513708509
4002	604	PC	1.25948011215352
4002	704	PC	1.6586667816829
4002	706	PC	1.59333672220942
4002	1074	PC	1.39872766342376
4002	1102	PC	1.94960734719696
4002	1124	PC	1.32876466235224
4003	105	PC	2.52690600455456
4003	216	PC	1.48361828359829
4003	219	PC	1.42798828013884
4003	235	PC	1.25228600997287
4003	304	PC	5.34684748682162
4003	604	PC	4.40818039253733
4003	626	PC	4.45035456664355
4003	701	PC	1.11522540744288
4003	704	PC	1.6586667816829
4003	706	PC	1.59333672220942
4003	806	PC	1.01884247909372
4003	1102	PC	4.17773002970777
4003	1274	PC	3.22628734501946
4003	1276	PC	1.65450633077921
4003	1420	PC	1.24588150000691
4003	1653	PC	2.01090593636075
4003	1719	PC	2.87089245731256
4004	211	PC	1.46338775142583
4004	219	PC	1.57237376179732
4004	236	PC	2.23133996628796
4004	304	PC	5.51633487725317
4004	626	PC	1.48345152221452
4004	627	PC	.959667671755742
4004	706	PC	2.23067141109319
4004	806	PC	1.27355309886715
4004	904	PC	1.50939236964088
4004	1102	PC	1.39257667656926
4004	1119	PC	1.57076621817493
4004	1120	PC	1.81318445659327
4004	1273	PC	1.65450633077921
4004	1275	PC	6.45257469003892
4005	219	PC	1.58665364459871
4005	309	PC	2.39840646837094
4005	604	PC	1.13353210093817
4005	626	PC	5.93380608885807
4005	815	PC	.578899543915818
4005	1102	PC	1.39257667656926
4005	1120	PC	1.45054756527461
4005	1127	PC	1.75414682685279
4005	1130	PC	1.47271282134333
4005	1172	PC	4.32584719832115
4005	1273	PC	2.48175949616881
4005	1274	PC	2.48175949616881
4005	1275	PC	2.48175949616881
4005	1504	PC	2.41812239100985
5101	214	PC	.760158763153756
5101	301	PC	3.3593679933649
5101	626	PC	1.48345152221452
5101	706	PC	4.46134282218637
5101	904	PC	1.6993242428207
5101	1102	PC	.981766556981327
5101	1119	PC	1.14237543139995
5101	1714	PC	1.209589830495
5102	310	PC	1.91872517469675
5102	706	PC	3.82400813330261
5106	219	PC	1.26932291567897
5106	220	PC	2.2030595343349
5106	233	PC	1.16944104310968
5201	211	PC	1.95118366856777
5201	219	PC	3.09397460696748
5201	220	PC	2.2030595343349
5201	302	PC	1.59893764558063
5201	304	PC	.927383834436764
5302	111	PC	1.65235307635154
5302	220	PC	2.05618889871258
5302	229	PC	1.61236684006621
5302	234	PC	2.23352087458627
5302	238	PC	4.34067469349719
5302	311	PC	2.38241709191513
5302	626	PC	19.023782320879
5302	1172	PC	1.73033887932846
5402	626	PC	3.70862880553629
5402	1174	PC	1.73033887932846
5403	106	PC	2.49828184453146
5403	125	PC	8.61531612806955
5403	226	PC	.749721686541776
5403	237	PC	1.8061554931625
5403	302	PC	1.59893764558063
5403	305	PC	7.91154347033295
5403	436	PC	16.3373915320819
5403	542	PC	1.2287761096201
5403	626	PC	6.396642963789
5403	1146	PC	.951304522287379
5403	1277	PC	1.65450633077921
5403	1671	PC	1.11661019712086
5403	1674	PC	2.79152549280216
5404	125	PC	3.35171608211569
5404	624	PC	5.22348336975913
5404	1102	PC	1.39257667656926
5404	1235	PC	2.80080397211452
5404	1719	PC	1.65758489000558
5501	124	PC	2.31469472166448
5501	403	PC	2.2926358636716
5501	626	PC	5.19208032775081
5501	706	PC	4.78001016662826
5605	104	PC	1.43871979356229
5605	106	PC	2.76476524128148
5605	122	PC	.972218712943367
5605	219	PC	3.97932734065355
5605	307	PC	3.99734411395157
5605	403	PC	9.41540434429581
5605	604	PC	1.25948011215352
5605	706	PC	1.59333672220942
5605	1525	PC	1.55366405608714
5700	302	PC	.904998707398635
5700	627	PC	1.3983728931298
5700	1677	PC	1.86101699520144
5700	1804	PC	1.70708723602188
5710	138	PC	1.32914969795844
5800	716	PC	3.48077153857584
5800	1275	PC	2.48175949616882
5840	1172	PC	5.15640986039882
5850	220	PC	2.42336548776839
5850	306	PC	1.67888452785966
5850	412	PC	2.2556032588022
5850	602	PC	1.35707738979872
5850	626	PC	1.03841606555016
5850	904	PC	.880478882290516
5850	1014	PC	.780606398613404
5850	1121	PC	.944403255677997
5850	1535	PC	2.2671071358417
5850	1971	PC	1.76675014862759
6030	233	PC	1.14855816733986
6030	302	PC	2.4016043436621
6030	304	PC	1.33511293405982
6030	426	PC	1.33814501098939
6030	432	PC	1.81503270079539
6030	1002	PC	1.26319662806823
6030	1102	PC	2.08886501485389
