50	602	PC	3.96946701113803
50	625	PC	4.38045970771294
52	220	PC	2.77299678872365
58	104	PC	182.093258060206
58	220	PC	66.6895178742265
58	230	PC	20.9503280982012
58	231	PC	3.11201362173714
58	301	PC	19.8547102559137
58	626	PC	24.1665418483271
58	1106	PC	1.25441134402967
58	1146	PC	1.07938082255088
58	1271	PC	18.812739071615
58	1416	PC	1.91760032266552
58	1439	PC	1.4875089053549
58	1504	PC	14.29143482129
58	1531	PC	3.39768746819587
62	220	PC	4.04253947995538
62	301	PC	14.3870800527876
62	926	PC	3.05776458282991
62	1102	PC	1.64747286852562
62	1271	PC	1.7182779257419
62	1277	PC	2.28842040138784
62	1416	PC	2.97053722711095
104	211	PC	6397.64453639087
104	230	PC	4697.82690714073
104	235	PC	1077.0663515153
104	309	PC	3768.78803956881
104	412	PC	3539.18107728889
104	542	PC	863.269970097252
104	626	PC	689.253311487425
104	709	PC	1659.22315418913
104	926	PC	2017.65602950848
104	1122	PC	2668.38904687074
104	1172	PC	2517.22155461655
104	1274	PC	998.191269230322
104	1275	PC	1199.27518091276
104	1276	PC	5458.46525315342
104	1401	PC	1.38821409849092
104	1502	PC	661.079881293017
104	1531	PC	1091.92738439785
104	1677	PC	4271.85222020305
104	1805	PC	318.820010267005
104	1870	PC	244.301613201054
104	1971	PC	1080.66074027983
104	1973	PC	1889.29821754889
104	4001	PC	2.9187450128451
104	6010	PC	1.70413274934288
104	6020	PC	218.558366539987
105	1124	PC	670.347371492416
105	1503	PC	724.848269041941
106	104	PC	4816.69579362573
106	105	PC	813.891973067081
106	231	PC	14.4301760525633
106	301	PC	4804.60396468482
106	305	PC	29.9882063183516
106	602	PC	1695.19134294456
106	701	PC	1253.61862340983
106	702	PC	726.547233657011
106	706	PC	436.862265402378
106	805	PC	2635.66246461869
106	906	PC	1374.45213957022
106	1002	PC	882.398888848846
106	1071	PC	1078.7597833554
106	1106	PC	2124.60001312301
106	1124	PC	4403.3350067545
106	1159	PC	1554.91741487577
106	1251	PC	2435.20116362286
106	1263	PC	1627.80869560252
106	1271	PC	1526.72378998442
106	1401	PC	750.427795426987
106	1439	PC	1236.37007728774
106	1502	PC	2700.1328106574
106	1503	PC	3678.60496538785
106	1671	PC	4441.84952111206
106	1804	PC	3.37589823925829
106	1866	PC	4969.46851801917
106	1868	PC	1973.31797800255
106	1901	PC	1126.78208834146
106	1971	PC	1407.61144477729
137	219	PC	28.2441234069697
211	542	PC	511.183862929006
211	626	PC	740.360364527311
219	1866	PC	6.0212495740046
219	6000	PC	21.4636969662126
219	6020	PC	4.41526133009132
220	58	PC	18.8952078959225
230	104	PC	16.8768570526548
230	213	PC	1.40455786600878
230	230	PC	2.28836783742465
230	1525	PC	7.69724992048086
301	50	PC	2.23193597540671
301	58	PC	20.5395252676547
301	4001	PC	396.879561024448
301	5404	PC	2.42017153959764
301	5501	PC	1.35294311762229
301	5700	PC	3.12941625467417
301	5842	PC	2.52101202041421
301	6020	PC	19.0706155970933
302	522	PC	12.327582509427
302	709	PC	4.30280098236348
302	1004	PC	2.56289340929406
302	1420	PC	6.27914557396094
302	1504	PC	5.56522446086543
302	1519	PC	4.48036336617649
302	1525	PC	1.53201475039534
302	1532	PC	.531524195188278
302	1671	PC	9.77468849544924
302	1870	PC	.604783508196787
302	1871	PC	.466952132211067
302	1901	PC	1.03958327962234
302	1973	PC	2.64954246314178
302	2002	PC	2.69883219371345
303	312	PC	1.23410775528517
303	831	PC	4.15857052141714
303	1018	PC	15.0809121960657
303	1502	PC	10.675148384214
303	1933	PC	1.88758996906294
305	125	PC	1.83177677627389
305	1173	PC	1.56631158963205
305	1273	PC	1.48020466181393
305	1865	PC	3.23797795905054
306	302	PC	1.28964260427301
309	1865	PC	2.63980413608909
626	58	PC	307.716618935765
626	5403	PC	480.561013438397
626	6020	PC	8518.11044675271
704	101	PC	1.38352447607097
704	104	PC	.885599268465478
704	105	PC	2.22950429356794
704	106	PC	2.78022148352771
704	125	PC	2.39715442079724
704	136	PC	.707179165405133
704	211	PC	7370.81932744494
704	213	PC	3.16314537950253
704	214	PC	.770170490838131
704	215	PC	1.08015850320594
704	219	PC	5.89188504222604
704	220	PC	2.09693447143462
704	221	PC	2.85138420417068
704	230	PC	4668.44995218635
704	231	PC	4.98065554475574
704	235	PC	1313.23134068456
704	236	PC	2.62455099608309
704	301	PC	3.95828974647858
704	302	PC	3.44079905235021
704	303	PC	1.26631000980419
704	304	PC	2.66456301115766
704	305	PC	186.3445434786
704	306	PC	1.4992322285223
704	307	PC	.985288573257656
704	309	PC	6564.4698173692
704	311	PC	.563756418437859
704	403	PC	1.8427128966424
704	412	PC	5795.21957378936
704	415	PC	.930580208969969
704	417	PC	1.07706344605681
704	425	PC	.408580678951405
704	427	PC	1.37093840550484
704	428	PC	1.28238075267132
704	501	PC	4.5073013655965
704	502	PC	1.74417238970844
704	512	PC	1.24847902688605
704	515	PC	.795844219668598
704	532	PC	6.28174038943515
704	534	PC	.973036745366181
704	538	PC	.93912806002434
704	542	PC	1358.4158956587
704	602	PC	2.12526872335407
704	604	PC	.610026466151252
704	620	PC	3.71170216568792
704	623	PC	1.89700921996987
704	624	PC	1.54368911421868
704	626	PC	2927.36842171823
704	704	PC	6.66803648607341
704	706	PC	7.57790853821412
704	709	PC	4334.20465953805
704	711	PC	3.13767997630069
704	716	PC	1.18745799364457
704	719	PC	.665802729490674
704	720	PC	1.26362573594433
704	723	PC	2.46677992503587
704	805	PC	1.46758746154742
704	806	PC	9.38905926430121
704	807	PC	.835744572918356
704	815	PC	1.57485727623473
704	834	PC	1.93763531852606
704	904	PC	2.09735222004354
704	906	PC	1.27923127096751
704	926	PC	2952.51974148061
704	1002	PC	.587246551765683
704	1018	PC	1.48833238947151
704	1032	PC	.871254172504118
704	1071	PC	3.1835766144488
704	1072	PC	.903812004949446
704	1073	PC	.505115498620172
704	1074	PC	2.43864366841252
704	1102	PC	6.36146242079687
704	1106	PC	1.42663288488064
704	1122	PC	3105.5986504781
704	1124	PC	2.50919898576058
704	1149	PC	2.06150296857362
704	1172	PC	2066.13935111361
704	1173	PC	6.59922805312813
704	1219	PC	.855600592512424
704	1224	PC	.875371105532039
704	1231	PC	.926779662471578
704	1246	PC	1.5838360231179
704	1271	PC	6.56166243744366
704	1272	PC	1.06098102934604
704	1273	PC	1.064138710981
704	1274	PC	1106.37112400775
704	1275	PC	1060.41343607216
704	1276	PC	7642.51472574169
704	1277	PC	1.30412251523784
704	1432	PC	1.29352476164991
704	1449	PC	.732271764070165
704	1502	PC	805.156561891608
704	1503	PC	1.49736128054783
704	1504	PC	13.8897710056103
704	1528	PC	1.02459203477516
704	1531	PC	2163.38523636473
704	1554	PC	1.10978952756608
704	1612	PC	.51800192225497
704	1634	PC	1.52198262446769
704	1638	PC	.795562559704397
704	1640	PC	3.52867781935492
704	1671	PC	13.9364321735622
704	1673	PC	1460.90996699477
704	1677	PC	5195.0359148532
704	1702	PC	4.01888259354577
704	1714	PC	4.07912752710101
704	1719	PC	3.97436917276085
704	1804	PC	15.0927745358195
704	1805	PC	652.83820496555
704	1818	PC	1.61044357847276
704	1833	PC	3.30284385035589
704	1837	PC	3.21817484855366
704	1865	PC	1.11487027547222
704	1866	PC	1.99082483811185
704	1870	PC	2.5608202916086
704	1871	PC	1.50185118476181
704	1901	PC	2.65609184767948
704	1931	PC	.737834318858852
704	1971	PC	1071.87513838882
704	1972	PC	4.77128030298466
704	1973	PC	2262.18280183255
704	2003	PC	.901207775883783
704	2004	PC	2.95945158620604
704	2012	PC	2.33557653880684
704	2028	PC	1.176274167152
704	2030	PC	1.86676588819797
709	104	PC	140.917347695433
709	1865	PC	70.1775765216759
822	4001	PC	.906841196822482
1071	301	PC	120.025992848901
1071	709	PC	423.763900753631
1071	805	PC	15.6781831399439
1101	301	PC	78.1668810092287
1101	602	PC	56.9246110878302
1101	706	PC	71.6787897470095
1101	805	PC	345.695555031574
1101	926	PC	632.507940964799
1101	1002	PC	31.6456203668725
1101	1004	PC	2073.80368794791
1101	1101	PC	2069.44455247878
1101	1102	PC	257.196899933499
1101	1106	PC	3868.68163169432
1101	1111	PC	13.7716638755853
1101	1124	PC	3340.87712060807
1101	1130	PC	372.032855872525
1101	1149	PC	8.8797572182391
1101	1172	PC	291.409117276349
1101	1173	PC	113.973991221677
1101	1244	PC	230.211854810288
1101	1271	PC	3578.17570586922
1101	1401	PC	627.793638959813
1101	1504	PC	173.300039952086
1101	1515	PC	559.416937498425
1101	1826	PC	78.7076968705144
1101	1868	PC	2486.38799713451
1101	1971	PC	254.737427649531
1101	4001	PC	36.4975527951427
1101	4002	PC	37.5624857010408
1101	4004	PC	27.7578157120566
1101	4005	PC	32.1583238473152
1101	5101	PC	11469.9666875051
1101	5102	PC	1430.35560629836
1101	5103	PC	165.619425489598
1101	5106	PC	66.2477701958391
1101	5403	PC	16399.1436222862
1101	5404	PC	22291.6459454277
1101	5700	PC	232.281244249161
1101	5760	PC	467.046779880666
1101	5790	PC	674.402300593642
1101	5800	PC	20015.5497742839
1101	5810	PC	11331.6810919983
1101	5820	PC	41.4048563723994
1101	5835	PC	34.7800793528155
1101	5840	PC	1985.03328039983
1101	5841	PC	13249.8985275729
1101	5842	PC	33.1238850979195
1101	5920	PC	772.03495191976
1101	6000	PC	18535.5961186342
1101	6010	PC	597.371049604175
1101	6020	PC	46950.3429380895
1101	6030	PC	1580.34055802174
1111	211	PC	1.94631199003753
1119	1119	PC	39004.8590364198
1124	1101	PC	326.073014951629
1124	1106	PC	360.849115383092
1124	1124	PC	2123.35700597156
1124	1130	PC	770.223015051038
1124	1135	PC	800.3980554914
1124	1159	PC	2643.61226773472
1124	1271	PC	30056.0834883332
1124	1502	PC	1590.95355612084
1124	1671	PC	688.041728622191
1124	1702	PC	528.85179111512
1124	4001	PC	8.34040720475788
1124	5820	PC	24.9544983566356
1124	6000	PC	19.1829365709431
1124	6020	PC	439.180822180936
1127	1106	PC	396.934026921401
1133	1101	PC	.627755368287922
1141	235	PC	16.044669260491
1141	309	PC	27.5596316242206
1141	1172	PC	3.38582384607296
1141	1275	PC	12.2683301948484
1141	5101	PC	24.1755043237112
1141	5102	PC	305.534137131896
1141	5104	PC	4.0167401098114
1141	5106	PC	5.9283614411419
1141	5501	PC	5.83161271756671
1141	5820	PC	153.481841463395
1141	5841	PC	15.9301777610876
1141	5860	PC	277.468666887885
1141	6010	PC	528.219673336049
1141	6020	PC	887.117403845426
1149	104	PC	34649.3738798226
1149	1004	PC	10587.1236641182
1149	1102	PC	156.462997517497
1149	1106	PC	2351.34706627519
1149	1124	PC	33.4238947605496
1149	1172	PC	349.651937727676
1149	1221	PC	3188.30986590816
1149	1224	PC	153.495183551403
1149	1244	PC	13886.7413543487
1149	1271	PC	11322.567880312
1149	1401	PC	1994.42714303277
1149	1411	PC	474.395688666917
1149	1416	PC	35.1188865812827
1149	1439	PC	153.213823022979
1149	1502	PC	174.221461768147
1149	1503	PC	238.89909587494
1149	1504	PC	1685.67617498322
1149	1750	PC	231.699097791214
1149	1804	PC	8.83883193865621
1149	1813	PC	86.6338423722823
1149	1868	PC	2632.16744349341
1149	1901	PC	16521.4019126954
1149	2004	PC	10346.1907411548
1171	4001	PC	81.3690126896179
1171	4004	PC	41.3617474098353
1171	4005	PC	8.82748698551574
1172	1124	PC	548.438104362325
1173	104	PC	994.402231444136
1173	709	PC	950.282413723452
1173	1101	PC	88.2670652823288
1173	1106	PC	378.891571152247
1173	1271	PC	232.270276620024
1173	1671	PC	929.786119759717
1173	6020	PC	24.8477411444147
1219	104	PC	112.499901734114
1219	230	PC	125.778185398171
1219	235	PC	5.04222691111658
1219	627	PC	.837147613165916
1219	1102	PC	5.10438933220615
1219	1149	PC	27.0809099371601
1219	1274	PC	21.386779500815
1219	1504	PC	.953640621045086
1219	1804	PC	26.1898878843693
1219	1805	PC	3.41083260309815
1219	3001	PC	76.6417678852283
1219	5101	PC	92.309830673763
1219	5102	PC	141.95354350572
1219	5104	PC	64.2354439423842
1219	5404	PC	80.1002573130578
1219	5605	PC	49.9300856447553
1219	5800	PC	237.714669620538
1219	5810	PC	33.0262536663986
1219	5820	PC	34.9871669145729
1219	5840	PC	80.5816900575248
1219	5841	PC	251.189367955937
1219	5920	PC	60.5349712301323
1219	6020	PC	411.100856307681
1243	4001	PC	53.8892265591219
1243	5605	PC	562.227429113155
1243	5820	PC	62.0548669944051
1243	6000	PC	36.0594948309685
1243	6010	PC	595.718389159316
1243	6020	PC	390.135598531062
1243	6030	PC	86.2934347041187
1243	6050	PC	16.4962938126142
1244	50	PC	7.08388892630195
1244	58	PC	63.4549768057212
1244	1219	PC	16.4727066394995
1244	5402	PC	8.8940308966464
1244	5403	PC	7.38224565990384
1244	5404	PC	6.36216565451636
1244	5790	PC	14.6244803386761
1244	5800	PC	35.4227782262986
1244	5820	PC	31.3491253943264
1244	5831	PC	120.017746385499
1244	5840	PC	33.175935338615
1244	5880	PC	7.67560200132246
1244	6000	PC	417.28439449144
1244	6010	PC	671.592673350891
1244	6020	PC	2209.81998395859
1244	6050	PC	30.6057337564132
1245	5840	PC	33.4809592617946
1245	5930	PC	35.9661541768808
1245	6020	PC	749.927150496635
1246	105	PC	6.3943918440047
1246	805	PC	18.5922226511065
1246	1106	PC	10.8171402882636
1246	1124	PC	41.2888714914337
1246	1271	PC	4.14814564014071
1246	1971	PC	10.9009995245157
1246	2004	PC	67.0830905340313
1246	2030	PC	2309.20988258894
1246	2303	PC	147.777717920182
1246	4001	PC	78.9128558416092
1246	4004	PC	75.9026197472795
1246	4005	PC	17.7663934271653
1246	5101	PC	4.87204878390131
1246	5201	PC	11.7359204541393
1246	5404	PC	26.6254215785288
1246	5605	PC	30.5007255205645
1246	5790	PC	64.971762434647
1246	5800	PC	202.627558847941
1246	5810	PC	61.024786204651
1246	5820	PC	38.4913522294331
1246	5831	PC	353.711075070714
1246	5860	PC	2.38018667923745
1246	5880	PC	2.6752098180505
1246	5900	PC	30.8474193786047
1246	6000	PC	277.313416497291
1246	6010	PC	2248.76803867409
1246	6020	PC	3289.80302090427
1246	6030	PC	163.156129750586
1246	6050	PC	50.0489253623691
1253	5201	PC	43.0800454562824
1253	5840	PC	41.5032551211573
1253	5842	PC	30.0390226423091
1253	6020	PC	1776.80435565858
1253	6050	PC	310.065985297722
1260	235	PC	14.364287712933
1260	1271	PC	83.9040809580549
1263	805	PC	5.18852725147159
1263	1124	PC	14.6387817105992
1271	50	PC	2030.45758314202
1271	52	PC	86.2517647692581
1271	56	PC	695.644559752429
1271	58	PC	7223.80323318469
1271	62	PC	15.2428621720074
1271	105	PC	10.5050723151506
1271	301	PC	14.424745035412
1271	1106	PC	84.3736942484562
1271	1260	PC	52.4853006535458
1271	1271	PC	59.4567541753501
1271	1439	PC	151.282645926679
1271	1504	PC	122.841950902412
1271	1671	PC	1.15491696637103
1271	1845	PC	16.2196476471685
1271	1971	PC	8.05726051812032
1271	2004	PC	240.932226565887
1271	2012	PC	2.53256180315
1271	2030	PC	583.782081488278
1271	3001	PC	101.98633217262
1271	4001	PC	276.395011132963
1271	4003	PC	2.1401678544404
1271	4004	PC	55.6010274831954
1271	4005	PC	119.766059978941
1271	5101	PC	347.915620530302
1271	5102	PC	211.186563468308
1271	5103	PC	36.6695426773277
1271	5106	PC	141.141069765034
1271	5201	PC	736.64444206047
1271	5403	PC	4028.65596951235
1271	5404	PC	2736.15793157501
1271	5501	PC	218.160443766578
1271	5605	PC	1413.37251818358
1271	5700	PC	652.022805142959
1271	5710	PC	347.645599352405
1271	5720	PC	8.02062906196823
1271	5750	PC	5748.11749441056
1271	5790	PC	6616.10390435425
1271	5800	PC	18889.1031485196
1271	5810	PC	1516.63395036294
1271	5820	PC	1701.00341055236
1271	5831	PC	3410.16079395824
1271	5835	PC	3395.74299649647
1271	5840	PC	36.9595654239575
1271	5841	PC	1874.41034427865
1271	5842	PC	981.366969104589
1271	5860	PC	174.081986671036
1271	5880	PC	73.0540630002089
1271	5900	PC	4832.387339901
1271	5920	PC	4118.53468541188
1271	6000	PC	7076.70169593719
1271	6010	PC	4364.39063468421
1271	6020	PC	47213.4446408577
1271	6030	PC	4885.48150410298
1271	6040	PC	453.638912461221
1271	6050	PC	2134.22072133709
1272	6030	PC	55.2076632981113
1273	52	PC	140.129323746619
1273	58	PC	45.8052591961656
1273	4001	PC	82.1264412180587
1273	4004	PC	23.4018354177128
1273	4005	PC	104.281512184742
1273	5605	PC	60.0047061992635
1273	5760	PC	3.93030825605176
1273	5800	PC	196.322064304835
1273	5810	PC	97.4626440441538
1273	5820	PC	44.8368499100052
1273	5920	PC	551.8116121954
1273	6010	PC	31.1541100991787
1273	6020	PC	842.589418044848
1275	5840	PC	33.0825946845273
1275	5841	PC	35.0027452829037
1275	6020	PC	418.039453711114
1276	4001	PC	40.3431641346382
1277	4001	PC	6.97054670348111
1277	4005	PC	30.1807004208351
1277	5820	PC	33.2726095874916
1277	5920	PC	128.050043029228
1277	6020	PC	72.4190131929334
1401	54	PC	19.8281293975577
1401	58	PC	721.008466726171
1401	1251	PC	60.5283952253726
1401	1271	PC	22.9002284158953
1401	1439	PC	9.77130014870637
1401	1503	PC	176.616210742371
1401	1971	PC	701.733154991899
1401	4001	PC	129.737653773709
1401	4005	PC	98.5093513932319
1401	5101	PC	74.2493346491169
1401	5201	PC	58.6367857319612
1401	5605	PC	90.6630201075881
1401	5700	PC	31.3292455846824
1401	5800	PC	92.8228842229746
1401	5820	PC	28.8633473105134
1401	5831	PC	180.289369530714
1401	5840	PC	11.4882980024637
1401	5842	PC	148.086885115998
1401	5860	PC	90.0637699746841
1401	5900	PC	32.3498935383183
1401	6010	PC	135.209416350893
1401	6020	PC	4099.66243196594
1401	6030	PC	72.7880615977575
1401	6050	PC	150.946942568494
1411	230	PC	1.41364490073077
1411	309	PC	6.70937243766093
1411	6020	PC	1744.490294427
1416	50	PC	.721673657214122
1416	58	PC	2.08519949137474
1416	4001	PC	12.7659094819986
1416	5106	PC	14.3585466343325
1416	5403	PC	630.103456365282
1416	5404	PC	3.04164098377374
1416	5605	PC	1674.66184259523
1416	5790	PC	17.6647807227218
1416	5800	PC	36.3716765051987
1416	5920	PC	117.552749813404
1416	6000	PC	13.6673669753969
1416	6010	PC	429.758030730012
1416	6020	PC	1842.11884980335
1416	6030	PC	4034.11251712884
1416	6050	PC	84.8080069155237
1428	309	PC	866.403173024489
1428	1271	PC	3835.7026600549
1428	1432	PC	60.5041763155534
1428	1534	PC	279.892930755452
1428	5403	PC	36.2056016034491
1428	5404	PC	17.9330870442084
1432	1438	PC	1.9546853440444
1438	104	PC	122.419142569824
1438	5810	PC	13.1706847392262
1439	50	PC	1.08689594209421
1439	58	PC	2839.59077241124
1439	106	PC	378.902830504406
1439	1106	PC	200.546664288808
1439	1149	PC	678.109141518343
1439	1271	PC	1567.72150840322
1439	1401	PC	264.854940336329
1439	1439	PC	3661.82455847324
1439	1441	PC	489.804143974225
1439	1504	PC	416.668422805659
1439	1517	PC	999.365116979539
1439	1671	PC	24.0976502613697
1439	1702	PC	85.2495903369984
1439	1804	PC	652.502713136046
1439	1813	PC	2.19902945837547
1439	1820	PC	2.07511496411866
1439	1865	PC	105.334056373106
1439	1868	PC	68.267222414309
1439	1870	PC	24.3442132591602
1439	1901	PC	3.74568646288451
1439	1931	PC	4.99701658535329
1439	1971	PC	1065.8045586458
1439	2014	PC	35.7229895550791
1439	2019	PC	4.79608291591388
1439	2023	PC	45.9151807131414
1439	2028	PC	685.717256407968
1439	2030	PC	479.336924337886
1439	4001	PC	928.260282592788
1439	4002	PC	2.15780812033409
1439	4004	PC	17.0147166229307
1439	4005	PC	39.2433370151427
1439	5101	PC	27624.238777624
1439	5102	PC	3271.17477374745
1439	5103	PC	139.058745532641
1439	5104	PC	73.5253137299023
1439	5106	PC	356.949414394821
1439	5201	PC	1883.81444034322
1439	5302	PC	176.23857863419
1439	5402	PC	16.2714716037045
1439	5403	PC	12390.8471028262
1439	5404	PC	6962.95430143957
1439	5501	PC	1430.79301492559
1439	5605	PC	3255.64974391574
1439	5700	PC	419.533841766437
1439	5710	PC	38.2747209255705
1439	5720	PC	160.796664374526
1439	5730	PC	955.029890296014
1439	5750	PC	1220.16856511158
1439	5760	PC	2349.24566001736
1439	5770	PC	110.287970594854
1439	5790	PC	21965.9512089119
1439	5800	PC	17777.8246654986
1439	5810	PC	1773.93725247943
1439	5820	PC	261.628640273159
1439	5830	PC	1785.32248747286
1439	5831	PC	2409.78416561562
1439	5835	PC	28160.7705740513
1439	5840	PC	1344.83233291702
1439	5841	PC	28857.0313194277
1439	5842	PC	783.69193365956
1439	5860	PC	33.9143501461102
1439	5900	PC	17493.4431373788
1439	5920	PC	22097.8460314851
1439	5930	PC	147.424647533996
1439	6000	PC	65342.2963561926
1439	6010	PC	12346.199655252
1439	6020	PC	149342.80309098
1439	6030	PC	4901.29651257119
1439	6040	PC	624.00614087291
1439	6050	PC	62.6563543089602
1441	5101	PC	57.1978989527077
1441	5102	PC	15.5633908649578
1441	5605	PC	1489.73154576203
1441	5700	PC	35.2138301474669
1441	5800	PC	76.3048902641697
1441	5841	PC	2.09227468853135
1441	5850	PC	1271.70181815432
1441	6000	PC	43.1561624066818
1441	6020	PC	3256.69028694266
1441	6030	PC	1894.97430426631
1444	4004	PC	23.5041247477873
1444	5605	PC	129.784965744361
1444	6020	PC	872.998017442839
1449	50	PC	168.657479438083
1449	58	PC	.986198229811951
1449	59	PC	48.7376927446127
1449	62	PC	1.04214140330209
1449	3001	PC	1.47050627459805
1449	4001	PC	159.844032048808
1449	5101	PC	166.782583937971
1449	5102	PC	990.16699837698
1449	5103	PC	61.0579779235276
1449	5104	PC	221.424679050372
1449	5201	PC	340.740279470149
1449	5204	PC	7.19269373444697
1449	5402	PC	61.6973284777007
1449	5404	PC	47.9209224116566
1449	5501	PC	197.974899099689
1449	5605	PC	270.943977847461
1449	5800	PC	675.245292660725
1449	5810	PC	30.0526727989049
1449	5820	PC	10.8577707862441
1449	5831	PC	414.494161023168
1449	5840	PC	82.6136818574724
1449	5900	PC	1180.71743916633
1449	6000	PC	126.466736368203
1449	6010	PC	389.035221955997
1449	6020	PC	10350.5292370798
1449	6030	PC	12.8125851056282
1503	1124	PC	3614.88603193503
1503	1244	PC	1963.08724172623
1503	1502	PC	3943.50554506103
1503	1503	PC	10806.9614385446
1503	1504	PC	1894.97529598914
1503	1702	PC	9.73709449136554
1503	1750	PC	52.5114859633021
1503	1804	PC	118.602666973826
1503	1820	PC	1091.0470480649
1503	1860	PC	638.74197441894
1503	1865	PC	607.040453307393
1503	1866	PC	10353.0207936989
1503	1868	PC	1095.72620146522
1503	1971	PC	176.682191975691
1504	50	PC	2.55205904898221
1504	58	PC	102.665219316282
1504	105	PC	7.81535954272886
1504	211	PC	22.174993246972
1504	219	PC	5.82397412553314
1504	228	PC	59.25802477616
1504	230	PC	9.67740341327827
1504	231	PC	2.48686890826683
1504	301	PC	3.970133798069
1504	302	PC	1.58425119545791
1504	303	PC	4.21060508512544
1504	304	PC	1.25766845832306
1504	305	PC	2.5716463696107
1504	306	PC	22.5940848828745
1504	310	PC	2.3484940930474
1504	412	PC	1.14229360113714
1504	604	PC	1.68421858832529
1504	1071	PC	.912646839695704
1504	1101	PC	1122.50347285572
1504	1102	PC	1.23136420219143
1504	1106	PC	389.167361519878
1504	1119	PC	6.19840463383876
1504	1120	PC	3.96691545736658
1504	1124	PC	1376.42518205064
1504	1135	PC	.976102460666044
1504	1149	PC	1.1061412022401
1504	1154	PC	.970355759965203
1504	1172	PC	46.3629447479492
1504	1173	PC	1.48686445203809
1504	1211	PC	1.6853811236359
1504	1221	PC	3940.88574144736
1504	1224	PC	1.67271877505186
1504	1228	PC	4.43390715268335
1504	1232	PC	.783548589564255
1504	1238	PC	7.15557768825986
1504	1244	PC	78.7063410112443
1504	1247	PC	.861218030781908
1504	1263	PC	1.73230965517373
1504	1271	PC	11924.0770394827
1504	1273	PC	6.6575717910287
1504	1275	PC	3.46283224849893
1504	1277	PC	188.973869882116
1504	1401	PC	1343.15599155317
1504	1438	PC	243.562639498285
1504	1439	PC	91.9386269080963
1504	1502	PC	3251.50615691094
1504	1503	PC	1715.2816648664
1504	1504	PC	42719.5789087686
1504	1511	PC	1730.7696391672
1504	1514	PC	28.5978024734082
1504	1517	PC	1182.78601718306
1504	1520	PC	1430.31342507378
1504	1525	PC	2.02151344811916
1504	1531	PC	54.8610929853274
1504	1534	PC	330.367321737951
1504	1563	PC	1486.93554026034
1504	1671	PC	1050.51547934956
1504	1677	PC	2.08563036032521
1504	1702	PC	194.581595002896
1504	1703	PC	233.337971737371
1504	1750	PC	1840.7528644448
1504	1804	PC	590.158260749797
1504	1805	PC	307.615705427834
1504	1813	PC	3.96026596201231
1504	1820	PC	15.9119231015142
1504	1824	PC	15.329468047043
1504	1851	PC	12.5630704404452
1504	1860	PC	666.670467754637
1504	1865	PC	454.601278691404
1504	1866	PC	332.905979609297
1504	1868	PC	1480.28662682753
1504	1870	PC	425.662307887578
1504	1901	PC	523.349758212458
1504	1931	PC	166.415458780114
1504	1941	PC	8.35475359881486
1504	1971	PC	1962.9944285708
1504	1972	PC	1.05046458650699
1504	2002	PC	1.87762009011415
1504	2003	PC	1.23653092416215
1504	2004	PC	142.114215108151
1504	2012	PC	9.2685369897813
1504	2014	PC	215.583267669166
1504	2018	PC	9.73563544750317
1504	2019	PC	15.1758321904802
1504	2022	PC	4.47224158896484
1504	2028	PC	5.36897972107534
1504	2030	PC	8.99386565573117
1504	2301	PC	19603.3523209698
1504	4001	PC	3888.3747941691
1504	4002	PC	16.1355991484036
1504	4004	PC	92.1425035859298
1504	4005	PC	208.860512568704
1504	5101	PC	6999.19153027375
1504	5102	PC	308.285440137633
1504	5104	PC	44.3416143536387
1504	5106	PC	69.6349892636159
1504	5201	PC	873.877706042196
1504	5204	PC	75.2511656610856
1504	5302	PC	591.373001768411
1504	5403	PC	11265.3583276468
1504	5404	PC	451.370335320666
1504	5501	PC	38.1804498624828
1504	5605	PC	10065.8049571603
1504	5700	PC	1129.96448293474
1504	5710	PC	1542.29819374423
1504	5720	PC	4.16561896382257
1504	5730	PC	173.869313272594
1504	5750	PC	890.923813999688
1504	5760	PC	97.8014887158342
1504	5770	PC	17.2881419447182
1504	5790	PC	7498.45825122981
1504	5800	PC	19813.1574002297
1504	5810	PC	158.721607949603
1504	5820	PC	922.8854722312
1504	5831	PC	52.934644145018
1504	5835	PC	8291.22822771593
1504	5840	PC	2518.24015035892
1504	5841	PC	877.28429325016
1504	5842	PC	36.2227735984571
1504	5850	PC	241.617425329672
1504	5860	PC	2.46973456353117
1504	5880	PC	18.6464959546603
1504	5890	PC	23.5448028389971
1504	5900	PC	947.456038158917
1504	5920	PC	25462.964996496
1504	6000	PC	28691.4003714543
1504	6010	PC	3363.68627210575
1504	6020	PC	127372.404374095
1504	6030	PC	3901.98303161417
1504	6040	PC	255.996219958551
1511	50	PC	385.422220289976
1511	52	PC	134.105657906521
1511	56	PC	49.3704224030981
1511	58	PC	3261.53028195057
1511	5102	PC	138.561988139221
1511	5201	PC	75.4198163289433
1511	5204	PC	35.0789843390434
1511	5404	PC	43.5158048779939
1511	5605	PC	373.550582534494
1511	5800	PC	194.225515371662
1511	5810	PC	35.0789843390434
1511	5820	PC	108.485007122597
1511	5920	PC	141.647639539415
1511	6010	PC	160.354807159852
1511	6020	PC	708.839087706587
1511	6030	PC	8249.16746106127
1511	6050	PC	51.7122694131398
1515	50	PC	7.2204242764531
1515	230	PC	284.715807776185
1515	235	PC	99413.6053614969
1515	305	PC	50.6459759534661
1515	306	PC	25.6062095281564
1515	602	PC	.877668963365338
1515	624	PC	119.183164015064
1515	1245	PC	591.090221763434
1515	1401	PC	1.88619087735292
1515	1439	PC	811.464205144231
1515	1504	PC	1651.0167885609
1515	1511	PC	403.570766592079
1515	1525	PC	2019.75702108284
1515	1529	PC	5.59918451675356
1515	1531	PC	123.808253634534
1515	1532	PC	1009.74869284119
1515	1545	PC	92.9728397050692
1515	1547	PC	289.825742079477
1515	1671	PC	57.7551268001738
1515	3001	PC	40.1264604189391
1515	4001	PC	636.220718043609
1515	4002	PC	80.905779713077
1515	4005	PC	38.2637013894538
1515	5101	PC	65.544107821271
1515	5102	PC	71.0511835570902
1515	5204	PC	48.0890650584914
1515	5402	PC	3.1181319412483
1515	5403	PC	491.209718477983
1515	5605	PC	2102.88279742133
1515	5700	PC	386.703577634582
1515	5710	PC	223.85913700289
1515	5730	PC	163.701926915536
1515	5790	PC	19.2788251429993
1515	5800	PC	72.2675798195876
1515	5810	PC	8.49041343169069
1515	5820	PC	68.6232631132537
1515	5840	PC	72.7742762600405
1515	5841	PC	935.166745829632
1515	5850	PC	306.442536661441
1515	5860	PC	51.449177030597
1515	5900	PC	26.6502839353566
1515	5920	PC	125.12803635901
1515	5930	PC	1352.10158705085
1515	6010	PC	317.633707081827
1515	6020	PC	7357.37847781012
1515	6030	PC	1372.89887748815
1515	6040	PC	52.9936267577466
1515	6050	PC	19.5922623641768
1517	626	PC	.818943407205985
1517	1119	PC	3.87225542465713
1517	1677	PC	5.54074256671628
1517	1719	PC	8.21351940192355
1517	1804	PC	7.82956322275933
1520	6050	PC	10.9557603684935
1525	58	PC	97.4590188563581
1525	104	PC	116.171452933504
1525	214	PC	1769.48230649705
1525	227	PC	2.6892075497323
1525	230	PC	1.40833479028467
1525	231	PC	107.516392022428
1525	305	PC	34.4120879959689
1525	306	PC	14.381277116376
1525	310	PC	49.7605698868304
1525	906	PC	2.32021164294192
1525	1124	PC	1137.17546061773
1525	1271	PC	46.26989448171
1525	1274	PC	6.9509057503416
1525	1277	PC	1046.24596731451
1525	1401	PC	74.8938064153081
1525	1503	PC	75.0648368432445
1525	1504	PC	381.711045141001
1525	1515	PC	1.4458223870996
1525	1525	PC	21.1093521535867
1525	1526	PC	1.14663403545744
1525	1531	PC	4.55895967109797
1525	1547	PC	4.78292525073512
1525	1653	PC	500.436399457702
1525	1671	PC	207.834834933306
1525	1674	PC	1.42200458137588
1525	1677	PC	1535.91388602166
1525	1804	PC	1.1498036285862
1525	1805	PC	371.206583933546
1525	1860	PC	169.908333837921
1525	1926	PC	10.2518496010969
1525	1972	PC	1.32729590844953
1525	5101	PC	634.802460823254
1525	5102	PC	73.3511165368758
1525	5104	PC	35.5641777148489
1525	5106	PC	46.4573536297304
1525	5201	PC	800.765330513128
1525	5402	PC	57.0821517220414
1525	5501	PC	32.091730918524
1525	5700	PC	71.6140698938588
1525	5720	PC	13.3826683549209
1525	5790	PC	42.8400157390116
1525	5800	PC	68.7574102487077
1525	5820	PC	456.224186982858
1525	5860	PC	42.1995312422025
1525	5880	PC	152.92596417385
1525	5920	PC	742.125599526354
1525	6000	PC	82.3310714098752
1525	6010	PC	419.276957912433
1525	6020	PC	1049.28319421331
1525	6030	PC	3895.99804152188
1525	6040	PC	43.4376915033863
1525	6050	PC	1874.91051933265
1531	826	PC	4421.09389560098
1531	1271	PC	9.56108081202421
1531	1426	PC	29.8451615418036
1531	1503	PC	25.838257823816
1531	1504	PC	3478.04749368871
1531	1515	PC	66.73668100854
1531	1531	PC	19584.6451551184
1531	1532	PC	53.1111689373662
1531	5404	PC	38.5278591910862
1531	5790	PC	2278.74175728476
1531	5820	PC	90.095916877617
1531	5831	PC	64.2130986518103
1531	5835	PC	1608.85095427256
1531	5860	PC	1.33201017459781
1531	5900	PC	295.281464415786
1531	5920	PC	97.307541803128
1531	6000	PC	5109.15635647403
1531	6010	PC	378.783190008776
1531	6020	PC	39583.7201116871
1531	6030	PC	307.893575586886
1532	58	PC	27.5968140128973
1532	5102	PC	176.042679688502
1532	5800	PC	7.37627389641309
1532	5920	PC	34.1152667709105
1532	6010	PC	67.2162958810644
1532	6030	PC	4883.44896120264
1532	6050	PC	529.395836141452
1545	5403	PC	68.2960095817953
1545	5605	PC	1341.20516664463
1545	5750	PC	497.585212667366
1545	5800	PC	952.750472907105
1545	5810	PC	149.21051998156
1545	5820	PC	482.114540401623
1545	5840	PC	71.5482005142617
1545	5920	PC	502.944823324071
1545	6000	PC	307.332043118079
1545	6020	PC	198.383646880453
1547	6020	PC	691.741011335612
1547	6030	PC	179.719323119028
1548	50	PC	18.4122789641588
1548	56	PC	838.3497785712
1548	58	PC	44.2590663999358
1548	538	PC	48.5413991099329
1548	545	PC	193.782571034101
1548	719	PC	32.1986528705013
1548	1026	PC	37.4992371329536
1548	1106	PC	354.563487748298
1548	1221	PC	151.33938346945
1548	1417	PC	48.7446167046608
1548	1502	PC	15.6084153508394
1548	1528	PC	432.386489541952
1548	1636	PC	37.0112665752389
1548	1702	PC	1329.46141323191
1548	1822	PC	33.1760128452603
1548	1824	PC	33.4005793543296
1548	1867	PC	250.547130733955
1548	3001	PC	32.879479795858
1548	4001	PC	798.595047621292
1548	4002	PC	6.69401637071427
1548	4004	PC	56.2840602701104
1548	4005	PC	274.892095717966
1548	5101	PC	2408.6132569713
1548	5102	PC	113.007130521344
1548	5103	PC	100.850440815784
1548	5106	PC	238.265264285289
1548	5201	PC	458.793079224906
1548	5204	PC	15.4804288385403
1548	5402	PC	35.4976640278712
1548	5403	PC	1411.07523663774
1548	5404	PC	3079.18900971842
1548	5501	PC	46.5339739571961
1548	5605	PC	11468.2821899297
1548	5700	PC	564.14617838669
1548	5710	PC	2080.71435839631
1548	5720	PC	106.065328975994
1548	5730	PC	271.167679949052
1548	5750	PC	225.702050713171
1548	5760	PC	851.896779900389
1548	5790	PC	2075.13685094713
1548	5800	PC	4354.50641416675
1548	5820	PC	75.8963797909694
1548	5831	PC	1048.35675584429
1548	5835	PC	1887.57161720352
1548	5840	PC	446.447762445263
1548	5841	PC	1451.92438084498
1548	5842	PC	279.851029738737
1548	5850	PC	300.699199711313
1548	5900	PC	214.514513905487
1548	5920	PC	8704.64838810211
1548	6000	PC	3958.46923727018
1548	6010	PC	1156.4677129168
1548	6020	PC	57856.790525003
1548	6030	PC	1775.38891708356
1548	6040	PC	64.403137035633
1548	6050	PC	5.67832536808641
1554	50	PC	8.6251618411284
1554	54	PC	2.23403148256931
1554	58	PC	3.5351706976921
1554	62	PC	2.12764903101839
1554	137	PC	26.0335618133456
1554	211	PC	265.382130536891
1554	301	PC	15.0222876866959
1554	306	PC	48.0713205974268
1554	309	PC	150.222876866959
1554	822	PC	87.8661540009549
1554	1071	PC	185.154420184456
1554	1106	PC	101.966501768459
1554	1119	PC	28.9347870873225
1554	1124	PC	28841.6895945191
1554	1221	PC	156.972558581605
1554	1244	PC	5628.01674999831
1554	1263	PC	177.601579622371
1554	1271	PC	1798.5113132373
1554	1401	PC	278.774612704764
1554	1416	PC	733.355665711875
1554	1439	PC	1258.93215931479
1554	1502	PC	19386.5517506314
1554	1503	PC	170915.96471252
1554	1504	PC	5054.11989650005
1554	1515	PC	49.7534825044143
1554	1520	PC	119.501699128729
1554	1554	PC	4508.74286397599
1554	1671	PC	359.545958805764
1554	1702	PC	35569.6061769583
1554	1703	PC	15859.2614464373
1554	1719	PC	313.139006095896
1554	1750	PC	8058.93775078798
1554	1804	PC	4122.23336178694
1554	1813	PC	169.37393328753
1554	1820	PC	4637.49366542936
1554	1837	PC	557.047024378893
1554	1865	PC	472.68216630869
1554	1866	PC	30358.4406228718
1554	1901	PC	10.6442349177992
1554	1971	PC	1487.53522567034
1554	2030	PC	6.75902544646768
1554	3001	PC	17.0244655543487
1554	4001	PC	308.84953334263
1554	4004	PC	1.49753758721679
1554	4005	PC	3.82322164342997
1554	5501	PC	.98362851357081
1554	5605	PC	42.6266300099031
1554	5810	PC	252.823624396613
1554	5860	PC	388.500529798454
1554	6010	PC	54.1732176359298
1554	6050	PC	1.29622925582044
1557	1401	PC	153.887106439466
1557	1502	PC	2457.26120761964
1557	1503	PC	92.4620938260064
1557	1504	PC	387.899276204119
1557	1702	PC	36.590681098126
1557	1703	PC	18.0052301736064
1563	1124	PC	256.373599741601
1563	1244	PC	6241.41902081342
1563	1502	PC	724.513969826007
1563	1503	PC	24320.4111573226
1563	1504	PC	480.192318014165
1563	1563	PC	1.10620654857566
1563	1702	PC	3547.30502658267
1563	1703	PC	130.670838272375
1563	1719	PC	4.06237105328423
1563	1804	PC	210.497254342271
1563	1820	PC	1119.21328276242
1563	1865	PC	560.85214872977
1563	1866	PC	1117.39815166966
1563	1901	PC	7.61332036671648
1569	1124	PC	1278.92073111894
1569	1244	PC	885.6079661019
1569	1401	PC	134.14240200845
1569	1502	PC	2909.16099421976
1569	1503	PC	240.161073280096
1569	1504	PC	294.091982508436
1569	1702	PC	2807.20434186068
1569	1750	PC	78.7672289449532
1569	1820	PC	749.596443653894
1569	1837	PC	744.829844814312
1569	1866	PC	7446.75363337127
1569	1868	PC	1076.50293477285
1573	5101	PC	244.515973257037
1573	5102	PC	316.332311319411
1573	5201	PC	34.0423844962943
1573	5403	PC	7210.50436693528
1573	5404	PC	1867.74851861399
1573	5501	PC	8.51059612407357
1573	5750	PC	305.46493473021
1573	5800	PC	4068.88327385756
1573	5841	PC	53.0275604653814
1573	5920	PC	478.721031979138
1573	6000	PC	1725.85069477607
1573	6020	PC	7258.42556972622
1573	6040	PC	32.7330620156676
1612	1101	PC	46.0556556206058
1612	1244	PC	1039.76263889812
1612	1504	PC	1004.36119510917
1612	1833	PC	86.9026505367864
1612	1866	PC	5563.92895379406
1617	52	PC	26.9113108915268
1617	58	PC	68.5085841787552
1617	235	PC	1252.73351751762
1617	305	PC	54.6414832296831
1617	402	PC	36.7724203649959
1617	720	PC	111.671195621178
1617	1124	PC	46.4182592821767
1617	1244	PC	59.3585689093594
1617	1245	PC	42.1665086437698
1617	1271	PC	8.68806009659395
1617	1401	PC	4.59640632773269
1617	1502	PC	20.0863799179032
1617	1503	PC	13501.629242141
1617	1504	PC	74.5013429804727
1617	1520	PC	39.617497278836
1617	1671	PC	3.04543220216182
1617	1702	PC	3932.2507643606
1617	1866	PC	1233.99141204719
1617	1870	PC	46.9106092871109
1617	4001	PC	41.8635090653737
1617	4005	PC	5.68024781322321
1617	5101	PC	615.723980208035
1617	5605	PC	303.945347616209
1617	5800	PC	94.2573872936602
1617	5810	PC	65.7817345007334
1617	5820	PC	119.847441124702
1617	5841	PC	19.440172719724
1617	5900	PC	127.991610114549
1617	5920	PC	1.90168412960893
1617	6010	PC	31.8540359901364
1617	6020	PC	261.202102936094
1617	6030	PC	919.917373580278
1620	301	PC	833.443508064399
1620	1274	PC	1.31875606939879
1620	1620	PC	112048.018770939
1620	1677	PC	20.0311918809829
1620	1971	PC	8.86828168261529
1620	6020	PC	2.9748954340578
1632	1525	PC	62.079383270607
1640	62	PC	1.61569726742757
1663	5102	PC	188.035863669675
1663	5403	PC	82.8195606666641
1663	5800	PC	135.895001406025
1663	5850	PC	285.510410221414
1663	6020	PC	365.314132544474
1671	1102	PC	123.168787340066
1671	1124	PC	11.7004805015484
1671	1130	PC	8.06899065950836
1671	1271	PC	351.90591296938
1671	1401	PC	8.35642690271109
1671	1416	PC	13.8753435998767
1671	1439	PC	2.02107524786078
1671	1502	PC	44.1018288222701
1671	1503	PC	20.6006055851791
1671	1504	PC	36.6803146876869
1671	1531	PC	1288.0193627623
1671	1703	PC	49.5947546955312
1671	1750	PC	114.744450631692
1671	1804	PC	750.96995605334
1671	1805	PC	201.153080413651
1671	1813	PC	3.11353957573214
1671	1820	PC	193.543176593366
1671	1860	PC	375.410183165706
1671	1865	PC	364.032900054864
1671	1868	PC	5.38787285318477
1671	1870	PC	83.4514928549601
1671	1901	PC	211.522769573763
1671	1931	PC	604.431924624539
1671	1971	PC	11470.0798544178
1671	2003	PC	132.478998469539
1671	2004	PC	31.9291661768592
1671	2012	PC	7.05974051513964
1671	2014	PC	44.6869447836453
1671	2028	PC	7.22308690418117
1671	2030	PC	23.3284866013326
1675	1251	PC	55.6425174955659
1675	1271	PC	63.6913045608644
1675	1416	PC	20.4661318098182
1675	1503	PC	98.9504497779913
1675	1702	PC	181.053873458213
1675	1719	PC	40.0302153120927
1675	1750	PC	128.855418670541
1675	1804	PC	558.016109693728
1675	1805	PC	9.0328744179645
1675	1820	PC	42.5794988505404
1675	1860	PC	268.276616743417
1675	1870	PC	77.6292956790326
1675	1901	PC	358.489888693196
1675	1931	PC	397.616459120912
1675	1941	PC	7.20456688543267
1675	1971	PC	10409.9114416322
1675	2012	PC	205.614942503442
1675	2014	PC	39.9830558590511
1675	2018	PC	4.4526582262971
1675	2025	PC	722.422641607236
1675	2030	PC	63.7962694811953
1750	50	PC	3.49430447092011
1750	4001	PC	49.4085269097501
1750	5102	PC	31.1239272160696
1750	5403	PC	72.3976994416508
1750	5605	PC	1.54002508017889
1750	5700	PC	27.4107270659996
1750	5710	PC	654.629423669558
1750	5790	PC	43.6656812072683
1750	5800	PC	564.737958538313
1750	5831	PC	404.311863030262
1750	5835	PC	3247.14177931768
1750	5920	PC	2542.36798114766
1750	6000	PC	3083.3016744382
1750	6020	PC	1306.61303050745
1750	6030	PC	154.356565820241
1804	235	PC	331.858674491017
1804	309	PC	7.199881018401
1804	1172	PC	16.9072834132155
1804	1275	PC	11.3876434144802
1804	1677	PC	52.3727258961243
1804	1971	PC	4.68404273784091
1804	5700	PC	30.596714925893
1804	5880	PC	28.1389460220097
1804	5900	PC	31.0821202393656
1804	6020	PC	451.548292857936
1805	1503	PC	34.5431477897836
1805	1866	PC	38.7537865552346
1813	1502	PC	103.030363127036
1813	1820	PC	46.2250363461296
1818	1845	PC	89821.6227146578
1834	4001	PC	95.157882783265
1834	4004	PC	2.8523874585321
1834	5700	PC	58.444380340814
1834	5831	PC	30.9432105025297
1834	6020	PC	182.404185562501
1835	1627	PC	4716.74834098094
1835	1834	PC	6242.67128484232
1835	5404	PC	38.6390637239811
1835	5800	PC	1200.84713016118
1835	5840	PC	183.607461616436
1835	5841	PC	337.939999848946
1835	6030	PC	12.2053419654163
1841	1804	PC	1.32069387423273
1841	1974	PC	1.39049467276046
1848	5201	PC	2.17785183978064
1848	5700	PC	465.299825388617
1848	5800	PC	245.911185858381
1848	5810	PC	29.7601997690084
1848	5831	PC	302.399420204905
1848	5842	PC	32.921806377427
1848	5920	PC	93.3725660995997
1848	6000	PC	64.3242941236845
1848	6010	PC	126.561345399437
1848	6020	PC	1752.22419066214
1851	58	PC	22.7878775185797
1851	101	PC	1.78830494979143
1851	625	PC	2.02173535687504
1851	3001	PC	14.2289179387277
1851	4001	PC	698.573321286692
1851	4005	PC	37.6480055928919
1851	5102	PC	46.9505572278017
1851	5201	PC	24.79444408744
1851	5204	PC	3.22923549656203
1851	5403	PC	657.670271102166
1851	5404	PC	3479.64094345398
1851	5605	PC	762.074204836953
1851	5710	PC	580.037561589781
1851	5730	PC	26.9367043383487
1851	5760	PC	2.53521923184458
1851	5790	PC	40.1071682477812
1851	5800	PC	63.3804807961145
1851	5810	PC	1.14084865433006
1851	5820	PC	130.212028771577
1851	5830	PC	125.620112937899
1851	5835	PC	190.141442388343
1851	5840	PC	52.7151303901483
1851	5841	PC	274.144347123494
1851	5900	PC	125.011660322256
1851	5920	PC	311.458020680186
1851	6000	PC	242.053225184401
1851	6010	PC	576.977868879348
1851	6020	PC	14254.5109768732
1851	6030	PC	311.410485319589
1851	6040	PC	185.200933910286
1856	4002	PC	32.4919465397009
1857	1804	PC	.959791336296883
1857	1874	PC	1.90970599190232
1857	5605	PC	459.238851538808
1857	5800	PC	29.9776887717479
1857	5835	PC	19650.9229691378
1857	5920	PC	4301.37929578449
1859	101	PC	62.777138620539
1859	104	PC	259.965969691597
1859	235	PC	30.5607205791668
1859	303	PC	13.3139569630836
1859	305	PC	144.974198042466
1859	306	PC	871.924532466717
1859	309	PC	1.47932855145373
1859	1074	PC	8.0020088229092
1859	1273	PC	197.476592998327
1859	1504	PC	40.3983285637949
1859	1671	PC	19.9595455720201
1859	1871	PC	1.02183650090506
1859	1971	PC	959.362460735532
1859	1972	PC	232.903242432368
1859	2028	PC	524.254713636763
1860	1504	PC	18968.1552280823
1860	1866	PC	2097.95279504731
1860	2004	PC	109.835684249098
1860	2028	PC	1.75001573460054
1860	5710	PC	40.2184540650643
1860	5880	PC	9.91197773904566
1865	55	PC	51.0910072077638
1865	1106	PC	9.1521452602699
1865	1422	PC	184.95848812376
1865	1439	PC	229.338941952623
1865	1804	PC	17836.8767615251
1865	1805	PC	1.22501827572769
1865	1834	PC	99.2060840735913
1865	1860	PC	17.8547926133047
1865	1865	PC	546.099121256598
1865	1868	PC	133.232923109525
1865	2018	PC	1174.0894692269
1865	2028	PC	250.002247800078
1865	4001	PC	492.697820296953
1865	5403	PC	1.93404443688696
1865	5710	PC	26.2030787124235
1865	5840	PC	145.240290395421
1865	5841	PC	148.655490530224
1865	5842	PC	81.7987977544365
1866	58	PC	177.538960099919
1866	104	PC	15.6368742822401
1866	106	PC	.940388066306538
1866	211	PC	796.024636584497
1866	213	PC	42.3046450903345
1866	214	PC	39.5241658551706
1866	215	PC	3.81107268666651
1866	230	PC	7.01185779383667
1866	233	PC	1.5129204277414
1866	235	PC	258.34780275495
1866	306	PC	1.45256052056039
1866	309	PC	1254.03646118549
1866	412	PC	563.020972685689
1866	542	PC	104.723352541541
1866	709	PC	435.553047102602
1866	926	PC	190.876613021581
1866	1102	PC	22.8161135848473
1866	1122	PC	194.772494700371
1866	1124	PC	.651892205006286
1866	1173	PC	9.98711288154812
1866	1271	PC	57.2572963282286
1866	1276	PC	510.89363334491
1866	1277	PC	35.6269309558019
1866	1502	PC	82.8123544231787
1866	1504	PC	81.6309062718436
1866	1531	PC	148.433990452955
1866	1653	PC	16.9203257209808
1866	1671	PC	2.95205012768746
1866	1673	PC	107.135230873037
1866	1677	PC	525.364491499049
1866	1805	PC	4.98279194220329
1866	1901	PC	2.99518689729922
1866	1925	PC	.802412652324819
1866	1971	PC	171.275730930049
1866	1972	PC	2.8623250374653
1866	1973	PC	101.337592412255
1866	4001	PC	20.38171052334
1866	5201	PC	2082.22163974686
1866	5404	PC	8.28826383377744
1866	5700	PC	749.346026181612
1866	5800	PC	250.126820114836
1866	5820	PC	67.8217885472297
1866	5831	PC	1474.47957792288
1866	5900	PC	239.055017057562
1866	5920	PC	62.3506390797941
1866	6000	PC	94.4388827418144
1866	6010	PC	567.22166085884
1866	6020	PC	1486.10936787792
1866	6030	PC	487.493487132184
1867	441	PC	4369.02813410751
1867	1833	PC	191.262644675519
1867	1857	PC	1792.52443406651
1868	59	PC	40.0919181897768
1868	1439	PC	1.95199393752961
1868	1677	PC	1.29942795433296
1868	1971	PC	1.99098132218798
1868	1974	PC	1.76525960252132
1868	2019	PC	1.50614467185352
1868	4001	PC	109.861065022026
1868	5101	PC	96.5173439655626
1868	5403	PC	2619.96912163662
1868	5605	PC	40.4372625161842
1868	5800	PC	30.937095907329
1868	5830	PC	47.2610105953821
1868	6020	PC	15434.1110488196
1868	6030	PC	412.272376628411
1870	50	PC	31.0266296215827
1870	51	PC	7.73827101764714
1870	1271	PC	6.93498428597409
1870	1504	PC	37.9826395600765
1870	1835	PC	.391597102632292
1870	1931	PC	3.56426677782803
1870	1971	PC	16.5124119540764
1870	1973	PC	1.05047415691023
1870	4001	PC	569.515962286592
1870	4005	PC	74.472864463224
1870	5201	PC	165.221679124722
1870	5204	PC	112.635011347567
1870	5403	PC	1641.03946631244
1870	5605	PC	862.524635080006
1870	5700	PC	31.9219667641204
1870	5710	PC	376.997692028752
1870	5800	PC	255.019198072274
1870	5831	PC	1085.20457532708
1870	5840	PC	310.97776948088
1870	5841	PC	57.7252634487914
1870	5842	PC	35.9174087626949
1870	5930	PC	1.46931220355738
1870	6020	PC	17855.5583448944
1870	6030	PC	180.917258996673
1871	1531	PC	82.750679792616
1917	1525	PC	10.9761685852427
1919	1919	PC	16864.0989771116
1923	1525	PC	5.04670023705887
1928	1971	PC	49570.9736710633
1929	231	PC	50.2298804514942
1929	1504	PC	24.7273561655382
1929	1674	PC	7.61799415347187
1929	1901	PC	4.51977606067571
1931	58	PC	189.998900834906
1931	1926	PC	3.25143987117153
1931	1931	PC	16.265773493498
1931	1938	PC	10613.6177651138
1931	1971	PC	2475.11327858457
1931	3001	PC	1.34432118044119
1931	4001	PC	226.554699072516
1931	4004	PC	1.49978689518609
1931	5101	PC	42.4579358860884
1931	5102	PC	2.96405369406882
1931	5201	PC	49.8978555603372
1931	5204	PC	54.8003778299947
1931	5403	PC	82.3134628096938
1931	5404	PC	12.0674779643967
1931	5501	PC	85.2765170885655
1931	5605	PC	1053.24819108771
1931	5700	PC	72.8600140529007
1931	5710	PC	61.5061266815953
1931	5790	PC	27.9918726371974
1931	5800	PC	3.22004746775537
1931	5820	PC	242.517875033996
1931	5840	PC	103.627567607303
1931	5841	PC	166.352482255444
1931	5842	PC	24.4723607549408
1931	5850	PC	56.9900101080684
1931	5920	PC	212.970719469872
1931	6010	PC	146.112873896868
1931	6020	PC	2902.68763945207
1931	6030	PC	1732.58518059539
1936	4001	PC	122.680271391165
1938	1243	PC	1.10735390726182
1938	1439	PC	32.6108919932176
1938	1503	PC	9.59812242213621
1938	1671	PC	2.46616614341704
1938	1804	PC	31.8029572837882
1938	1813	PC	9.28033058658834
1938	1815	PC	4.02146199179056
1938	1828	PC	17.353036569199
1938	1860	PC	1.37905465235416
1938	1874	PC	6.10943380566834
1938	1901	PC	1.69187088962335
1938	1931	PC	2.79779335035387
1938	1941	PC	.857048260711343
1938	1971	PC	2.41942473031435
1938	1974	PC	1.77304810795846
1938	2003	PC	4.17397784771998
1938	2028	PC	1.1561689378448
1973	58	PC	45.0082230101176
1973	1101	PC	467.941036807965
1973	1119	PC	60.0657052541051
1973	1271	PC	921.556804982484
1973	1439	PC	92.4869313477526
1973	1504	PC	23.6969940798755
1973	1515	PC	57.629043719997
1973	1627	PC	13189.6380500957
1973	1971	PC	190.824221761308
1973	3001	PC	70.0349983739152
1973	4001	PC	774.799846978892
1973	4004	PC	1743.72700552206
1973	4005	PC	158.121058137028
1973	5101	PC	2440.5346979813
1973	5102	PC	976.429341496978
1973	5104	PC	38.9977021640789
1973	5201	PC	3338.55753437314
1973	5403	PC	1352.96515512521
1973	5404	PC	70.6784604596225
1973	5501	PC	303.091766123478
1973	5605	PC	2042.09842477942
1973	5700	PC	41.8542838475977
1973	5710	PC	5832.25747473388
1973	5730	PC	175.489659738355
1973	5750	PC	63.3712660166282
1973	5790	PC	43.3849436575378
1973	5800	PC	8006.19088148749
1973	5810	PC	832.78293047985
1973	5830	PC	2571.1721255182
1973	5831	PC	2268.4800858419
1973	5835	PC	23847.8862017073
1973	5840	PC	192.78189083961
1973	5841	PC	1988.69107166572
1973	5850	PC	476.103446870157
1973	5900	PC	5680.47029339001
1973	5920	PC	12354.0836934628
1973	6000	PC	6085.61417136411
1973	6010	PC	43.0599628061704
1973	6020	PC	19339.563342646
1973	6030	PC	194.988510820394
1973	6050	PC	46.4820111710684
1974	227	PC	290.497725759463
1974	1972	PC	4.28545921752091
1974	3001	PC	93.6724805981175
1974	4001	PC	1.46241383115296
1974	4004	PC	1.59565598021356
1974	5840	PC	32.691448743296
1974	5842	PC	34.4333461066248
2002	1504	PC	7.94364125147415
2002	1860	PC	166.631648454915
2002	1865	PC	2.38432882670805
2002	1866	PC	43.2558653685516
2002	1941	PC	.741534708894029
2002	1971	PC	1.39881649211118
2002	1974	PC	15.1846525991855
2002	2002	PC	54.328451776999
2002	2004	PC	1.51913184036745
2002	2028	PC	87.6273468941422
2004	1504	PC	20159.8644743428
2004	2022	PC	3528.54791735265
2004	2028	PC	51.7034525071357
2004	5605	PC	53.1658436705457
2004	5710	PC	78.010024435915
2004	5800	PC	12502.2738334579
2004	5840	PC	11482.0419409703
2004	5841	PC	2396.45024363909
2004	5842	PC	30.6836659394757
2004	6020	PC	7188.38547392625
2012	58	PC	5.04406885178683
2014	1938	PC	1.33636157198137
2014	1971	PC	3.01755271376231
2014	5403	PC	150.850742001421
2014	5710	PC	487.439736037671
2018	720	PC	4.19945737552049
2018	1149	PC	185.719490717439
2018	1271	PC	7.89429589775199
2018	1504	PC	1800.67792953821
2018	1620	PC	4.59543495567032
2018	1865	PC	11.1627031275658
2018	1971	PC	3.5499637925314
2018	2002	PC	2.29628223058419
2018	2004	PC	15.6629265461558
2018	2018	PC	74.7239212284643
2018	2019	PC	52.9434479384056
2018	5800	PC	90.7485401236005
2019	2028	PC	.904810418874875
2019	3001	PC	1.22574852997801
2022	1504	PC	711.561644238334
2022	1860	PC	188.391794011553
2022	1865	PC	97.0743028613016
2022	1866	PC	151.178043893299
2022	1868	PC	18.2665393559237
2022	1971	PC	2.41753806659844
2022	1974	PC	41.9983619648674
2022	2002	PC	174.102843010543
2022	2004	PC	86.3194239359464
2022	2019	PC	31.9165605208014
2022	2028	PC	418.019934587538
2023	1860	PC	6.73674741144414
2024	4001	PC	34.7684677457127
2028	50	PC	59.234344144988
2028	52	PC	38.4894652982628
2028	54	PC	3.65114947562503
2028	56	PC	185.543479069795
2028	58	PC	2325.61235814971
2028	301	PC	44.1921400238244
2028	2002	PC	698.549397447564
2028	2028	PC	8446.31491546106
2028	3001	PC	268.108668364027
2028	4001	PC	695.470952117055
2028	4002	PC	28.5742132875002
2028	4004	PC	260.753983355083
2028	4005	PC	47.8745069069128
2028	5101	PC	22.8101594848939
2028	5102	PC	148.431925834507
2028	5103	PC	185.335522295314
2028	5201	PC	3609.07553401548
2028	5204	PC	206.804281211989
2028	5402	PC	561.451541973504
2028	5403	PC	2952.26231756382
2028	5404	PC	884.829088660731
2028	5501	PC	318.770748522765
2028	5605	PC	7099.21408013433
2028	5700	PC	972.971011914907
2028	5710	PC	944.971457805744
2028	5800	PC	31.8046868452815
2028	5840	PC	51.5431184017691
2028	5841	PC	13.6902230773001
2028	5842	PC	35.1970809450252
2028	5860	PC	6.28632692325004
2028	5880	PC	14.1950341787126
2028	6000	PC	32.3507718103315
2028	6010	PC	358.046004686434
2028	6020	PC	4024.78747602868
2028	6030	PC	2163.45687265574
2030	1971	PC	161.812548397605
2030	2028	PC	.632299638454608
2030	2301	PC	128.633476516549
2030	5830	PC	806.24570081517
2030	5831	PC	28.7829715191016
3001	1974	PC	1.02524240094364
4001	104	PC	55.6728911570988
4001	211	PC	34.6951316352934
4001	217	PC	52.3770567960744
4001	219	PC	154.815511459858
4001	231	PC	28.3381846464246
4001	301	PC	8.80032531076778
4001	302	PC	7.22471715180735
4001	306	PC	33.0393769942435
4001	307	PC	9.76262822651798
4001	309	PC	31.6229117739613
4001	310	PC	4.96228157328826
4001	402	PC	8.36033293240546
4001	502	PC	1.75095859093315
4001	822	PC	13.0205262324079
4001	1122	PC	.908670434470593
4001	1271	PC	11.054483628488
4001	1273	PC	3.82123029288348
4001	1401	PC	1.17223366989947
4001	1439	PC	3.11352494447709
4001	1504	PC	559.27622676903
4001	1525	PC	9.50977419187182
4001	1534	PC	.834601739182842
4001	1554	PC	4.47492920427089
4001	1671	PC	2.89895705924835
4001	1860	PC	12.4720318878514
4001	1865	PC	18.0269505114517
4001	1972	PC	36.9733086324556
4001	2028	PC	3.27923787417142
4002	1653	PC	6.69416217812852
4003	219	PC	4.89239491302603
4004	1071	PC	1.73755964250286
4005	1504	PC	32.9514426120727
5101	106	PC	21.0360752288461
5101	211	PC	19.1027266950872
5101	219	PC	3.27018497326026
5101	301	PC	3.35037765638367
5101	305	PC	1.0330331107183
5101	306	PC	30.712725843977
5101	307	PC	.648670340694283
5101	402	PC	34.5250785912299
5101	625	PC	.690515815994158
5101	1071	PC	5.27172221633149
5101	1260	PC	4.60776324929692
5101	1504	PC	166.61665220033
5101	2028	PC	28.9551499048239
5102	312	PC	3.35037765638367
5102	1504	PC	56.9014253716259
5106	309	PC	1.22754114688057
5106	1271	PC	27.7397375241988
5201	402	PC	188.587436017835
5201	602	PC	.509408402219096
5201	1504	PC	5.45262968479118
5402	1271	PC	.771311507500364
5402	1504	PC	20.1359145037678
5403	106	PC	380.72604161897
5403	211	PC	2.83800755203652
5403	220	PC	1.19248952211073
5403	228	PC	.806181403420114
5403	231	PC	11.8775186562968
5403	301	PC	163.043336666531
5403	305	PC	3.57652814818956
5403	306	PC	24.512665858747
5403	309	PC	20.267923500201
5403	822	PC	.493330625476651
5403	1101	PC	.439379241576735
5403	1106	PC	4.58313079795419
5403	1175	PC	4.54578184569237
5403	1216	PC	.736842692815203
5403	1271	PC	38.7402489734088
5403	1504	PC	399.125099530531
5403	1514	PC	127.351211465545
5403	1531	PC	39.3185998252563
5403	1545	PC	53.8905653746338
5403	1677	PC	.644212679832966
5403	2028	PC	25.6441120088082
5404	231	PC	1.81062610719252
5404	309	PC	1.48905673617052
5404	1216	PC	.736842692815203
5404	1271	PC	4.37370914622026
5605	301	PC	2.04931433315468
5605	305	PC	1.83247044594985
5605	309	PC	3.11957386227724
5605	1173	PC	2.80781122245376
5605	1277	PC	.551497540986265
5605	1504	PC	649.257555011405
5605	1548	PC	1048.5504783415
5605	2028	PC	12.8959764744694
5700	301	PC	1.27035152804547
5700	1504	PC	236.071140115773
5700	1532	PC	121.22441148762
5700	1868	PC	129.745748753357
5700	1871	PC	1.46939681363195
5800	1439	PC	26.192276108451
5800	1504	PC	21.9537657902058
5810	704	PC	2.08207835713867
5830	1504	PC	208.782114805177
5831	1504	PC	3238.36390269815
5831	1545	PC	818.869979811683
5831	1868	PC	1938.43577119136
5831	1972	PC	12.9911128639256
5840	1244	PC	1.50491572627211
5840	1271	PC	42.9716678288052
5840	1439	PC	4.56496428374677
5840	1504	PC	.749505538028075
5842	1504	PC	3.0543967980059
5842	2028	PC	33.9719607108407
5850	104	PC	15.7402751407388
5850	219	PC	.808627557024356
5850	220	PC	71.6227552972354
5850	307	PC	6.30987791952257
5850	402	PC	9.76765564269371
5850	1271	PC	20.4397549487596
5850	1439	PC	4.05566201062331
5850	1441	PC	31.5964649607421
5850	1504	PC	158.72235342618
5850	1567	PC	61.8998159274731
5850	1663	PC	109.200880823597
5850	1804	PC	86.4082042793896
5850	2028	PC	84.7513917057738
5930	106	PC	124.60124998439
5930	402	PC	273.104209125245
5930	1271	PC	26.1029085235492
5930	1504	PC	856.648787159699
5930	1514	PC	542.876013993773
5930	1515	PC	78.7529380818758
5930	1804	PC	1080.10255349237
5930	1860	PC	387.752821407088
6020	104	PC	134.434223095924
6020	211	PC	391.932757429419
6020	219	PC	42.3290761008521
6020	220	PC	1244.71322478212
6020	301	PC	129.14868270945
6020	305	PC	3.80640128183589
6020	307	PC	64.1736920266489
6020	309	PC	5.84920099176983
6020	310	PC	10.6607155705208
6020	1271	PC	113.281716430451
6020	1503	PC	15.9115719603391
6020	1504	PC	687.340014574319
6020	1531	PC	248.863093192419
6020	2028	PC	105.502597706646
6030	220	PC	5.56067037156558
6030	402	PC	120.946149755466
6030	1271	PC	23.5514964122249
6030	1504	PC	685.965767058847
6030	1972	PC	25.1598117940233
6040	302	PC	17.2879487069398
6040	306	PC	51.800561209532
6040	1439	PC	13.9228525088989
6050	211	PC	21.6217030533431
