50	101	PC	30.8160232440819
50	231	PC	2.21300282898448
50	301	PC	94.8467068605753
50	423	PC	162.628743462804
50	605	PC	197.18419730215
50	627	PC	57.437502826796
50	704	PC	1.27058279066585
50	805	PC	7870.29500078731
50	1833	PC	21.7891760565494
50	2012	PC	17.9123294478045
51	1933	PC	2.24634188943092
52	105	PC	3.26992788442314
52	106	PC	2.32114303745457
52	123	PC	4283.46952785016
52	211	PC	6.5977254143529
52	226	PC	5267.81804754986
52	229	PC	80.9611334568408
52	230	PC	16186.8354393296
52	301	PC	2408.85244885795
52	528	PC	8.7732897727193
52	602	PC	110.980862793165
52	605	PC	847.179274379675
52	626	PC	3.6326459231455
52	706	PC	24.7089795229497
52	720	PC	11.6859335397576
52	805	PC	69.5283060032397
52	819	PC	18.9046169634879
52	1102	PC	31.1577958446229
52	1416	PC	7.58998181605147
52	1548	PC	23.683809005101
54	238	PC	7.62795923424882
54	301	PC	101.781129067461
54	1102	PC	.841684643845812
55	219	PC	853.899650285789
56	135	PC	25.607659428844
56	301	PC	.719644667558612
56	605	PC	129.620198454055
56	628	PC	89.0541507096533
56	709	PC	1.22667113568288
56	806	PC	5.13495913015154
56	928	PC	4975.40704992334
56	2012	PC	150.383558956691
57	301	PC	4.36215383104759
57	418	PC	1.62725584813722
57	702	PC	674.216352285778
57	805	PC	5600.08260629978
58	104	PC	880.352439835755
58	106	PC	201.418779037128
58	119	PC	1.13206782024929
58	124	PC	52.7388010465738
58	125	PC	38.5682600017636
58	211	PC	42.9734267695715
58	213	PC	463.079444460196
58	215	PC	1.86156549042601
58	219	PC	237.818995531265
58	220	PC	4.13641570827979
58	229	PC	1.38965969519319
58	230	PC	33.6572977029495
58	231	PC	1.97567349695975
58	233	PC	119.003659226107
58	238	PC	9.6045693056633
58	301	PC	1442.94783638444
58	402	PC	1709.33633141704
58	403	PC	7.32474321468269
58	412	PC	91.9110151788902
58	501	PC	6.54211907680884
58	502	PC	52.5079099699992
58	528	PC	18.1282606755751
58	602	PC	195.158955243611
58	604	PC	1.66196086013336
58	612	PC	.619336645456281
58	620	PC	9.54003723521985
58	626	PC	12.3020194084301
58	702	PC	1.24982955105731
58	704	PC	23.5554235860039
58	706	PC	729.341125823786
58	709	PC	19.0978739687155
58	805	PC	14365.3777789818
58	806	PC	1.34120242042291
58	815	PC	.679295122273907
58	904	PC	1.5922298253499
58	906	PC	207.95264699143
58	926	PC	1.49928987600156
58	1002	PC	2.71612252698577
58	1004	PC	.639347092448867
58	1034	PC	119.231592492454
58	1102	PC	7.90653370163822
58	1106	PC	185.029073277992
58	1146	PC	4.16855955526785
58	1173	PC	360.022770555701
58	1221	PC	172.713501083299
58	1223	PC	1.28660683347523
58	1228	PC	20.0504195425301
58	1247	PC	122.397425504426
58	1273	PC	14.0011110341901
58	1275	PC	13.5209329479782
58	1416	PC	83.6167588013257
58	1504	PC	71.3521698975827
58	1548	PC	70.34091274515
58	1551	PC	76.5670175606536
58	1638	PC	1.98355726003022
58	1677	PC	137.702193181059
58	1738	PC	7.71419166142347
58	1922	PC	1.15079322507194
58	1931	PC	5.43292408771922
58	1940	PC	2.29956648603073
58	2020	PC	71.514937543644
59	219	PC	5.03328039845314
59	230	PC	28.1209348421164
59	301	PC	20.8660048737251
59	402	PC	1586.46623495415
59	1173	PC	2.72914171419215
60	124	PC	113.63258336609
60	128	PC	16.999033701648
60	219	PC	2222.05762283115
60	220	PC	15.6617604925872
60	229	PC	1.05570098323215
60	301	PC	134.158988298474
60	412	PC	9.52367633666409
60	1677	PC	1.32125710968139
60	1871	PC	64.9965238645266
61	1275	PC	13.2293962527781
62	301	PC	50.5977860194073
62	517	PC	3.41680554475526
62	1719	PC	36.3496607014858
62	1804	PC	14.5376068835777
62	1833	PC	49.1149460291073
101	306	PC	106340.331978943
104	58	PC	1.08031749634246
105	58	PC	3777.47455405531
105	60	PC	51.7171365851637
105	306	PC	10127.2956958062
105	1003	PC	2.2428229919623
105	1276	PC	1.96113074977076
105	4001	PC	211.616470660469
105	5605	PC	7.09634037562029
106	58	PC	2224.62742110787
106	213	PC	10334.6588174375
106	231	PC	10123.3730566816
106	306	PC	60763.7741750958
106	412	PC	6552.54213818069
106	501	PC	14514.7247840327
106	542	PC	14507.7019495869
106	620	PC	13784.5645356516
106	709	PC	16427.2492266392
106	1071	PC	6176.38291286758
106	1271	PC	9125.53097543677
106	1272	PC	5733.26049960457
106	1504	PC	4285.93202046997
106	4001	PC	12.1827843264764
124	60	PC	34.8086864903296
125	231	PC	4.01657508015353
128	237	PC	6215.80428399848
128	438	PC	5426.6204851953
135	104	PC	11574.4180926846
211	58	PC	1.91793872104625
211	101	PC	21.5480659446635
211	106	PC	9.81081364240744
211	122	PC	60.2251294600528
211	214	PC	74.3166391185449
211	215	PC	14.5399382401557
211	219	PC	51.7045065705501
211	221	PC	4.65268052328196
211	227	PC	31.7739026945991
211	229	PC	4.1184496753133
211	231	PC	89.5731383574847
211	233	PC	62.6925335226498
211	235	PC	23.3485320177575
211	236	PC	12.9926907201318
211	238	PC	47.2753919293253
211	239	PC	37.0881634744126
211	301	PC	19.5568190108444
211	305	PC	13.3492545765787
211	307	PC	12.4243320774776
211	309	PC	24.8486641549552
211	310	PC	9.3295229890674
211	412	PC	40.5389303984821
211	419	PC	10.6854896153777
211	427	PC	23.3152243920199
211	517	PC	15.6322486576736
211	528	PC	2.02299278530088
211	534	PC	27.0783017054534
211	536	PC	27.4834337178567
211	542	PC	6.53310125542355
211	605	PC	9.69219682230726
211	612	PC	5.57516040145813
211	617	PC	6.86779342860409
211	620	PC	78.8663706947687
211	623	PC	14.2671278985818
211	624	PC	21.3774780307387
211	625	PC	19.3342130668364
211	704	PC	5.28880529272262
211	711	PC	57.3471057210039
211	723	PC	73.9146330062052
211	807	PC	15.9478388803202
211	817	PC	9.52871074532036
211	1519	PC	20.4711748938284
211	1634	PC	3.92059188010586
211	5700	PC	4.62991349736595
211	5850	PC	35.4465234882307
213	136	PC	10929.9473394853
213	306	PC	5109.0803419336
213	926	PC	.905049671730412
217	58	PC	2.49284909934513
219	54	PC	163.618946234116
219	58	PC	33.3821596170484
219	62	PC	120.43077722956
219	5820	PC	55.4167031698293
219	6020	PC	15.6478873204914
220	219	PC	452.67090458577
220	4001	PC	11.011476262568
220	4002	PC	7.21889201718671
226	58	PC	4.31438090649193
226	226	PC	48954.495129564
226	306	PC	5766.33944541576
226	412	PC	7496.58987485923
226	805	PC	2402.32883242415
226	1173	PC	5651.24491832538
226	1671	PC	6113.90611214341
226	1677	PC	8046.67954896703
226	1719	PC	22076.3727250383
229	219	PC	1566.60857806265
229	302	PC	28868.7464343952
229	303	PC	947.901872586527
229	306	PC	57737.4928687903
230	52	PC	76.1074847684301
230	230	PC	663.324939299567
230	4001	PC	86.616660946771
231	58	PC	75.2605261818858
231	516	PC	18737.0306944034
231	5104	PC	23.7576041106384
235	105	PC	2.28821041176618
235	216	PC	.848728027960619
235	228	PC	22.9038324369583
235	235	PC	4.13343849577363
235	236	PC	57.8949760997319
235	237	PC	7.75576283494422
235	238	PC	18.4194674036333
235	239	PC	1.09846907511824
235	534	PC	.708969998071779
235	605	PC	5804.5335084437
235	1017	PC	.828197508317638
301	54	PC	36.8544654675995
301	58	PC	68.3620708647872
301	61	PC	1.49313911540757
301	101	PC	29696.3438734336
301	106	PC	14785.2014113528
301	125	PC	6602.9419578996
301	135	PC	20940.5095874879
301	211	PC	6785.5903209585
301	213	PC	6958.08802460119
301	217	PC	3.33004080731446
301	219	PC	23458.6943576154
301	228	PC	.80857400865575
301	230	PC	2.25466143328081
301	231	PC	7866.28078937649
301	233	PC	17198.1819088309
301	235	PC	38198.4089815546
301	301	PC	31649.3763357893
301	302	PC	23.6819146476813
301	303	PC	17.5677539745442
301	304	PC	4.30329895930175
301	305	PC	58.6208418644909
301	306	PC	47551.705273327
301	307	PC	6.52808184064882
301	308	PC	2.86389012433471
301	309	PC	66855.3423320782
301	310	PC	1.6927142405256
301	311	PC	8115.09178840038
301	312	PC	10.9174745513144
301	402	PC	7582.74338602366
301	403	PC	24866.5509471191
301	412	PC	14478.416319768
301	427	PC	20397.1304267601
301	501	PC	26277.0847916451
301	516	PC	18467.1767011107
301	517	PC	6568.9769770225
301	604	PC	2917.95941067319
301	605	PC	64296.7527016142
301	616	PC	7769.75116363349
301	618	PC	38561.8952460512
301	619	PC	26233.7638786257
301	624	PC	38285.2016135341
301	1671	PC	14964.400436431
301	1751	PC	14274.0360882531
301	3001	PC	151.657902945738
301	4001	PC	71.3388688472505
301	4004	PC	38.6320120335609
301	5605	PC	210.23517248043
301	5700	PC	1.01912669781786
301	6010	PC	423.204211579307
301	6020	PC	67.7577050323602
301	6030	PC	2.66631984894208
302	221	PC	19.4223032365896
302	307	PC	10.4145666972453
302	702	PC	16.5496147447504
302	709	PC	2.80988731839317
302	1102	PC	34.8022125443334
302	1124	PC	25.5919542797484
302	1246	PC	16.3405799311364
302	1273	PC	47.7027624795419
302	1535	PC	17.7901873146818
302	1633	PC	6.945278050675
302	1671	PC	62.6306808159934
302	1674	PC	12.794205225057
302	1677	PC	21.8110736693829
302	1850	PC	4.42791125277894
304	545	PC	18958.6670809885
306	213	PC	18066.03549346
306	1750	PC	5876.93353954059
403	106	PC	3.26992243662957
403	235	PC	17911.0629124549
403	403	PC	42.1649647448943
403	412	PC	12.9112417477859
403	415	PC	4.48049042479904
403	417	PC	7811.13292537597
403	501	PC	21779.6300592768
403	502	PC	7197.28551711937
403	542	PC	7193.32712235736
412	235	PC	6712.05970002025
412	430	PC	5754.60621338862
412	502	PC	5478.0987752464
418	135	PC	8490.93573482905
418	306	PC	3962.61809379506
418	311	PC	3962.61809379506
418	1271	PC	6513.56736047995
425	60	PC	.551788953611565
427	235	PC	.856120461105077
427	412	PC	2.93298699383005
427	415	PC	4.27764406936815
427	419	PC	1.00550878880247
427	425	PC	10.544950389841
427	426	PC	10.8179944200974
427	427	PC	16.3509209634149
427	428	PC	1.42462385448321
501	213	PC	11.4251267037735
501	217	PC	11.4539086852415
501	219	PC	13.9447315682084
501	226	PC	11.5899338670099
501	228	PC	10.6376984615305
501	235	PC	15.1837337189821
501	236	PC	3.5845297949346
501	237	PC	10.3697741240764
501	403	PC	28.3793084665982
501	412	PC	4611.1568479229
501	501	PC	23571.781708508
501	502	PC	1097.03734032405
501	515	PC	8.07833048566628
501	516	PC	10.6503013270561
501	519	PC	7.36895865276008
501	520	PC	286.019811253561
501	521	PC	13589.917160184
501	522	PC	11868.7094221647
501	529	PC	7.81093285835471
501	533	PC	10.3662914900188
501	534	PC	10.3731791079016
501	538	PC	1177.89437812476
501	605	PC	34.1025642219093
501	807	PC	8.63908440963671
501	904	PC	12.2221479908426
501	906	PC	10.8943205878858
502	403	PC	10165.8797741155
511	58	PC	2.52075586974884
517	58	PC	2.72583743084113
517	4001	PC	1.33348997122795
521	60	PC	4.63352069810628
528	1173	PC	7980.22070606824
529	226	PC	73519.9497760185
544	805	PC	10421.9412556383
602	52	PC	356.603886815784
602	219	PC	7190.45056618699
602	220	PC	6.79092678671696
602	301	PC	20041.1027280722
602	306	PC	6289.17168297134
602	602	PC	28.3449737484282
602	624	PC	1.82662770669676
602	625	PC	6.99782724864708
602	626	PC	12.7545949801828
602	627	PC	1.875756433388
602	704	PC	17429.815324008
602	709	PC	43984.1773525511
602	713	PC	2.07645779864573
602	806	PC	10894.4875684874
602	1573	PC	7095.47755052578
602	4001	PC	1.05972659567848
604	417	PC	18.0699718240168
604	626	PC	1909.51142148432
604	1235	PC	26.7324135724885
604	1430	PC	22.2239371406073
604	1677	PC	277.671060153183
604	1804	PC	128.198293736128
604	1853	PC	56.5899543759714
604	1874	PC	2.41887276430388
605	226	PC	15072.2540375129
605	235	PC	1810.28651304772
605	806	PC	13411.6165070689
605	1003	PC	4.17432630178542
618	906	PC	.842725477858712
618	1102	PC	1.34805651171513
618	1173	PC	.967790613829902
618	1256	PC	.885575528699803
618	1275	PC	1.11436759454007
618	1445	PC	7.41450454666613
618	1502	PC	.870548635800168
618	1504	PC	1.22469568235423
618	1515	PC	1.18864132742574
618	1674	PC	.873680965811906
618	1805	PC	2.29127022646677
620	1276	PC	1.31368537567732
622	220	PC	6.2797127573293
622	602	PC	26.088345854448
622	624	PC	1.91052330541663
622	625	PC	6.77464365162758
622	626	PC	12.3589934947509
622	627	PC	1.87109859000277
622	713	PC	2.01211845911475
624	231	PC	2.08126885469216
624	624	PC	2717.21810458382
624	704	PC	15685.6454734349
625	602	PC	2679.52757473999
625	626	PC	1878.73821147913
626	50	PC	172.441066596793
626	58	PC	15.5426567366177
627	52	PC	1.1186002954384
627	104	PC	2823.34910571014
627	106	PC	51889.7822174548
627	219	PC	28735.2767755615
627	602	PC	21178.3923827601
627	626	PC	7697.54605777664
627	627	PC	23390.3133729016
628	5101	PC	51.3143167107424
633	529	PC	.821113698984915
633	906	PC	.69016073025942
633	1102	PC	1.49360071906958
633	1173	PC	.701639503434285
633	1275	PC	.726952717031542
633	1504	PC	1.1730631825922
633	1514	PC	2.08866625766601
633	1515	PC	.708239266029076
633	1671	PC	.864786485850211
633	1805	PC	2.25954953952309
704	624	PC	18092.2001429614
704	806	PC	3229.02527027969
704	4001	PC	1.41120697181746
706	56	PC	4.52742836438289
706	58	PC	27.5517421020815
706	62	PC	4.07680071893345
709	1102	PC	3417.98631847187
709	4001	PC	23.5062094238527
709	5101	PC	21.7956636676568
711	501	PC	12671.8595182736
711	502	PC	4918.15650181477
711	522	PC	4869.08586859333
711	805	PC	5189.58873325094
711	1432	PC	4290.24668854239
719	720	PC	1787.02950088014
719	4001	PC	1.82090354691817
722	4001	PC	1.28772636178343
728	58	PC	27.5894476805783
728	4001	PC	1.61674163408189
805	52	PC	4792.19538191838
805	104	PC	24380.3187188131
805	105	PC	896.52431369871
805	106	PC	11953.2015164967
805	217	PC	455.638565535483
805	219	PC	3403.92088748
805	230	PC	28.5392469523363
805	231	PC	1286.70275557238
805	233	PC	7373.06014705313
805	235	PC	8914.75573594026
805	301	PC	297189.929227099
805	302	PC	93041.0761952444
805	303	PC	5.15969046445113
805	305	PC	50.3069820283985
805	306	PC	1185.92816519997
805	309	PC	1527.31285756775
805	418	PC	5572.1459619656
805	513	PC	3535.52249805966
805	544	PC	5830.69310539868
805	545	PC	2968.81842999148
805	602	PC	132424.928340447
805	604	PC	1.38841183915694
805	625	PC	32.0016277452065
805	626	PC	23.1603066570782
805	627	PC	71793.6978897378
805	702	PC	1508.70856038415
805	704	PC	45.4424176805182
805	706	PC	75.9415315687655
805	709	PC	17.7062271911767
805	815	PC	1967.05870094677
805	906	PC	123.378138558006
805	926	PC	3.6230760498548
805	1003	PC	31.1858609243768
805	1004	PC	6.00025282715856
805	1017	PC	847.370104990118
805	1037	PC	38528.2210978127
805	1072	PC	1344.49128647597
805	1073	PC	5469.22319205772
805	1102	PC	5210.76922773622
805	1106	PC	6380.13192217888
805	1124	PC	76663.7638077455
805	1127	PC	4.53927339897829
805	1149	PC	3789.17811447892
805	1154	PC	6152.17642703312
805	1171	PC	93.0796627447215
805	1172	PC	4597.87558239088
805	1173	PC	804.010375868025
805	1211	PC	41.2340482987495
805	1263	PC	13766.4165758687
805	1271	PC	86199.3509616949
805	1273	PC	25970.2467042163
805	1401	PC	2424.94037025
805	1424	PC	3494.07914303259
805	1432	PC	45.770165829103
805	1502	PC	249.524729392939
805	1503	PC	3183.2173607571
805	1504	PC	10992.2039883479
805	1511	PC	5379.52693019082
805	1535	PC	42.7393094970176
805	1548	PC	2547.68718250416
805	1554	PC	29.5094929961097
805	1671	PC	24289.1960791318
805	1675	PC	460.342821304146
805	1676	PC	10.3041852443079
805	1677	PC	5816.80624482313
805	1719	PC	694.734882460413
805	1804	PC	44.325798781675
805	1813	PC	3504.19039703819
805	1833	PC	4312.88186145353
805	1850	PC	2276.65925124371
805	1913	PC	30.6848405238039
805	1972	PC	42.6306574623739
805	2004	PC	197.153091203133
805	2012	PC	42.287591082065
805	3001	PC	1.81520223039463
805	4001	PC	52429.4471438774
805	5101	PC	3857.69989339911
805	5605	PC	151.119571381612
805	5730	PC	8.29025861811349
805	5760	PC	926.59582862453
805	5800	PC	23.5839637336717
805	5820	PC	2855.56136066058
805	5830	PC	71287.1139414704
805	5831	PC	42257.5435166147
805	5840	PC	26.3750933865558
805	5850	PC	53082.0624516628
805	5870	PC	26.7873287738851
805	5890	PC	17550.7507997754
806	58	PC	34.2656431070103
806	101	PC	17.08948483851
806	105	PC	1.10113000208845
806	106	PC	30.0371134626062
806	228	PC	436.175184996742
806	301	PC	370.103262612373
806	305	PC	.792079206428564
806	311	PC	1.65425903502933
806	402	PC	1.1213497520042
806	423	PC	7.12169590328527
806	502	PC	14.8949811308153
806	602	PC	78.9351490412274
806	604	PC	.939195527384709
806	605	PC	1.36187797755817
806	625	PC	37.5843292886697
806	709	PC	13.7223260731619
806	716	PC	5.74585768546354
806	811	PC	.887728030147388
806	815	PC	1.08342355149174
806	906	PC	74.8632080159262
806	1071	PC	63.1664145522517
806	1074	PC	16.8349680810885
806	1101	PC	1.72923245106248
806	1121	PC	3.20389232926117
806	1173	PC	241.574194472347
806	1238	PC	19.8201124045811
806	1271	PC	177.896824226484
806	1272	PC	2.07057881927058
806	1416	PC	121.141446579427
806	1504	PC	3.82163861543935
806	1539	PC	4.4124356485639
806	1671	PC	10.715837444818
806	1677	PC	2.80756261863432
806	1702	PC	.986176355418123
806	1721	PC	4.20489059312994
806	1804	PC	13.3927852069388
806	1812	PC	.67310577562502
806	1833	PC	28.4993366656752
806	1860	PC	2.3638805487013
806	1971	PC	56.2361864397272
821	1677	PC	222.158472337127
821	1804	PC	102.520690872072
821	1849	PC	78.6243762258122
821	1853	PC	26.463582845548
821	1874	PC	18.6659588972978
904	231	PC	4.60405085959504
904	1134	PC	2.4973221461503
906	1134	PC	5.62171552478435
926	904	PC	9.14305125915148
926	906	PC	1.62982676106707
926	919	PC	2.76332289870418
926	926	PC	6.81588401885154
926	928	PC	4.85774914004503
926	1002	PC	3.20691091275911
926	1014	PC	2.29155550238336
926	1017	PC	1.75164876983465
926	1018	PC	7.69745573707275
926	1032	PC	17141.7808318431
926	1034	PC	.889714810569723
926	1071	PC	6.55451788347307
926	1074	PC	13.1433885615625
926	1122	PC	.690841050203927
926	1833	PC	12.2933780641114
926	5800	PC	20.91024186039
926	6010	PC	78.1861217388494
1003	105	PC	339.503459378183
1003	220	PC	1.04939706305201
1003	235	PC	1.260682106305
1003	302	PC	114.97852266368
1003	305	PC	1912.53887448205
1003	306	PC	3374.09705124886
1003	307	PC	188.4992939873
1003	412	PC	48.4933465827056
1003	427	PC	1.05553547854284
1003	502	PC	258.352074162674
1003	602	PC	1900.87248956271
1003	605	PC	1.83341899592586
1003	704	PC	.811897562644777
1003	706	PC	367.810266663776
1003	709	PC	156.200591110509
1003	716	PC	1607.40064930124
1003	806	PC	623.853445332493
1003	807	PC	742.839660985915
1003	1014	PC	804.335119496873
1003	1018	PC	711.257168167413
1003	1074	PC	2048.7239111599
1003	1106	PC	656.906878124266
1003	1149	PC	1747.33393729136
1003	1222	PC	350.427221906792
1003	1238	PC	329.871480670067
1003	1243	PC	437.104359822765
1003	1271	PC	752.747996197758
1003	1272	PC	574.991933667059
1003	1273	PC	854.868567360503
1003	1274	PC	179.270519808764
1003	1275	PC	1.17392842264174
1003	1401	PC	332.390771353715
1003	1432	PC	1.98205858987755
1003	1503	PC	1.2352073925223
1003	1504	PC	328.815656063453
1003	1520	PC	1542.69255079112
1003	1532	PC	1424.49039234191
1003	1548	PC	1153.63890615503
1003	1677	PC	2706.72966047827
1003	1714	PC	99.7286545527851
1003	1744	PC	173.53562549912
1003	1841	PC	843.706052368822
1003	1870	PC	115.912545779941
1003	1913	PC	1226.57257231857
1003	1931	PC	1047.32411849138
1003	1971	PC	63.6714272397726
1003	2012	PC	1158.56147945656
1071	906	PC	36301.0960302554
1071	926	PC	143.560687244971
1071	1026	PC	15793.4231982541
1071	1032	PC	50518.3582520771
1071	1046	PC	34800.3147823674
1071	1072	PC	184289.713096796
1072	306	PC	1.02024972850439
1072	919	PC	1.34351657453265
1072	926	PC	1.6261740410977
1072	1002	PC	8.70006579741839
1072	1014	PC	2.37695867056671
1072	1017	PC	2.24998774434396
1072	1018	PC	16.6806472957344
1072	1034	PC	.666521920834786
1072	1046	PC	1.63997917667805
1072	1071	PC	7.75315896971451
1072	1072	PC	3.35376194517606
1072	1074	PC	7.30421596152052
1072	1638	PC	4.89079729904241
1072	1833	PC	14.5237653529593
1073	805	PC	27.0055726022023
1101	104	PC	6.04671120324705
1101	106	PC	12.6830962338851
1101	119	PC	3.18948267427475
1101	125	PC	5.70521271962466
1101	128	PC	7.63563852008467
1101	136	PC	6.50640170959016
1101	214	PC	.775376958217484
1101	220	PC	.776147816829585
1101	221	PC	3.64519390074146
1101	235	PC	75.9439688295369
1101	237	PC	335.183010638514
1101	311	PC	20.1650967398076
1101	402	PC	1031.38657143801
1101	403	PC	13.5287918473178
1101	412	PC	6.20259867281802
1101	415	PC	1.78105947455724
1101	417	PC	239.532334795462
1101	420	PC	1.02665644158339
1101	423	PC	2.49245557508849
1101	425	PC	18.0300796383805
1101	427	PC	27.9516443523006
1101	429	PC	5.33747906781977
1101	430	PC	6.76613542592129
1101	432	PC	.999874815727226
1101	437	PC	8.79534358100203
1101	438	PC	1.86864347655525
1101	441	PC	1.6186691160333
1101	501	PC	4.48858017065824
1101	502	PC	4.88871059723164
1101	511	PC	2.74584377136906
1101	517	PC	9.83819260025668
1101	520	PC	5.35207509546295
1101	533	PC	1.37797045044612
1101	534	PC	11.5627485832795
1101	538	PC	1.01042893346424
1101	540	PC	1.13566110057315
1101	542	PC	4.82268391004999
1101	604	PC	14.9048483792817
1101	605	PC	1.27670865287522
1101	616	PC	4.81103300090096
1101	618	PC	.797796069923319
1101	623	PC	1.63379750653755
1101	624	PC	6.94318602856644
1101	627	PC	1.11491231175015
1101	701	PC	3.95202972079242
1101	702	PC	15.9327765057149
1101	704	PC	13.693962407901
1101	706	PC	13.303526292712
1101	709	PC	22.4981650882952
1101	716	PC	27.7809212746781
1101	722	PC	2.25770364502721
1101	806	PC	14.4125598428264
1101	807	PC	5.79546557887751
1101	821	PC	3.90689291707904
1101	826	PC	2.16213695977856
1101	833	PC	7.06474949655399
1101	928	PC	136.810933029942
1101	1074	PC	131.527291620964
1101	1101	PC	28662.7671598125
1101	1102	PC	118.554309585454
1101	1106	PC	69.8363965298254
1101	1121	PC	.97330746876603
1101	1135	PC	186.263446880729
1101	1146	PC	1186.89748239621
1101	1154	PC	35.3306732509249
1101	1219	PC	5.79171896781382
1101	1221	PC	3.06877266892686
1101	1223	PC	1.32916133539462
1101	1224	PC	12.6792794896592
1101	1228	PC	2.30333121946746
1101	1247	PC	954.457154824068
1101	1260	PC	13.8508473020926
1101	1263	PC	140.98003118732
1101	1271	PC	629.271874803769
1101	1272	PC	28.6104631524394
1101	1273	PC	30.2836611692737
1101	1274	PC	7.11526066959448
1101	1275	PC	270.657400610705
1101	1276	PC	5.33644550219586
1101	1277	PC	7.11526066959448
1101	1401	PC	7.08686661896327
1101	1416	PC	1.42498864796033
1101	1419	PC	6.2104808734981
1101	1420	PC	6.47510154723004
1101	1424	PC	.8896761569156
1101	1426	PC	1082.15479642869
1101	1429	PC	3.26615714332432
1101	1431	PC	2.55525900524203
1101	1432	PC	10.0773387916512
1101	1438	PC	.803232252292319
1101	1439	PC	240.001914072557
1101	1443	PC	1.67178080974415
1101	1445	PC	.925307472956807
1101	1449	PC	.892799607943878
1101	1502	PC	7.41997868326675
1101	1503	PC	16.720691788682
1101	1504	PC	255.531007347787
1101	1519	PC	.791927901627384
1101	1523	PC	1.01302424883767
1101	1528	PC	361.753658803965
1101	1529	PC	136.818415926085
1101	1534	PC	64.8599310302845
1101	1634	PC	6.87630363432399
1101	1671	PC	131.111766071976
1101	1677	PC	103.67309450921
1101	1702	PC	1.50925017106346
1101	1711	PC	115.47549286129
1101	1804	PC	3.16043983999699
1101	1805	PC	6.96269227423618
1101	1824	PC	.893702441280152
1101	1833	PC	34.9516185712454
1101	1841	PC	1.14920906172917
1101	1901	PC	1.73040156315631
1101	1943	PC	2.85041626043765
1101	1972	PC	28.6725349797593
1101	2011	PC	2.06441915136235
1101	2012	PC	28.1660729666491
1102	106	PC	5.47538949522738
1102	136	PC	1.59375372394623
1102	211	PC	5.2030323964484
1102	213	PC	3.4759642721334
1102	214	PC	1.30900046383717
1102	217	PC	1.42175677520066
1102	219	PC	617.487286275162
1102	220	PC	.822936084992183
1102	226	PC	2.41513391894494
1102	231	PC	4.04732040483262
1102	235	PC	59.6463347711996
1102	301	PC	45.0752230171737
1102	302	PC	6.04326652767297
1102	303	PC	1.97440448066544
1102	304	PC	4.1521445875855
1102	305	PC	2.22191964244907
1102	306	PC	1.01997101590884
1102	307	PC	1.86688265040799
1102	309	PC	1.08024909854573
1102	311	PC	.85802512014464
1102	412	PC	1.14209334934341
1102	428	PC	.94990527793874
1102	438	PC	.8518390890976
1102	544	PC	.827295860970421
1102	618	PC	2.19865809638892
1102	704	PC	.786785026239649
1102	720	PC	.903807554450175
1102	1071	PC	.787237694514528
1102	1101	PC	16177.1850826456
1102	1102	PC	50443.8865604131
1102	1112	PC	5621.91251829954
1102	1114	PC	18196.3165087535
1102	1119	PC	7873.76642115897
1102	1120	PC	11925.0368920954
1102	1121	PC	15677.9718261513
1102	1122	PC	2880.27227772011
1102	1124	PC	38882.0061213831
1102	1127	PC	2363.59284520272
1102	1141	PC	182.237281712186
1102	1142	PC	1302.67857649984
1102	1172	PC	79199.6542454004
1102	1173	PC	15126.5324041847
1102	1175	PC	11069.6280254027
1102	1224	PC	1.11265661343323
1102	1231	PC	1.39967663065817
1102	1243	PC	1.09195639125534
1102	1244	PC	.818851984349666
1102	1247	PC	.998305704107045
1102	1263	PC	.850655093752413
1102	1271	PC	19.4471539083766
1102	1272	PC	1.15670397615385
1102	1273	PC	3.37220194622807
1102	1274	PC	3.7137483958798
1102	1275	PC	17.3916362953193
1102	1277	PC	6.23181098081882
1102	1411	PC	.853035217360144
1102	1419	PC	1.27015372593997
1102	1420	PC	2.38633847194113
1102	1421	PC	1.16243844715042
1102	1430	PC	.789972714432657
1102	1431	PC	2.0708125233719
1102	1504	PC	3.85454808399926
1102	1516	PC	3.84009293287974
1102	1624	PC	16.0375846973626
1102	1671	PC	21.2376254192129
1102	1676	PC	2.04190340494657
1102	1719	PC	1.66225976359537
1102	1804	PC	12.5576170020903
1102	1833	PC	1.0845282973457
1102	1870	PC	1.41264552666556
1102	1901	PC	.996038153546235
1102	1971	PC	28.0610884901566
1102	2012	PC	1.10008213247682
1102	2030	PC	1.60535103949316
1102	5930	PC	32.3516134101273
1114	1101	PC	3023.39312432259
1119	1119	PC	4127.16067246666
1119	5760	PC	30.4638943094412
1120	1119	PC	1238.18966644919
1121	4004	PC	2.71526014497194
1124	301	PC	2837.79667295513
1124	1124	PC	707878.389661683
1124	1172	PC	440983.317166178
1124	4001	PC	117.088720268286
1124	4005	PC	3.9341810010144
1124	6030	PC	2.63449620603643
1127	1102	PC	34079.5154646187
1127	1172	PC	88272.8702276699
1127	6030	PC	.749367809717029
1130	105	PC	710.727260686624
1130	235	PC	1.59861356322759
1130	302	PC	196.637807436591
1130	305	PC	1336.11080819069
1130	306	PC	4394.26079060185
1130	307	PC	384.247622830298
1130	412	PC	102.765045748691
1130	425	PC	.910153388681833
1130	502	PC	530.055950984094
1130	602	PC	2954.09540903627
1130	605	PC	1.18833152052528
1130	706	PC	863.508544742122
1130	709	PC	330.847632840692
1130	716	PC	3133.55080500307
1130	806	PC	1772.71695367427
1130	807	PC	393.899321254915
1130	901	PC	1.43485769875865
1130	1014	PC	748.718400420269
1130	1018	PC	2272.62350189138
1130	1074	PC	2182.77063590341
1130	1106	PC	1590.57335626811
1130	1149	PC	1812.6701019192
1130	1222	PC	513.504534631322
1130	1238	PC	1005.8059722721
1130	1243	PC	527.29453113851
1130	1271	PC	182.158106480922
1130	1272	PC	586.414761265039
1130	1273	PC	2112.80861452192
1130	1274	PC	455.622963835406
1130	1275	PC	4.77254238980015
1130	1401	PC	1706.30046631616
1130	1432	PC	1.01695463160482
1130	1449	PC	.840220792193462
1130	1503	PC	2.48470635696232
1130	1520	PC	1994.48761096764
1130	1532	PC	1395.64662599836
1130	1548	PC	605.355084501258
1130	1677	PC	5538.95915822748
1130	1714	PC	76.3246335380344
1130	1717	PC	297.782897969615
1130	1744	PC	539.834758015622
1130	1841	PC	870.404763892449
1130	1870	PC	693.413925474883
1130	1913	PC	252.572901996959
1130	1931	PC	1623.92318535661
1130	1971	PC	65.2830704755608
1130	2012	PC	776.925514280011
1141	706	PC	2345.09510182226
1141	1120	PC	3060.18748957968
1141	1122	PC	609.172438067054
1141	1141	PC	15397.3734149046
1141	1142	PC	1288.41309867321
1141	1146	PC	2467.08335041471
1141	1149	PC	3337.78033040019
1141	1224	PC	504.420529195621
1149	1004	PC	93615.8738804529
1172	1034	PC	16674.4002826671
1172	1101	PC	24996.1613439017
1172	1102	PC	3728.20326099009
1172	1129	PC	90857.90950446
1173	4001	PC	5.9012715015216
1211	1401	PC	.611308742131557
1228	512	PC	11.0756409300621
1228	1444	PC	2.16114330765047
1228	1449	PC	29.4466937066596
1228	1804	PC	2.09803867273207
1241	512	PC	10.5585389076225
1241	1444	PC	2.30093551537333
1241	1449	PC	25.9171860465243
1241	1804	PC	2.25640120780017
1243	219	PC	1.5969268979095
1243	220	PC	.939193846449341
1243	437	PC	.662518722645583
1243	602	PC	5.9650364983838
1243	625	PC	2.76451390366622
1243	1002	PC	9.07792157266352
1243	1071	PC	4.97871544497352
1243	1401	PC	8.98256822887233
1243	1422	PC	.898761104188328
1243	1515	PC	6.11486553332148
1243	1516	PC	2.07459872080441
1243	1517	PC	10.5949845104862
1243	1519	PC	1.61891878503184
1243	1520	PC	2.00562441103621
1243	1524	PC	9.01313810284462
1243	1529	PC	.664018974272952
1243	1638	PC	5.22356307125789
1243	1663	PC	1.1009465246194
1243	1671	PC	25.0343992134917
1243	1674	PC	12.7447850541412
1243	1677	PC	6.5357872072519
1243	1714	PC	2.51968008944788
1243	1721	PC	.759554308682652
1243	1804	PC	10.6727777128948
1243	1865	PC	.76203524473706
1246	928	PC	6483.15523963518
1247	1243	PC	6526.35676142391
1247	4004	PC	.693163292437898
1253	1263	PC	2260.99092161545
1253	1271	PC	4454.31427205573
1263	106	PC	1.19492568649776
1263	119	PC	1.70608454510656
1263	211	PC	1.20846472382365
1263	220	PC	4.63773921376685
1263	309	PC	1.42142457350774
1263	425	PC	4.22987159964411
1263	501	PC	5.28935525804912
1263	514	PC	.59649632098685
1263	536	PC	.957832899865806
1263	541	PC	1.06218654949887
1263	542	PC	.847919446282101
1263	709	PC	2.46909894876443
1263	805	PC	1.08926544610609
1263	806	PC	.941472365829528
1263	807	PC	3.57094275174842
1263	822	PC	2.55737473416924
1263	1101	PC	2.59074065265767
1263	1102	PC	11.2811082175725
1263	1114	PC	.899525929749612
1263	1224	PC	1.01771475165727
1263	1420	PC	.963909913568385
1263	1449	PC	2.58670237509503
1263	1511	PC	1.46802033524017
1263	1546	PC	1.49539799881704
1263	1714	PC	1.36342689284569
1271	709	PC	16.1469475348944
1271	1106	PC	6873.80553629793
1271	1235	PC	38482.2961885696
1271	1241	PC	26483.7884980209
1271	1243	PC	12088.8257270677
1271	1271	PC	13259.3758893519
1271	1432	PC	7180.71173364878
1271	1443	PC	14511.0272863451
1271	1449	PC	34591.0845880194
1271	4001	PC	16.0703820755239
1273	545	PC	6562.95659381579
1273	805	PC	58.7936508174348
1273	1171	PC	77.4538016718188
1273	1243	PC	.69129365975843
1273	1246	PC	8.21542301672191
1273	1247	PC	10.3639012615522
1273	1251	PC	3.9317709882844
1273	1263	PC	1.88826899135109
1273	1271	PC	42.9237304498568
1273	1272	PC	4.395462861105
1273	1273	PC	18.3018293540145
1273	1274	PC	50.0834348740482
1273	1275	PC	17.1362484181465
1273	1277	PC	37.2365425156563
1273	1420	PC	6805.53755149511
1273	1422	PC	6631.26982038464
1273	1671	PC	165.028626983111
1276	128	PC	4.3922777439465
1276	219	PC	.798463448954748
1276	220	PC	3.75677538579736
1276	437	PC	1.98755616793675
1276	602	PC	6.00507030038638
1276	625	PC	2.07338542774967
1276	1002	PC	13.6168823589953
1276	1071	PC	4.23978200910153
1276	1401	PC	11.2968543664421
1276	1515	PC	8.38635115688995
1276	1516	PC	5.53917858454778
1276	1517	PC	19.3235850228122
1276	1519	PC	3.63162862588223
1276	1520	PC	1.33708294069081
1276	1524	PC	8.25784720037161
1276	1638	PC	1.39916867980122
1276	1671	PC	17.3315071478019
1276	1674	PC	9.03339160430888
1276	1677	PC	3.38460408946974
1276	1714	PC	8.39893363149294
1276	1721	PC	1.36514490614585
1276	1828	PC	3.01480591995769
1277	1272	PC	4365.22798672391
1416	58	PC	21.0863911098528
1420	105	PC	.998081143372073
1420	106	PC	1.58951019618822
1420	119	PC	3.08087581618026
1420	211	PC	1.17106831894727
1420	220	PC	2.59281829839156
1420	309	PC	2.22365673012043
1420	501	PC	3.76627346457376
1420	514	PC	.539067743564612
1420	709	PC	1.08455763374274
1420	805	PC	1.35643465418178
1420	814	PC	1.08027022146127
1420	822	PC	4.95240990023119
1420	826	PC	.822793149550613
1420	1101	PC	1.67194407549733
1420	1102	PC	7.98034718246348
1420	1224	PC	2.22622635341382
1420	1241	PC	.971879420465786
1420	1420	PC	2.18108412632312
1420	1449	PC	2.39992569268293
1420	1511	PC	.632895338589582
1420	1714	PC	3.49997274211549
1422	1422	PC	4842.80562484533
1426	512	PC	7.77496275726324
1426	1444	PC	2.15569507376158
1426	1449	PC	29.7640914888875
1429	306	PC	2.16960331913831
1429	616	PC	1.73757311812804
1429	819	PC	2.6510884107864
1429	822	PC	.873691148306235
1429	928	PC	.75946446520576
1429	1037	PC	.97934711028697
1429	1075	PC	3.48374852276881
1429	1120	PC	1.13538846245503
1429	1149	PC	1.10650232976306
1429	1173	PC	1.15214873528667
1429	1224	PC	1.88054261122723
1429	1228	PC	1.04149467508911
1429	1231	PC	.845234224530958
1429	1424	PC	3.41053528024823
1429	1554	PC	.728992529532663
1429	1632	PC	.914343945332416
1429	1703	PC	2.39310457387363
1429	1725	PC	1.10958342378105
1429	1744	PC	1.38528185944147
1429	1804	PC	4.64984829484884
1429	1805	PC	.974284391406038
1429	1813	PC	2.0550781630201
1429	1820	PC	1.89873029122954
1429	1833	PC	3.02845153807881
1429	1834	PC	1.34000932873476
1429	1836	PC	.983437317444214
1429	1841	PC	3.00795653792259
1429	1868	PC	2.58961853107751
1429	1917	PC	1.21467556160306
1429	1924	PC	.939820164987249
1429	1926	PC	.929051326676682
1429	1936	PC	1.46767621733541
1429	1938	PC	2.30487888492003
1429	1971	PC	6.62084973379038
1429	2018	PC	1.56393711890548
1432	1420	PC	6624.99010044979
1432	1422	PC	6445.52011565833
1432	1426	PC	7273.63252405916
1432	1428	PC	7200.76517319471
1432	1432	PC	14711.5018849055
1432	1504	PC	7431.18664898077
1439	306	PC	1.05421769796521
1439	428	PC	.766041084537127
1439	821	PC	1.87219170503873
1439	928	PC	.743958412899716
1439	1075	PC	2.82577741366268
1439	1173	PC	.88084223670921
1439	1224	PC	1.39599496886801
1439	1228	PC	.90292994204028
1439	1231	PC	.837277157775596
1439	1424	PC	1.46242434562761
1439	1554	PC	.81646618958261
1439	1703	PC	1.98055904618183
1439	1729	PC	.850710724681782
1439	1804	PC	4.21148918642626
1439	1805	PC	.98991735009671
1439	1813	PC	4.03455609896197
1439	1833	PC	5.45687643206394
1439	1834	PC	1.34639170070048
1439	1836	PC	.632217630717487
1439	1845	PC	.927766746024258
1439	1848	PC	1.74417706631774
1439	1851	PC	1.26373555004414
1439	1859	PC	.965815198418462
1439	1860	PC	3.31314562235511
1439	1901	PC	.990594281788241
1439	1928	PC	1.10240052737466
1439	1938	PC	1.67169711164989
1439	1971	PC	6.79923484685014
1439	2004	PC	1.89170683859739
1443	219	PC	.952843289932264
1443	306	PC	4.94725534053456
1443	428	PC	1.14906162680569
1443	437	PC	.932478173048086
1443	602	PC	1.47666118673779
1443	605	PC	1.49293410318654
1443	618	PC	.960652182399083
1443	819	PC	1.20815602370966
1443	826	PC	2.0624940703214
1443	827	PC	3.43628014137464
1443	828	PC	.897003275413382
1443	928	PC	.743958412899716
1443	1037	PC	3.53367771970216
1443	1075	PC	7.96650548966691
1443	1173	PC	3.30056767519863
1443	1223	PC	.990578617182388
1443	1228	PC	3.46525519645762
1443	1231	PC	.837277157775596
1443	1412	PC	1.29264593090669
1443	1424	PC	1.51816697763584
1443	1428	PC	2.59426047737266
1443	1703	PC	4.07307951992559
1443	1729	PC	1.27606608702267
1443	1736	PC	1.23814813310066
1443	1740	PC	1.35679817090742
1443	1804	PC	4.84019152716845
1443	1813	PC	6.07380225337534
1443	1820	PC	1.91708002630515
1443	1822	PC	1.58097771159306
1443	1828	PC	2.35083914178869
1443	1832	PC	1.97216300719679
1443	1833	PC	3.22363518762496
1443	1834	PC	3.91234110131083
1443	1836	PC	2.5162261702556
1443	1841	PC	2.38233144733541
1443	1845	PC	.927766746024258
1443	1848	PC	.872088533158869
1443	1851	PC	.842490366696093
1443	1859	PC	1.57373948574785
1443	1860	PC	3.31314562235511
1443	1865	PC	2.70575732535752
1443	1866	PC	2.93452943835751
1443	1868	PC	2.10640389247274
1443	1901	PC	1.48589142268236
1443	1917	PC	1.15272603291486
1443	1924	PC	1.39025974491292
1443	1928	PC	1.10240052737466
1443	1936	PC	1.0226560994348
1443	1938	PC	3.00191950842009
1443	1940	PC	1.0306825856205
1443	1971	PC	18.2692784114248
1443	1972	PC	1.27291611288062
1443	2002	PC	1.80514159770281
1443	2004	PC	4.48325352539962
1443	2017	PC	1.0521672779733
1443	2018	PC	2.40437537711108
1443	2020	PC	1.01662470860948
1444	1502	PC	1.27433669868338
1449	1444	PC	1352.5282277828
1449	1445	PC	523.031461850049
1449	1449	PC	22567.1026327722
1502	1502	PC	21944.5236210431
1502	1547	PC	14219.1876881361
1502	1548	PC	14946.3287576922
1502	5790	PC	.642249312175831
1503	121	PC	28.9845537129836
1503	309	PC	5.60767142670255
1503	605	PC	1.06570980925044
1503	1119	PC	3.27138747422342
1503	1401	PC	2.1075435154783
1503	1443	PC	20.0150274722241
1503	1648	PC	.644875845808541
1504	1535	PC	7255.29114937877
1504	2004	PC	6620.68578077776
1504	4004	PC	4.05348308616294
1514	1251	PC	13727.3963101134
1520	1502	PC	2.10591061947587
1520	5850	PC	11.2886823426366
1528	51	PC	.938091799940564
1551	135	PC	20712.5683740421
1551	417	PC	21214.4351919054
1551	436	PC	3812.9592720082
1551	814	PC	12618.8704357076
1551	826	PC	16440.3597523243
1551	828	PC	5008.4060118355
1551	1263	PC	13999.9434061936
1551	4001	PC	5.40931907313868
1554	1211	PC	8.08608083371385
1557	1503	PC	7839.81047413811
1563	61	PC	8.18226855406563
1617	1617	PC	3295.96305250699
1621	1825	PC	2.29542290878521
1624	1865	PC	.995658815240649
1634	50	PC	299.533115578502
1634	52	PC	52.9183999478612
1634	55	PC	2.15197691908511
1634	56	PC	2.73135532037725
1634	58	PC	77.4426599911272
1634	60	PC	65.8284221658598
1634	62	PC	.910451773459083
1634	4001	PC	5.82413240537007
1634	5101	PC	51.672276560955
1634	5102	PC	8.40098681873608
1634	5106	PC	18.3497416523526
1634	5204	PC	4.96610058250409
1634	5403	PC	32.7063705770695
1634	5501	PC	3.5590387507946
1634	5800	PC	21.4370008478093
1634	5820	PC	8.26487887684523
1634	5840	PC	.731120363535324
1634	5880	PC	18.4987246698277
1634	6030	PC	10.3460428802169
1640	62	PC	15.1741962243181
1648	1825	PC	1.26520982839993
1653	1677	PC	1949.2876161493
1671	1621	PC	13834.8960844771
1671	1677	PC	101830.705475076
1671	1744	PC	21027.5163720548
1675	1677	PC	1438.05900269293
1677	1675	PC	1438.05900269293
1677	1677	PC	2157.0885040394
1714	62	PC	.72376317748717
1714	1663	PC	4.14442618614229
1714	1664	PC	1.11627496955503
1714	1665	PC	5.57436234012582
1714	1714	PC	13.9028385021769
1714	1717	PC	.791328375373888
1714	1719	PC	1.04512502145457
1721	51	PC	95440.2667771696
1721	58	PC	6735.97583653258
1721	306	PC	10.6089937409301
1721	604	PC	6524.1822136347
1721	3001	PC	16017.6585881237
1721	5403	PC	111008.9746201
1729	136	PC	5571.09688801401
1729	627	PC	24717.4411948812
1729	805	PC	23090.18757843
1729	1102	PC	3913.15537409545
1729	1228	PC	5918.87809505393
1729	1271	PC	6654.14901904749
1729	1432	PC	5176.76475538653
1729	1502	PC	13189.0416539976
1738	50	PC	31.6837217163761
1751	104	PC	.570126651974145
1804	1804	PC	36.7947616452889
1804	1813	PC	11.0426131142863
1804	1834	PC	40.870866695327
1804	1835	PC	26.5710873875433
1804	1849	PC	33.672801094011
1804	1860	PC	11.0871850686939
1804	1865	PC	56.1621850427475
1804	1866	PC	10.3741176026945
1804	1871	PC	2.43418357544214
1804	1931	PC	192.704181878801
1804	1941	PC	82.6203275604757
1804	1971	PC	1.10054969270982
1804	1972	PC	325.921649624268
1804	2002	PC	262.851146093711
1804	2003	PC	215.449846536198
1804	2004	PC	268.939321111342
1804	2012	PC	44.2092464745166
1804	2014	PC	46.3362867711025
1804	2018	PC	12.6638579378149
1804	2019	PC	130.895505189775
1804	2023	PC	38.8337825439208
1804	2028	PC	254.40030800922
1804	2030	PC	259.812128838995
1832	1677	PC	2.76005059506477
1833	51	PC	25159.5054064261
1833	1850	PC	5.00493529141055
1833	5850	PC	177.370899900238
1833	5880	PC	5.06131293310762
1841	4001	PC	27.6206683401804
1845	805	PC	247631.842314806
1845	1246	PC	6415.54405507608
1845	1263	PC	7560.4807516601
1845	1271	PC	9456.54417360543
1845	1273	PC	3401.17039339596
1845	1671	PC	1779.6798481847
1845	1833	PC	873.148247838092
1850	104	PC	34.7310396904618
1850	136	PC	38.6903962309755
1850	217	PC	155.629685265915
1850	219	PC	52.7830800275521
1850	230	PC	28.5396035039079
1850	231	PC	586.38072428535
1850	235	PC	2.88608073199398
1850	237	PC	9.46107380917892
1850	305	PC	138.126898527853
1850	306	PC	15457.2846095438
1850	309	PC	43.321618174645
1850	403	PC	1.05750412786843
1850	602	PC	1456.22428255504
1850	626	PC	5.23488990932017
1850	805	PC	1186.56427388554
1850	806	PC	970.838934062635
1850	1124	PC	42.2402485702668
1850	1274	PC	11.6612645085659
1850	1502	PC	409.154917365126
1850	1671	PC	1096.31938235133
1850	1676	PC	5.51029637202765
1850	1677	PC	10.102210015384
1850	1804	PC	430.545771252996
1850	1805	PC	8.90485415781855
1850	1833	PC	4676.98684870118
1850	1850	PC	3151.712060824
1850	1901	PC	36.1769067258134
1850	1931	PC	6.64435615967824
1850	1971	PC	6.89173564441014
1850	1972	PC	4.22396700786428
1870	1676	PC	3.42827022162225
1870	1972	PC	4.63840945985638
1871	5930	PC	44.4398858715294
1901	104	PC	795.770508267008
1901	217	PC	454.212728600456
1901	219	PC	3450.7434385001
1901	230	PC	58.9689637216362
1901	231	PC	1293.33611213805
1901	233	PC	6556.88973948447
1901	235	PC	1003.06092834058
1901	237	PC	30.7309150023412
1901	302	PC	33.9651278406983
1901	305	PC	50.149555597689
1901	306	PC	654.560335749854
1901	309	PC	523.666004959069
1901	403	PC	1.13959790332578
1901	418	PC	7357.01136191518
1901	625	PC	21.5467568027726
1901	626	PC	32.1481290737432
1901	627	PC	2814.30606986514
1901	706	PC	77.3693387595617
1901	709	PC	18.0391290695453
1901	805	PC	551.81179432615
1901	926	PC	3.6117383009436
1901	1003	PC	62.7646120579653
1901	1004	PC	12.3871951284785
1901	1017	PC	844.718416382694
1901	1072	PC	528.756960905676
1901	1102	PC	79.1378442595815
1901	1124	PC	1678.06975738921
1901	1154	PC	204.231205607737
1901	1171	PC	94.5146826647766
1901	1172	PC	112.209212296082
1901	1211	PC	40.3100533524133
1901	1271	PC	185.437800265143
1901	1273	PC	61.3534207734387
1901	1274	PC	16.8880853812898
1901	1418	PC	1.38915946690076
1901	1432	PC	111.940530274626
1901	1502	PC	57.9527172812373
1901	1504	PC	27.7587501788487
1901	1671	PC	19604.2079704674
1901	1676	PC	5.13597009761586
1901	1677	PC	565.493653066132
1901	1804	PC	26.9170865995646
1901	1805	PC	9.05446721233062
1901	1833	PC	1017.06091144503
1901	1850	PC	2114.37178074999
1901	1901	PC	49.322617850439
1901	1971	PC	14.0150514140814
1901	1972	PC	13.6985825111828
1901	2012	PC	74.7155044741243
1913	1850	PC	5462.49698066342
1913	1860	PC	14950.0242087049
1924	301	PC	17.731796294932
1924	403	PC	72.9155025995087
1924	716	PC	77.8790878392267
1924	806	PC	26.9076181892107
1924	906	PC	21.5180714401348
1924	1130	PC	16.4971457847539
1924	1529	PC	12.0678997712221
1924	1531	PC	41.3755685603204
1924	1825	PC	27.5128929592507
1924	1837	PC	62.7014357583737
1924	1917	PC	79.2644152550406
1924	1919	PC	961.358639781792
1924	1920	PC	100.641651382855
1924	1922	PC	12424.0783608518
1924	1923	PC	292.739178167229
1924	1924	PC	6228.81962719067
1924	1925	PC	1130.85693676473
1924	1926	PC	368.825887022851
1924	1927	PC	265.569984230515
1924	1928	PC	387.943853623133
1924	1929	PC	3229.89299274326
1924	1931	PC	3845.42073020629
1924	1933	PC	7009.66844357745
1924	1938	PC	1422.36544729613
1924	1939	PC	1773.90663748052
1924	1940	PC	82.8633052053064
1924	1973	PC	58.7576762469002
1924	2022	PC	84.933819194789
1971	3001	PC	17.1963766853526
1972	826	PC	.94182109367604
1972	1933	PC	14285.854695175
2011	5101	PC	44.2350811145272
2011	5880	PC	22.0715581444626
2012	58	PC	179.507982388914
2012	62	PC	27.5894476805783
2012	3001	PC	55.0869305355546
2012	4004	PC	18.3285897424642
2012	5404	PC	66.4409079043686
2012	5930	PC	25.382291866132
3001	101	PC	2.69195202258794
3001	106	PC	282.405320024421
3001	123	PC	1926.37923860831
3001	230	PC	6290.98289509525
3001	302	PC	1.94857633062024
3001	626	PC	10.1620562443548
3001	627	PC	7472.62460950658
3001	704	PC	817.439680956221
3001	1129	PC	13.1270416213385
3001	1271	PC	551.567828213048
3001	1273	PC	1.78719343822252
3001	1672	PC	1.45079212043447
3001	1677	PC	3.46247083742976
3001	1859	PC	1.12747835340514
3001	1871	PC	159.006241357588
3001	1925	PC	1.05073024956128
3001	1933	PC	28.9879189121613
3001	1938	PC	11.1582337775412
3001	1940	PC	1.14978324301536
3001	1941	PC	1.60685568748124
3001	1971	PC	2.69167222610307
3001	1972	PC	32.2147760741992
3001	1974	PC	1.78859487158573
3001	2002	PC	14.2282671402185
3001	2003	PC	5.5827753606412
3001	2004	PC	.857598319049732
3001	2011	PC	15.6887668101569
3001	2012	PC	18.0556280833869
3001	2018	PC	2.71113073378807
3001	2020	PC	9.01990203253167
3001	2021	PC	116.134193702036
3001	2022	PC	5.30815625543562
3001	2023	PC	1.40048503024768
3001	2025	PC	21.8879573980242
3001	2027	PC	4.00472813061224
3001	2028	PC	1.94677401678501
3001	2030	PC	44.8455016465416
4001	104	PC	2.84142501933627
4001	105	PC	2529.13578352365
4001	119	PC	213.840114948637
4001	213	PC	5.9804627798534
4001	214	PC	4.84342189464079
4001	217	PC	14.6140226288322
4001	219	PC	5.86642779926011
4001	220	PC	10.3299132272522
4001	226	PC	20.0967639370803
4001	230	PC	73.2785985291811
4001	235	PC	90.4559311275314
4001	237	PC	1544.63583409659
4001	301	PC	1.4503607915412
4001	302	PC	2554.49130730627
4001	303	PC	24.9390706759243
4001	304	PC	56.9466511976466
4001	305	PC	15.0768633258091
4001	306	PC	3137.73317139782
4001	307	PC	4.28219331242996
4001	309	PC	44.3288813597856
4001	311	PC	17.3563531873239
4001	312	PC	39.0945427948935
4001	403	PC	58.7446429227279
4001	417	PC	4.07440256378163
4001	502	PC	1.48273151996228
4001	529	PC	74.4244911599526
4001	602	PC	62.5570110801447
4001	623	PC	3.51412786269455
4001	625	PC	42.6987771637823
4001	626	PC	35.1069632592879
4001	627	PC	203182.29528994
4001	628	PC	134.691758822736
4001	702	PC	233.320453008745
4001	704	PC	10741.7029666069
4001	706	PC	1.97918925978827
4001	709	PC	32.6598129318841
4001	805	PC	2482.38188934254
4001	806	PC	40.1345960394011
4001	819	PC	1.23693785165073
4001	821	PC	3.14998030391984
4001	901	PC	1.09794788219473
4001	904	PC	.753647475560056
4001	906	PC	2.60945478688701
4001	1002	PC	2.09023342294123
4001	1072	PC	211.942106336587
4001	1075	PC	1876.91013869979
4001	1101	PC	3.27678605372051
4001	1102	PC	1853.67898388061
4001	1106	PC	3.00617349718824
4001	1119	PC	3.48587582670249
4001	1120	PC	3797.6282691469
4001	1121	PC	63.3234607041451
4001	1129	PC	.702574058606849
4001	1149	PC	109.79738576431
4001	1154	PC	.730735246340659
4001	1172	PC	67.4812921177893
4001	1173	PC	10.3764865965226
4001	1231	PC	47.6355649107978
4001	1271	PC	387.808726653312
4001	1272	PC	6.35378503362592
4001	1274	PC	7.14999869698756
4001	1275	PC	4.93774965693967
4001	1277	PC	56.0803906708043
4001	1504	PC	42.9616634891266
4001	1535	PC	2.76707756442814
4001	1571	PC	.886782400234099
4001	1624	PC	46.8160876032747
4001	1634	PC	9.43274870136838
4001	1671	PC	2.20468588301738
4001	1674	PC	41.9434364818465
4001	1714	PC	120.033179534352
4001	1866	PC	1.54394996132715
4001	1931	PC	11.5177990659648
4001	2003	PC	85.9849421571813
4002	119	PC	34.3050854620996
4002	230	PC	158.067608283542
4002	237	PC	103.710539624024
4002	529	PC	407.61482309548
4002	1119	PC	91.671773612057
4002	1122	PC	3.31492773244817
4002	1149	PC	3.598239802412
4002	1172	PC	6.42587733144146
4002	1221	PC	8.05133801529128
4002	1223	PC	5.81298268136397
4003	304	PC	5.31429908350975
4003	306	PC	1.27321748875754
4003	309	PC	15.8936907775338
4003	311	PC	4.92064729954606
4003	626	PC	1.21826540105489
4003	1072	PC	1.4388327592604
4003	1102	PC	259.066556912857
4003	1172	PC	1.58072271291516
4004	233	PC	25.328364839748
4004	237	PC	129.328106362875
4004	627	PC	25.08627022432
4004	904	PC	83.2301954160173
4004	1072	PC	6.36122249151737
4004	1120	PC	7.43830473793705
4004	1172	PC	14.1307030396961
4004	1173	PC	2.15553097215703
4004	1251	PC	1.32613119048928
4004	1931	PC	209.613077152383
4005	220	PC	8.40634393792665
4005	301	PC	.847581497346809
4005	302	PC	1.39869399489597
4005	304	PC	70.1192240185314
4005	517	PC	1.19131282692217
4005	626	PC	1.77202240153439
4005	627	PC	253.676914110162
4005	1124	PC	31.346446449984
4005	1129	PC	3.24170135813335
4005	1231	PC	5.34655360734764
4005	1805	PC	1.33971535925205
5101	105	PC	16.5546387471776
5101	106	PC	1.78050025358269
5101	123	PC	34.1439750769934
5101	124	PC	1.32945727638238
5101	138	PC	35.5039354182106
5101	214	PC	2.51577499135382
5101	217	PC	1.53811991754614
5101	219	PC	.924870050437099
5101	220	PC	148048.304010708
5101	226	PC	1377.20928786589
5101	230	PC	37.0411089071601
5101	231	PC	1.09966732377949
5101	235	PC	3.88359794466302
5101	301	PC	40.6334752378265
5101	302	PC	274.90180268374
5101	304	PC	1.23016182488652
5101	305	PC	76.9515427939511
5101	306	PC	55.5774810865479
5101	415	PC	.786307850314404
5101	418	PC	524.367275868022
5101	419	PC	55.6520324991065
5101	534	PC	9.00602222029993
5101	602	PC	130289.265416776
5101	626	PC	151.282720817662
5101	627	PC	140.478719863858
5101	713	PC	4.49842456810248
5101	806	PC	285.581974632694
5101	904	PC	.957012667377849
5101	1004	PC	2.83271081140859
5101	1018	PC	1.17739267441491
5101	1121	PC	9.24918387987674
5101	1124	PC	4219.32856139472
5101	1172	PC	32.2455458262624
5101	1273	PC	61.6636858671157
5101	1277	PC	56.8839539987508
5101	1432	PC	.719898454836145
5101	1511	PC	2.42626110686629
5101	1535	PC	137.762874897095
5101	1620	PC	10.9002260691071
5101	1931	PC	6.84548435052622
5101	1973	PC	27.6140986625747
5102	219	PC	2.16949544889033
5102	226	PC	916.151408596968
5102	230	PC	63.5017089048017
5102	304	PC	27.6786410599466
5102	305	PC	70.525177420744
5102	602	PC	28.0679709570488
5102	626	PC	1.54313617466953
5102	627	PC	.718807801231974
5102	904	PC	3.002627243898
5102	1121	PC	18.9583648284449
5102	1124	PC	6540.61019871387
5102	1172	PC	15.7317835451261
5102	1277	PC	13.6973248980152
5103	226	PC	18.6183813026285
5103	306	PC	1.56845632673031
5103	418	PC	138.130084814886
5103	612	PC	1.12606662810233
5103	720	PC	25.8551279567137
5103	1124	PC	1.63262741927
5104	220	PC	16731.0264256316
5104	302	PC	3.72000935845682
5104	306	PC	1.32857477087744
5104	819	PC	29.2157709576128
5106	105	PC	237.698603906144
5106	214	PC	.78055629086129
5106	220	PC	19855.9759965755
5106	226	PC	1662.92290178378
5106	233	PC	1.07709511086201
5106	304	PC	.810676642600214
5106	305	PC	43.1073306676733
5106	306	PC	43.4197917711945
5106	529	PC	24.2568893149775
5106	602	PC	13260.9021306049
5106	704	PC	34.183829778547
5106	1120	PC	1.54240687045863
5106	1121	PC	9.70557783836955
5106	1124	PC	2398.05757433775
5106	1172	PC	46.6456902374781
5106	1173	PC	4.30148180666003
5106	1246	PC	116.929229732114
5106	1271	PC	3.8034514226737
5106	1272	PC	1.89988829519063
5106	1273	PC	61.1002115822751
5106	1276	PC	15.3118012184932
5106	1277	PC	354.741360741855
5201	211	PC	28.2427191452255
5201	219	PC	1.69432116677871
5201	226	PC	5837.24368389698
5201	230	PC	269.063216940062
5201	302	PC	11.7259025148183
5201	309	PC	7.54089198655434
5201	418	PC	4880.16444485815
5201	602	PC	546.383575134623
5201	928	PC	450.916363240929
5201	1121	PC	6.00518366437913
5201	1134	PC	7.45622922144641
5201	1228	PC	18.5383987884899
5201	1273	PC	3.23385241734576
5203	302	PC	1.6607184635968
5203	306	PC	8.13875063344919
5203	806	PC	5.03959560344872
5402	305	PC	28.0661420347859
5402	501	PC	2.47873622799091
5402	806	PC	10.7455132845004
5403	105	PC	1655.08657534648
5403	211	PC	556.140830887526
5403	214	PC	1.10656707701443
5403	230	PC	72.8150824057884
5403	231	PC	5.03237588848239
5403	233	PC	1.0706990591348
5403	301	PC	26.6305431851433
5403	302	PC	106.385624778011
5403	304	PC	29.9175355812401
5403	305	PC	92.1194380948018
5403	306	PC	22.2659290304459
5403	403	PC	120.392878804867
5403	418	PC	138.415568297016
5403	805	PC	4.86186745593979
5403	1002	PC	21.7880263577772
5403	1074	PC	2.52561069444644
5403	1102	PC	740.221879633549
5403	1124	PC	46.5451193051081
5403	1224	PC	10.1566844623856
5403	1246	PC	23.8434123840791
5403	1271	PC	1.47483269336526
5403	1272	PC	52.9175850111124
5403	1274	PC	1.3474385072274
5403	1277	PC	165.918678003592
5403	1441	PC	44.0601077595025
5403	1504	PC	25.0061510533427
5403	1677	PC	2.20209518280232
5403	2012	PC	28.4208960571831
5404	213	PC	.701373645385949
5404	231	PC	3.35491725898826
5404	233	PC	1.94056209403524
5404	305	PC	1143.35422555157
5404	418	PC	85.0740776745422
5404	1526	PC	2.66006133620019
5404	1721	PC	1.09876877687643
5501	101	PC	582.69910576619
5501	211	PC	4626.78100803923
5501	304	PC	31.9952789034734
5501	305	PC	425.998889149076
5501	306	PC	60.1795164734484
5501	307	PC	67.3279868378639
5501	309	PC	37.2394587629646
5501	501	PC	1.25390615638836
5501	709	PC	30.5688405768478
5501	1002	PC	2.86964249590236
5501	1072	PC	5.20939094753498
5501	1504	PC	28.075625888579
5501	1674	PC	2.00908801678023
5605	106	PC	192.375186234393
5605	219	PC	881.788431476105
5605	220	PC	8.90083475780469
5605	231	PC	21.2999969087321
5605	301	PC	1.41591626044438
5605	302	PC	1817.69941407056
5605	304	PC	2.50953012276849
5605	305	PC	3.23778592310131
5605	308	PC	6.08930103318825
5605	309	PC	25.321651003464
5605	502	PC	45.8477716672178
5605	602	PC	3.20994775528031
5605	604	PC	2.95073050907433
5605	626	PC	2.9681375225701
5605	627	PC	24.4833991652222
5605	704	PC	1.0745284728183
5605	720	PC	30.4321185931187
5605	806	PC	1.25072933098691
5605	926	PC	30.7922615120125
5605	1074	PC	1.53705095293331
5605	1121	PC	4.20362856506539
5605	1124	PC	291.696098909573
5605	1130	PC	850.457454087974
5605	1172	PC	9.69629682308637
5605	1173	PC	9.77892551035239
5605	1273	PC	35.3641360942318
5605	1277	PC	1.38173694195682
5605	1535	PC	8.79412946576051
5605	1721	PC	2.33473831107712
5700	135	PC	14.5441560833726
5700	211	PC	140.258908737477
5700	220	PC	182.473293670245
5700	301	PC	60.2385642410429
5700	305	PC	513.307164346747
5700	306	PC	20.541242151955
5700	307	PC	30.9656334560434
5700	309	PC	30.286584128706
5700	521	PC	15.0669718916594
5700	602	PC	263.914040947388
5700	624	PC	1.30622481027223
5700	626	PC	9.52338983713516
5700	706	PC	3.70634692844245
5700	1172	PC	2.23456710780279
5700	1551	PC	28.7539044035362
5700	1804	PC	1.05026353667007
5710	105	PC	5400.91473341028
5710	106	PC	13407.2293393603
5710	219	PC	31.8481422326825
5710	305	PC	270.144766906904
5710	306	PC	4.56636069397875
5710	309	PC	450.460657036944
5710	612	PC	3.33183243491454
5710	904	PC	1.49533229277789
5710	1121	PC	10.4370092086909
5710	1273	PC	509.576744551452
5710	1277	PC	780.806316503548
5710	1677	PC	16656.6790511193
5710	1804	PC	1.79225859500013
5720	301	PC	17.1619876189918
5720	302	PC	2.54643497751509
5720	709	PC	235.454750025836
5720	806	PC	82.4601079743335
5720	1149	PC	29.0180629226775
5720	1227	PC	765.145745362116
5720	1246	PC	103.034197315144
5720	1277	PC	264.900285800419
5720	1504	PC	355.357312286911
5730	304	PC	1.47619418986382
5730	1017	PC	54.6804031860925
5730	1120	PC	7.67633048955103
5730	1515	PC	.889129586742309
5740	306	PC	1.53770228110815
5740	602	PC	2.981084935434
5750	128	PC	4.01749688665241
5750	305	PC	11.5684418012328
5750	403	PC	1.51755729585967
5750	628	PC	.991547105585511
5760	230	PC	2.23578365401191
5760	502	PC	72.1827502325432
5760	627	PC	347.922501984424
5760	1620	PC	162.358226109581
5770	106	PC	33.2938564248123
5770	136	PC	1.41533636148021
5770	213	PC	7.98313502801793
5770	220	PC	6.73743742083827
5770	301	PC	21.8353723917357
5770	402	PC	.778860082127916
5770	806	PC	5.53842020466345
5790	301	PC	171.463645638157
5790	302	PC	8.52256112281378
5790	306	PC	310.981218845837
5790	901	PC	31.3070411782576
5790	904	PC	22.7290508502239
5790	1172	PC	61.3332387783148
5790	1173	PC	30.3283207782494
5790	2012	PC	41.8635022301121
5800	101	PC	1.49227775165201
5800	136	PC	1.85062397173287
5800	211	PC	46.0489452729812
5800	214	PC	13.461090525033
5800	219	PC	.891747982515109
5800	227	PC	4.42440150087683
5800	233	PC	4.55398882977287
5800	235	PC	2.08049889892662
5800	302	PC	186.640152071782
5800	306	PC	40.703594461845
5800	415	PC	5.89114659012986
5800	602	PC	32.0231899461876
5800	626	PC	6.6746177124462
5800	716	PC	7.87292865966495
5800	904	PC	1.49533229277789
5800	1101	PC	5.253224409369
5800	1219	PC	1.87015613812911
5800	1221	PC	.844272250214571
5800	1273	PC	5.36525514696
5800	1275	PC	4.89977638991781
5800	1503	PC	9.1641657824044
5800	1504	PC	127.40944570563
5800	1514	PC	4.16092124527016
5800	1525	PC	.716020175870083
5800	1620	PC	10.1820935280836
5800	1648	PC	41.6332657727065
5800	1653	PC	6.9359153809191
5800	1657	PC	.943216194240419
5800	1804	PC	6.35654381693378
5800	1818	PC	3.52461731617088
5800	1820	PC	3.1781875053719
5800	1833	PC	32.0027034998871
5800	1871	PC	4.85840303216576
5800	2004	PC	.909890899479593
5810	216	PC	4.14568980191869
5810	217	PC	2.20484781649879
5810	220	PC	9.14808016774371
5810	231	PC	108.848426624953
5810	305	PC	11.8095535189106
5810	502	PC	4.70284009805367
5810	627	PC	1.58528240034013
5810	906	PC	1.18231589886414
5810	1071	PC	.892892669753792
5810	1271	PC	1.05467686792981
5810	1438	PC	2.21793969097195
5810	1504	PC	5.17233970247773
5810	1515	PC	.940877869568581
5810	1662	PC	10.7299475283126
5810	1671	PC	5.76430797851194
5810	1672	PC	2.8497702365677
5810	1677	PC	40.1377184319486
5810	1833	PC	7.98341122727671
5810	1870	PC	12.5518182215851
5810	1871	PC	7.48091693072105
5820	119	PC	6.98807296450176
5820	124	PC	1.2208055797818
5820	217	PC	4.56539103689613
5820	219	PC	1.92490171654333
5820	220	PC	.729373959320107
5820	301	PC	1.84524273732977
5820	302	PC	.778692435153165
5820	304	PC	.831589393623285
5820	305	PC	450.07930687123
5820	306	PC	1.05301852210286
5820	309	PC	.76270033142964
5820	502	PC	152.278031823761
5820	602	PC	23.1456598471236
5820	627	PC	23.6035003117616
5820	704	PC	25.1351689548139
5820	709	PC	2.10566302731991
5820	906	PC	2.62736866414253
5820	919	PC	.759445181400118
5820	1173	PC	3.23329645823554
5820	1272	PC	3.9884179813931
5820	1277	PC	2.20489937546302
5820	1502	PC	1.85132140228529
5820	1514	PC	.743021650941099
5820	1535	PC	4.25522393504541
5820	1657	PC	1.4327334596057
5820	1818	PC	.70541849375611
5820	1865	PC	7.20203958037879
5820	1920	PC	9.99172854000876
5820	1971	PC	7.02393497957932
5820	1972	PC	1.08369282542081
5820	2004	PC	2.81334082712656
5820	2019	PC	1.93207745327324
5831	806	PC	197.920886625108
5831	1216	PC	745.542760781085
5831	1648	PC	182.712419766845
5831	1867	PC	2.52906858115186
5840	101	PC	2.91018545195535
5840	105	PC	1.50919748511837
5840	106	PC	2.39730749430488
5840	213	PC	1.22740387942541
5840	214	PC	28.3722863748548
5840	215	PC	1.40449017808448
5840	219	PC	3.99375703597838
5840	220	PC	6313.76263127497
5840	221	PC	5.7213687635391
5840	226	PC	4.93063708318368
5840	228	PC	.777400877840537
5840	231	PC	1.93466895268323
5840	235	PC	8.36915357074881
5840	302	PC	1.96579859616865
5840	304	PC	4.67461493456876
5840	305	PC	10.2164939556825
5840	307	PC	10.3333593290467
5840	308	PC	11.2559806977116
5840	310	PC	1.30889218167925
5840	312	PC	29.5238837972764
5840	402	PC	45.9249697460358
5840	502	PC	34.1433367492954
5840	536	PC	3.6567958665602
5840	602	PC	2352.33187095346
5840	612	PC	.827990167722301
5840	619	PC	7.17624477480193
5840	623	PC	62.4615264792173
5840	624	PC	1.9475811921159
5840	626	PC	5.90304962511143
5840	706	PC	3.4839661127359
5840	805	PC	1.27128830514574
5840	806	PC	3.14699638119287
5840	906	PC	22.1212498935964
5840	911	PC	.814173804116073
5840	937	PC	3.47946364968283
5840	1004	PC	5.20463092555673
5840	1037	PC	1.19984009660637
5840	1102	PC	2.71172677249537
5840	1149	PC	3.16180813605494
5840	1172	PC	14.3103306207092
5840	1173	PC	1.37714478776699
5840	1244	PC	4.62543367641205
5840	1247	PC	1.10830273839703
5840	1273	PC	3.52661405664334
5840	1277	PC	4.28730434117808
5840	1401	PC	21.007660549961
5840	1503	PC	1.69264724373086
5840	1515	PC	.925588604188092
5840	1545	PC	3.00194706189683
5840	1551	PC	.905260634399465
5840	1674	PC	1.26944310538016
5840	1820	PC	1.82290345780915
5840	1833	PC	34.7436151546509
5840	1853	PC	.647532767501826
5841	105	PC	75.5856407130119
5841	220	PC	6585.78326751693
5841	238	PC	26.1696514125786
5841	301	PC	1.01365334370649
5841	302	PC	1.62012312337554
5841	305	PC	5.90477675945528
5841	308	PC	2.26718824326585
5841	919	PC	1.42016248921822
5841	937	PC	1.67943013865482
5841	1149	PC	30.3645010422897
5841	1274	PC	2.78919770996071
5841	1449	PC	3.20562098318094
5841	1502	PC	1.05377583559007
5842	304	PC	10.0442713001984
5842	626	PC	2.65803360230158
5842	706	PC	8.04277283472011
5842	709	PC	14.3723743841487
5842	805	PC	56.0855426028412
5842	806	PC	3.89156545506484
5842	1243	PC	2.9271455946008
5842	1504	PC	1.90026732344451
5842	1653	PC	1.15194398808971
5842	1751	PC	3.62718189724534
5842	1865	PC	8.94253247897033
5842	1924	PC	2.92511007236523
5860	231	PC	25.5421033984306
5860	304	PC	200.179313116483
5860	521	PC	31.4984817867604
5860	1516	PC	4.47981722827175
5870	627	PC	400.785995237337
5880	106	PC	16.2867077894338
5880	220	PC	139.249851104705
5880	231	PC	16.0949049095092
5880	301	PC	7.80537677890494
5880	302	PC	16.7597247022539
5880	305	PC	177.653819940986
5880	306	PC	208.01790426466
5880	307	PC	57.4522477076749
5880	308	PC	4.64140056529683
5880	309	PC	286.107346746631
5880	418	PC	28.0970647084907
5880	425	PC	4.55465338306607
5880	502	PC	19.4086199271878
5880	602	PC	1746.31016593334
5880	612	PC	964.244229722682
5880	621	PC	3.14558921222533
5880	626	PC	732.279643436301
5880	627	PC	80.7676365044728
5880	704	PC	2.07993523101085
5880	706	PC	53.0625335255344
5880	709	PC	88.9079486605124
5880	805	PC	59.8886033683763
5880	806	PC	1421.5877603868
5880	1072	PC	2.04089753086581
5880	1074	PC	21.3171747098934
5880	1121	PC	71.5817892793993
5880	1127	PC	278.454105933883
5880	1149	PC	3.86056309123301
5880	1172	PC	174.97762169926
5880	1173	PC	28.4841442798484
5880	1272	PC	63.5770485473786
5880	1273	PC	10.9142519085419
5880	1274	PC	19.1581256845786
5880	1277	PC	16.8429813403425
5880	1503	PC	25.0978355094478
5880	1504	PC	.989798843489722
5880	1551	PC	11.8183420641653
5880	1634	PC	63.4730824651955
5880	1671	PC	1.17488254753041
5880	1674	PC	9.4793720869102
5880	1721	PC	11.6271828240892
5880	1804	PC	.690616978606716
5880	1841	PC	75.2226139865974
5910	220	PC	10.0134391025303
5910	226	PC	4.74930421317669
5910	230	PC	23.3752759564827
5920	1216	PC	22.3270605440368
6000	101	PC	29.7480205394682
6010	1277	PC	53.3463154452302
6020	104	PC	2864.70629457995
6020	105	PC	49071.0330401624
6020	106	PC	42984.7647033293
6020	124	PC	2348.37945824125
6020	125	PC	802.303756363803
6020	211	PC	91.0768884716003
6020	213	PC	395.374343527565
6020	217	PC	9.46728504350848
6020	219	PC	10333.3743411262
6020	220	PC	1655.08055376459
6020	221	PC	91.7085661762591
6020	228	PC	8.85070899421451
6020	231	PC	1070.01234033393
6020	236	PC	469.83809052004
6020	238	PC	14.6913889458042
6020	301	PC	1304.77975069866
6020	302	PC	32.5156373554004
6020	305	PC	548.173640949505
6020	306	PC	3337.73780153516
6020	307	PC	10.2349463830558
6020	309	PC	28413.3601305074
6020	311	PC	5.18882257737133
6020	502	PC	141.426659458697
6020	521	PC	981.682871988128
6020	602	PC	1.43068603791104
6020	605	PC	64.174583929858
6020	612	PC	1813.05559019597
6020	626	PC	5127.33205198641
6020	706	PC	9575.03348559112
6020	709	PC	4056.62103326633
6020	720	PC	255.852559290299
6020	722	PC	46.037899518467
6020	723	PC	1.28189356044017
6020	805	PC	48.0304486202842
6020	806	PC	206.786026780519
6020	906	PC	4.24200613410648
6020	1002	PC	63.7698332422747
6020	1018	PC	54.7487593602933
6020	1072	PC	1827.32780874836
6020	1073	PC	30.9961312500246
6020	1074	PC	5215.60930719935
6020	1102	PC	155.782351784974
6020	1106	PC	714.56834575559
6020	1119	PC	1.20979698647041
6020	1121	PC	16.0938922205361
6020	1124	PC	36.8919375841044
6020	1127	PC	10.0735099862879
6020	1146	PC	25.4745306155257
6020	1149	PC	512.157203360087
6020	1172	PC	156.874754084762
6020	1173	PC	842.030631377389
6020	1216	PC	27.8453965307731
6020	1221	PC	55.129300576925
6020	1244	PC	29.184283910695
6020	1245	PC	144.227995889686
6020	1246	PC	.681240353830832
6020	1271	PC	31.8485465344658
6020	1272	PC	305.167873116861
6020	1273	PC	6167.62660429968
6020	1275	PC	228.01354419302
6020	1277	PC	22957.7344576185
6020	1432	PC	774.873975312456
6020	1502	PC	4.88222539380722
6020	1503	PC	26.5832419688501
6020	1504	PC	344.179053831273
6020	1516	PC	.825875622551343
6020	1520	PC	467.270074781015
6020	1551	PC	1138.9762682259
6020	1671	PC	16.4768533677914
6020	1674	PC	1161.15183639059
6020	1675	PC	67.7144268711712
6020	1677	PC	44097.6425711733
6020	1804	PC	57.4239653838041
6020	1805	PC	503.509689185562
6020	1901	PC	26.8618092899658
6020	1931	PC	161.357845405261
6030	309	PC	91.2903090248283
6030	1504	PC	.960507632338361
6030	1671	PC	1.90934605850036
6040	106	PC	22.6882679578198
6040	309	PC	87.1052984965644
6040	521	PC	62.8341223657929
6040	706	PC	31.0443618726339
6040	1274	PC	64.9710349303102
6040	1277	PC	124.037839310769
