50	219	PC	7.48237932547115
50	233	PC	2.18874574461593
50	301	PC	1391.64603459596
50	427	PC	11.1856633938476
50	517	PC	955.516956473761
50	716	PC	315.092641706624
50	722	PC	11.9129753111315
50	806	PC	.622315090025082
50	1002	PC	1.14272470575815
50	1636	PC	373.915260061077
51	301	PC	.922306132301641
51	1833	PC	388.308760354487
52	105	PC	32.3212319793054
52	106	PC	144.870447867051
52	125	PC	33.6406255535264
52	128	PC	98.5009028252907
52	135	PC	54.0389264306484
52	211	PC	190.959488512639
52	219	PC	2.39966349778397
52	220	PC	1.52582115215902
52	226	PC	16.7670515704804
52	230	PC	5753.68365245367
52	231	PC	7.65418273757282
52	233	PC	126.13890958886
52	235	PC	102.664629670785
52	301	PC	70.3669191675267
52	402	PC	25.2072689114035
52	417	PC	180.423642193469
52	426	PC	31.7403581189599
52	605	PC	752.174689166631
52	625	PC	18.3649093895417
52	627	PC	1.0718499603174
52	704	PC	12.554071597607
52	706	PC	72.8834924580679
52	806	PC	.622315090025082
52	807	PC	160.865817057595
52	904	PC	22.8287617822237
52	906	PC	23.9356234942582
52	1034	PC	3.14718077937162
52	1146	PC	2.10098803596267
52	1173	PC	459.669449928807
52	1243	PC	.901033890297099
52	1271	PC	2.1950801208346
52	1416	PC	.964295479717205
52	1548	PC	65.5942926815611
52	1563	PC	9.5011647457793
52	1922	PC	.692907705382904
52	2101	PC	36.762300914839
54	301	PC	1.15452572855811
54	806	PC	2.28938485375547
54	1502	PC	28.4947613217257
54	1871	PC	29.2329573680418
55	213	PC	1.47392472068656
55	231	PC	1.2222532836325
55	235	PC	1.14885876441191
55	301	PC	1721.38252602379
55	716	PC	33.8316888842242
55	1130	PC	175.467518255355
56	124	PC	38.7695914254606
56	235	PC	.85456375402129
56	301	PC	12158.7069733598
56	425	PC	2.42440354311315
56	428	PC	7.735400373974
56	502	PC	.913535410893177
56	627	PC	29.7704979932982
56	720	PC	5.06867141737899
56	928	PC	264.612544500767
56	1271	PC	8.78471283975828
56	1677	PC	.859334036743413
57	418	PC	40.6723807203637
57	602	PC	1.21832002727964
58	104	PC	8.07538506888646
58	105	PC	3.92811960036064
58	106	PC	563.550831816955
58	111	PC	.992051461801944
58	119	PC	.671702514693769
58	124	PC	73.8686147686108
58	128	PC	61.2489493878595
58	213	PC	44.1657074401276
58	217	PC	3.56651642434671
58	219	PC	588.997405531074
58	220	PC	64.4204795310159
58	221	PC	35.4502927996767
58	226	PC	640.467480663716
58	227	PC	2.802555385311
58	230	PC	29.9906841759525
58	231	PC	83.7787089023573
58	235	PC	467.849028129134
58	237	PC	23.3226442239354
58	238	PC	1.95501271830885
58	301	PC	3739.76296190506
58	402	PC	7.48022817357817
58	412	PC	258.112132436357
58	418	PC	818.168198908127
58	419	PC	5.83923695719005
58	427	PC	19.9186158689716
58	501	PC	12.2704684309696
58	502	PC	2.17508431165042
58	513	PC	25.5700685394874
58	529	PC	7.24078499454257
58	602	PC	324.670891419428
58	604	PC	1.12683442507369
58	605	PC	15.4817527180207
58	617	PC	32.0146200318475
58	625	PC	10.7309275385893
58	626	PC	136.062825622817
58	702	PC	5.44826335200355
58	704	PC	1.09747981445992
58	706	PC	16.6086337045761
58	709	PC	2.47623634997925
58	728	PC	1165.77765796863
58	805	PC	42.4334390262492
58	806	PC	10.5188536744517
58	815	PC	1.50671490185122
58	819	PC	228.01796973741
58	906	PC	30.4582912879002
58	1014	PC	16.8899157225197
58	1032	PC	3.90824192351148
58	1034	PC	32.9734827389389
58	1101	PC	1.3805626149385
58	1102	PC	8.84373313966266
58	1106	PC	7.26272672022807
58	1121	PC	.944929936546125
58	1124	PC	3.18958088514636
58	1149	PC	6.04436073542608
58	1221	PC	1.032669503614
58	1228	PC	10.3230100039706
58	1247	PC	.988584183337454
58	1260	PC	48.3158021107295
58	1266	PC	.706351521858004
58	1271	PC	5.2444735653357
58	1273	PC	31.8445840441238
58	1274	PC	85.4082724954449
58	1277	PC	31.4262120951303
58	1401	PC	.688918658425533
58	1416	PC	13.5829297622792
58	1420	PC	3.91876126740466
58	1502	PC	5.88478766426944
58	1516	PC	2.06553889724167
58	1528	PC	2.10138680825368
58	1548	PC	6531.69270693097
58	1563	PC	37.368305721544
58	1566	PC	7.55580175906651
58	1657	PC	.99007710690733
58	1663	PC	75.0575883626911
58	1677	PC	16.2533484894053
58	1702	PC	2.79446886423157
58	1703	PC	2.5169989993698
58	1719	PC	3091.67757315571
58	1721	PC	31.7816095811382
58	1804	PC	4.05316922721309
58	1805	PC	9.28615846832749
58	1833	PC	17952.1255754604
58	1837	PC	1.13014899201198
58	1841	PC	5.66031847557319
58	1870	PC	.630255692625176
58	1901	PC	23.9270583530552
58	1931	PC	2.04797573401669
58	1971	PC	40.5699910043858
58	2012	PC	3.91722871670297
58	2101	PC	59.5827723178989
59	106	PC	279.787066924285
59	219	PC	11.4269690370665
59	301	PC	17.601588170968
59	403	PC	19.5621250372683
59	919	PC	1.51177939934475
59	1149	PC	1.07408500873425
59	1528	PC	2.42212479477661
60	101	PC	99.1185894025362
60	111	PC	13.7212003980247
60	125	PC	30.6262767467689
60	128	PC	92.3671712481801
60	217	PC	5.91055122534024
60	237	PC	35.1622500104996
60	301	PC	28541.1718391187
60	617	PC	28.5027082899981
60	906	PC	58.5942870033458
60	1106	PC	51.5629980182345
60	1135	PC	4841.14232108224
60	1271	PC	43.6237858731347
60	1416	PC	87.5256428667054
60	1502	PC	28.0250107274726
60	1516	PC	26.9676758423872
60	1620	PC	25.8889043601439
60	1638	PC	62.8458738667775
60	1677	PC	141.728053048898
60	1804	PC	46.6993255092042
60	1871	PC	217.380840605564
60	1924	PC	11.5705999581206
61	213	PC	.923041114413075
61	301	PC	1.18519624127123
62	211	PC	203.281788564372
104	52	PC	6.50767498676061
104	106	PC	230.951537518945
104	1675	PC	624.260804648307
105	106	PC	214.157118901354
105	805	PC	55.3952021075798
105	1149	PC	36.4872838638479
105	1263	PC	19.5830640460161
105	1271	PC	64.9852554172723
105	1504	PC	11.4677240019854
105	1535	PC	262.116909614703
105	1548	PC	168.570466882018
105	1671	PC	93.1871064766801
105	1675	PC	156.40001628411
105	5831	PC	6.19926630686008
106	104	PC	143.352818826595
106	105	PC	90.7972521053002
106	1037	PC	3419.47425395596
106	4001	PC	6.89257200811709
106	5850	PC	1.97566821730463
106	6020	PC	2.06473522710115
211	5605	PC	.856611487224519
219	50	PC	205.353238625613
219	52	PC	43.7975850604643
219	58	PC	10.7786084550883
219	2012	PC	66.6233964529424
219	3001	PC	4.40455436587269
219	4001	PC	47.0615298743291
219	5404	PC	27.5851410377358
219	5800	PC	23.4599196233752
219	5850	PC	30.2610697471493
220	55	PC	1.04041403679162
220	60	PC	4.25173090327003
220	4001	PC	.607245546765537
226	50	PC	32.9550584785655
226	52	PC	29.3539507079603
230	58	PC	6.33173193622953
230	5201	PC	1.35997222931852
233	51	PC	1.90470103089851
235	628	PC	3017.75927546648
301	106	PC	860.4518759356
301	235	PC	3065.53111745965
301	237	PC	368815.804445245
301	602	PC	817824.234954992
302	1106	PC	546.768597296842
302	1124	PC	130.465881052465
302	1502	PC	3156.32156661722
302	1901	PC	2127.1345477293
402	60	PC	1.8487366371517
418	50	PC	2.37017517583551
418	58	PC	1.43198083540062
418	60	PC	17.2825273238006
517	58	PC	11.2321413492539
517	5101	PC	3.41558242266795
517	5106	PC	1.81540280786618
517	5201	PC	32.4359689350168
517	5880	PC	7.90921106351056
602	58	PC	398.165219557936
602	106	PC	2979.79159351241
602	302	PC	2380.54820180581
602	602	PC	483.825245392621
602	627	PC	10899.09725739
602	704	PC	1650.9579298708
602	805	PC	6238.74495974227
602	1037	PC	2592.69794761702
602	1071	PC	2691.23684605786
602	1124	PC	1228.66788327713
602	1263	PC	787.071039014169
602	1271	PC	1.975348224815
602	1502	PC	1711.5059958229
602	1535	PC	1703.41621876223
602	1548	PC	2862.68226995887
602	1671	PC	3.18326073072674
602	1675	PC	89.6618439154698
602	1805	PC	534.552711884855
602	2101	PC	787.050494089019
623	602	PC	.647541247347097
623	826	PC	10.7374836152373
623	827	PC	1.11226081794827
623	1246	PC	2.45469379101766
624	5790	PC	40.6904416689099
627	805	PC	277.176383642396
627	1271	PC	625.526937858083
628	105	PC	110.615750214093
702	627	PC	161.105272798729
702	805	PC	451.206473167255
704	1271	PC	121.823527110687
704	1671	PC	1.80558545987887
704	4001	PC	5.12021648648468
709	302	PC	245.000773814826
709	627	PC	532.874343670385
709	1504	PC	226.233609742979
709	1671	PC	12.2255601367148
709	1675	PC	52.0369995562731
709	5760	PC	2.66786749699342
719	720	PC	1230.4414385131
728	58	PC	500.521137967065
805	55	PC	336.31499527416
805	840	PC	627666.08265357
805	5101	PC	47793.7645726119
805	5102	PC	41.5095603894384
805	5106	PC	140.201226596274
805	5605	PC	359.313401036429
805	5760	PC	2.21775671399948
805	5870	PC	26317.6592554033
806	58	PC	22.9834814236823
815	704	PC	96.7638334721969
815	805	PC	6465.68065143793
815	806	PC	2840.84387812547
815	1037	PC	226.325916644096
937	5101	PC	122.961690962333
937	5860	PC	20.269301556497
937	6020	PC	6.08079046694909
937	6030	PC	5.39670153941732
1002	1072	PC	1320.02853246177
1002	1271	PC	806.820453263462
1032	1504	PC	1.082690407199
1032	1805	PC	36.3451297701281
1034	5104	PC	12.5610874128292
1071	627	PC	101.983931468625
1071	1263	PC	1814.65431180614
1071	1271	PC	51.9791285825339
1071	1273	PC	1211.6418261565
1071	1504	PC	80.0515866331266
1071	1671	PC	1.20846947443807
1072	50	PC	16.7158789701708
1072	52	PC	565.252980506994
1072	56	PC	27.4909229056467
1072	3001	PC	5661.75942200214
1072	4001	PC	13.6005867826075
1072	6000	PC	1.23641698023705
1101	1149	PC	198.918319143091
1102	4001	PC	1972.27511969849
1102	4005	PC	2733.83455806649
1102	5605	PC	1497.22154301585
1102	5740	PC	116.507341913862
1102	5831	PC	152.716597387617
1102	5860	PC	78.4891566577594
1102	6000	PC	16.3662155562156
1102	6030	PC	964.76255058496
1102	6040	PC	666.749033900029
1106	104	PC	793.604210583017
1106	1134	PC	160.752173978722
1106	1149	PC	562.118282755926
1106	1173	PC	284.583740234337
1106	1246	PC	551.161560752421
1106	1247	PC	447.458902856363
1106	1263	PC	554.778972568706
1106	1271	PC	2053.25579481025
1106	1273	PC	720.861548463459
1106	1504	PC	18.266497459242
1106	1548	PC	123.346518197826
1106	1671	PC	34.3745249004721
1106	1675	PC	1232.44525052641
1106	1871	PC	494.572272367452
1119	5840	PC	5.19717287033871
1122	1102	PC	13911.3169559276
1122	1122	PC	3566.88261370334
1124	1263	PC	8.36592995602138
1124	1271	PC	33.3608790874424
1124	4001	PC	1380.7857406979
1124	4003	PC	1.08535786940808
1124	4004	PC	4.0879769092583
1124	4005	PC	8.81061223367896
1124	5404	PC	319.884193149462
1124	5605	PC	961.738469666336
1124	5831	PC	306.598268194373
1124	5870	PC	.919794804583118
1124	5930	PC	438.435523517953
1124	6000	PC	28.1457210202434
1130	302	PC	5621.27898831214
1130	1037	PC	1824.00895705664
1130	1106	PC	108.282384069808
1130	1146	PC	134.516709005701
1130	1149	PC	887.040566605564
1130	1263	PC	62.3642051267048
1130	1535	PC	2881.66804805184
1130	1548	PC	4559.61229825541
1130	1638	PC	495.024447705213
1130	1675	PC	4.79468857449614
1134	805	PC	5345.76393455137
1135	302	PC	974.936785086904
1135	805	PC	1424.38102982717
1135	806	PC	5965.99904740485
1135	1101	PC	80.3211739943591
1135	1149	PC	2219.19069024758
1135	1263	PC	577.090463105811
1135	1271	PC	1905.75727071089
1135	1273	PC	1624.9375298193
1135	1535	PC	24.1512850833698
1135	1671	PC	22.5212404520335
1135	1675	PC	983.822609220409
1135	1805	PC	321.647443855168
1135	1824	PC	24.4365962540033
1135	2302	PC	1710.33270822324
1135	5201	PC	36743.8526778288
1135	5605	PC	1414.86424654498
1146	1871	PC	230.342661559404
1149	701	PC	1800.42752102981
1149	702	PC	18670.4025017034
1149	709	PC	3592.98182136607
1149	805	PC	17422.3475311361
1149	1003	PC	447.719806514795
1149	1106	PC	27.5340798772455
1149	1124	PC	793.197497141747
1149	1134	PC	492.120254004512
1149	1159	PC	205.745767629149
1149	1172	PC	198.020495192879
1149	1221	PC	2110.13757780198
1149	1871	PC	5749.70720584821
1149	2030	PC	7.32222941043109
1159	302	PC	175.652901007232
1159	602	PC	3381.42643583586
1159	1071	PC	1501.29045278351
1159	1073	PC	1157.29051740925
1159	1149	PC	1207.37778128692
1159	1219	PC	1557.07449056092
1159	1263	PC	1128.10907210085
1159	1271	PC	31.0810198656711
1159	1273	PC	67.0695691838166
1159	1675	PC	406.567656581446
1173	5302	PC	.919794804583118
1221	1149	PC	391.476322493263
1221	1504	PC	26.801895433371
1221	1548	PC	3742.34568939935
1221	5842	PC	39.6716677164472
1224	104	PC	387.392401841055
1224	105	PC	478.380502368736
1224	106	PC	3017.39940032229
1224	302	PC	3552.28619839449
1224	704	PC	1628.45425849032
1224	805	PC	105216.947610405
1224	806	PC	4593.90991328137
1224	1037	PC	274.586742260582
1224	1071	PC	3228.6330058617
1224	1072	PC	1097.75961665113
1224	1073	PC	681.525762004241
1224	1101	PC	903.04676103574
1224	1106	PC	3340.69854315182
1224	1146	PC	963.321083104914
1224	1149	PC	4807.32924021727
1224	1173	PC	786.71640111722
1224	1246	PC	1656.8431239726
1224	1247	PC	3180.77595375442
1224	1263	PC	27509.5664860846
1224	1271	PC	17361.5472166443
1224	1273	PC	10480.1225874083
1224	1401	PC	9208.50614834053
1224	1411	PC	342.276446467891
1224	1502	PC	2753.73847155515
1224	1503	PC	1937.12648574754
1224	1504	PC	435.686625765728
1224	1520	PC	148.830022526828
1224	1554	PC	309.392770017183
1224	1563	PC	234.511588237697
1224	1569	PC	354.250733379704
1224	1612	PC	31.9938997260314
1224	1671	PC	158.550820846759
1224	1675	PC	815.826798312243
1224	1805	PC	663.264297700384
1224	1833	PC	26159.7023460276
1224	1971	PC	104.968978362408
1224	2305	PC	47017.7558478996
1244	1569	PC	1.36110284869337
1246	56	PC	8943.59053543602
1246	1106	PC	41.5081357150152
1246	1124	PC	136.50419862517
1246	1271	PC	509.51023907999
1246	1401	PC	51.1719434709157
1246	1503	PC	64.3320891611676
1246	1871	PC	72.8371746326119
1246	2303	PC	13010.7304222495
1246	3001	PC	1777.24318673033
1246	4001	PC	1735.39263555344
1246	5101	PC	268.170564806232
1246	5201	PC	36.7916933423184
1246	5403	PC	7792.54196939192
1246	5404	PC	26.9805751177002
1246	5605	PC	405.076543698926
1246	5700	PC	125.071317534248
1246	5710	PC	73.1745900919445
1246	5720	PC	8.91176572069491
1246	5790	PC	177.417721228513
1246	5800	PC	3331.30387368022
1246	5810	PC	1772.562465744
1246	5820	PC	1206.05214759083
1246	5831	PC	5074.3921050911
1246	5835	PC	8190.23973459278
1246	5840	PC	4599.901899953
1246	5850	PC	122.638977807728
1246	5890	PC	94.4115730823161
1246	6000	PC	428.418829141664
1246	6010	PC	304.962258148551
1246	6020	PC	4534.00388921098
1246	6030	PC	114.46304595388
1246	6040	PC	308.886705438398
1246	6050	PC	24.5277955615456
1251	1273	PC	37.4964245210383
1263	105	PC	.961982142253672
1263	805	PC	649.42549647658
1263	1106	PC	471.284919795328
1263	1124	PC	489.075043074179
1263	1246	PC	93.7885581797202
1263	1263	PC	452.773053364725
1263	1271	PC	985.935397700241
1263	1401	PC	331.77677902974
1263	1411	PC	499.288507132447
1263	1502	PC	301.243157193839
1263	1503	PC	828.337985245731
1263	1504	PC	397.838994600222
1263	1871	PC	32.1838678609216
1263	1971	PC	25.0986589358446
1263	2030	PC	515.255887808735
1263	2304	PC	88297.741811988
1271	51	PC	320.897149331701
1271	105	PC	4.16858928309925
1271	1071	PC	1054.45087575414
1271	1102	PC	10.5546856456381
1271	1106	PC	82.2428279073904
1271	1124	PC	68.1220953138942
1271	1149	PC	1031.13231473642
1271	1159	PC	4.68138078026171
1271	1224	PC	2.80355181356478
1271	1246	PC	578.06462834476
1271	1263	PC	6213.69106739884
1271	1271	PC	1380.19927317881
1271	1273	PC	1268.53712662718
1271	1401	PC	.720731598181912
1271	1420	PC	1881.74220417293
1271	1439	PC	9.81019211644312
1271	1504	PC	2252.76675320749
1271	1520	PC	1.83019784111917
1271	1535	PC	26.7609975312908
1271	1548	PC	45.1861339521611
1271	1554	PC	.779976673790758
1271	1563	PC	1.11850309816141
1271	1612	PC	117.835188216841
1271	1638	PC	9.97076424502622
1271	1671	PC	2779.11389889361
1271	1675	PC	2096.77161425044
1271	1804	PC	.807256354890168
1271	1805	PC	79.2249954396052
1271	1871	PC	311.957666546652
1271	1971	PC	28.600797392009
1271	2012	PC	1.24825323556167
1271	2030	PC	342.470406831299
1271	2302	PC	177.632224974411
1271	4001	PC	30.659744451932
1273	1271	PC	630.27078275804
1401	1071	PC	1868.02212071103
1401	1120	PC	11345.8411878952
1401	1124	PC	112.89209861022
1401	1149	PC	12.7551074395851
1401	1246	PC	266.547010217836
1401	1263	PC	1571.58029874372
1401	1271	PC	70.2294395000989
1401	1273	PC	505.439147917379
1401	1504	PC	4438.45228037129
1401	1548	PC	375.681660409818
1401	1671	PC	521.024766542241
1401	1675	PC	894.01141961632
1411	1263	PC	5831.69120929945
1411	1273	PC	3544.34629627179
1411	1548	PC	530.90146368258
1416	5605	PC	23.3151682617661
1421	104	PC	11670.6712663908
1421	4001	PC	42481.5298115318
1421	5101	PC	894.797332068075
1421	5403	PC	9907.49594125823
1421	5800	PC	6905.35439986856
1421	5840	PC	3446.57197716844
1424	1247	PC	361.657442308173
1424	1263	PC	1083.50499365221
1424	1271	PC	136.851944463475
1424	1273	PC	3575.29052561133
1424	1439	PC	79.9951619718581
1424	1504	PC	75.7890697302089
1424	1671	PC	2553.68018865624
1424	1675	PC	10.1879410239335
1439	1263	PC	1.9538583372928
1439	1271	PC	4.2498627009401
1439	1273	PC	62.1542420012489
1439	1931	PC	74.8023158151571
1502	1149	PC	459.251724013541
1502	1173	PC	305.684334118534
1502	1263	PC	425.938909742023
1502	1273	PC	642.104640229565
1502	1439	PC	40.1669580173523
1502	1502	PC	4397.41340131258
1502	1503	PC	523.131212029642
1502	1504	PC	1689.93760027241
1502	1511	PC	1951.64513330444
1502	1535	PC	618.515025296184
1502	1548	PC	291590.223524729
1502	1563	PC	1.26085506903154
1502	1612	PC	.829413350261759
1502	1671	PC	1095.52936855565
1502	1675	PC	2598.94989119612
1502	1824	PC	979.231196700762
1503	1149	PC	137.66917027347
1503	1246	PC	383.634966664406
1503	1263	PC	559.396705537244
1503	1502	PC	1919.20965488489
1503	1503	PC	5.3894154738727
1503	1504	PC	487.285194197275
1503	1548	PC	9547.33769129228
1503	1671	PC	1175.57299166361
1503	1675	PC	8363.85001757362
1503	2301	PC	770.293012973146
1503	3001	PC	.978955445671068
1503	5101	PC	5.0202843367747
1503	5102	PC	2.21896567685442
1503	5106	PC	13.1571611898191
1503	5201	PC	27.0794137125628
1503	5403	PC	10.5546457896351
1503	5404	PC	56.0544867906916
1503	5605	PC	64.818899185833
1503	5700	PC	156.689098491943
1503	5720	PC	3.7591889113769
1503	5770	PC	.939797227844226
1503	5840	PC	6.57858059490958
1503	5860	PC	5.56548721574844
1503	5880	PC	244.274987145049
1503	6000	PC	2.05831657807763
1503	6010	PC	13.4543620225562
1503	6020	PC	329.932082555966
1503	6030	PC	190.770804797439
1503	6040	PC	25.7841803536749
1503	6050	PC	82.1720140243283
1504	105	PC	12.4399652996061
1504	306	PC	12576.4124383667
1504	709	PC	12.4249803478957
1504	1032	PC	2.22437533456585
1504	1071	PC	728.881247824686
1504	1106	PC	2.04086612304898
1504	1124	PC	5.14557460930683
1504	1221	PC	4.10495722776397
1504	1263	PC	660.240529216787
1504	1271	PC	265.994552544627
1504	1273	PC	725.687702326881
1504	1401	PC	5.46760738957255
1504	1439	PC	6.38632626779528
1504	1502	PC	3247.03576814463
1504	1503	PC	2.71404979931666
1504	1504	PC	83.2066495342723
1504	1548	PC	11136.7098158935
1504	1563	PC	.836410673759957
1504	1612	PC	1.18319876713157
1504	1671	PC	6663.43489201415
1504	1675	PC	6132.06806545268
1504	1804	PC	6.12400069930452
1504	1820	PC	18.3887033269515
1504	1824	PC	231.950725297016
1504	1860	PC	2.80799122958845
1504	1865	PC	1.14603940375977
1504	1866	PC	1.08742444979931
1504	1870	PC	8.83710734017219
1504	1871	PC	1.28194268563333
1504	1901	PC	2.29513008164191
1504	1931	PC	2.54402462258752
1504	1971	PC	1.15512566919824
1504	2012	PC	2.85723576280384
1504	2030	PC	394.829171521165
1511	301	PC	4.62144947419398
1511	403	PC	808.872117475239
1511	1224	PC	1.14001926063421
1511	1271	PC	13.2033682539416
1511	1445	PC	3.38507091695721
1511	1504	PC	153.721056819726
1511	1548	PC	1381.05926616801
1511	1563	PC	3.51784054902502
1517	806	PC	1674.48605921019
1517	1504	PC	189.272332468955
1520	1271	PC	17.8976041437237
1520	1273	PC	97.6232953294017
1520	1504	PC	206.088910556334
1520	2030	PC	707.42647869777
1535	105	PC	1282.92042906117
1535	1271	PC	146.496983043972
1535	1804	PC	305.440139438303
1535	1901	PC	1231.02994362396
1535	1971	PC	495.198204280215
1548	56	PC	1959.71361112553
1548	105	PC	2729.50224788603
1548	1037	PC	40.3186163509274
1548	1271	PC	39.6594042494731
1548	1502	PC	75819.8690662631
1548	1503	PC	41313.9458731675
1548	1504	PC	13731.2825736055
1548	1511	PC	11649.0253927295
1548	1563	PC	342.700407762774
1548	1671	PC	3671.90009450049
1548	1719	PC	717.961234143662
1548	1804	PC	90.5787999713588
1548	1820	PC	756.511124633162
1548	1824	PC	1568.88161041773
1548	1868	PC	127.887406956163
1548	1901	PC	934.879146692175
1548	1941	PC	1670.70730061024
1548	1971	PC	243.886543515169
1548	4001	PC	31.0017972774503
1548	5403	PC	18419.8678610936
1548	5605	PC	1.60009276270711
1548	5710	PC	21.601252296546
1548	5800	PC	23.1093397253975
1554	1503	PC	5.3894154738727
1554	2301	PC	58.1039988234054
1612	1124	PC	2.26447639196795
1612	1438	PC	148.567971129953
1612	2301	PC	732.110385174908
1638	1804	PC	2.72039351535936
1671	62	PC	1117.02292571467
1671	1102	PC	461.062441415579
1671	1106	PC	70.3724643433052
1671	1124	PC	94.5419194981134
1671	1130	PC	99.1572028841779
1671	1271	PC	1008.82705856852
1671	1273	PC	274.66023919644
1671	1401	PC	23.9330006640261
1671	1416	PC	4.82201001942115
1671	1439	PC	2.82899021814399
1671	1502	PC	1884.60005269982
1671	1503	PC	44.9605244955151
1671	1504	PC	5249.18645119998
1671	1520	PC	205.945859039128
1671	1548	PC	29.9390406498006
1671	1702	PC	22.6587948035262
1671	1703	PC	4850.20211039313
1671	1725	PC	4866.95827444485
1671	1750	PC	512.951026707321
1671	1804	PC	1879.6499180506
1671	1805	PC	7.30730542487341
1671	1812	PC	7435.92061089589
1671	1813	PC	49.8779907658468
1671	1820	PC	371.944689006082
1671	1824	PC	322.422965789831
1671	1837	PC	6.99973504591947
1671	1860	PC	757.066426027113
1671	1865	PC	96.3415640611575
1671	1866	PC	22.9903750078884
1671	1868	PC	33.0970511264451
1671	1870	PC	62.2781692322064
1671	1871	PC	101.44223797713
1671	1901	PC	1828.45293599963
1671	1931	PC	22.5388446196694
1671	1941	PC	45.5827568862412
1671	1971	PC	1870.00576901287
1671	2002	PC	53.712487485768
1671	2012	PC	185.250595110733
1671	2014	PC	54.4413551252023
1671	2019	PC	2.73246353877595
1671	2024	PC	8.30042695005202
1671	2028	PC	33.035304447177
1671	2030	PC	45.7698217415865
1671	3001	PC	4299.45296519472
1671	5605	PC	9244.90163844625
1671	5840	PC	12695.0842616673
1671	5841	PC	3988.9312615754
1675	105	PC	44.0061941433398
1675	1271	PC	679.509431771993
1675	1503	PC	797.863009279527
1675	1520	PC	469.965224021404
1675	1750	PC	512.951026707321
1675	1804	PC	777.647520288762
1675	1813	PC	197.124186909703
1675	1820	PC	684.423107974993
1675	1824	PC	24.903663750406
1675	1837	PC	46.8443806919226
1675	1860	PC	935.73184098198
1675	1865	PC	129.224612872451
1675	1866	PC	7.1160684548226
1675	1868	PC	47.8068516270874
1675	1870	PC	27.2466990390903
1675	1871	PC	.774368228833052
1675	1901	PC	897.898459951984
1675	1931	PC	9.73268290394817
1675	1971	PC	1269.63855616903
1675	2012	PC	20.1359342511667
1675	2014	PC	150.760675731329
1675	2025	PC	6.67995141410426
1677	1563	PC	4990.45561194899
1677	1813	PC	27847.0009766885
1702	1504	PC	36.8598264750301
1702	1813	PC	4204.62079641464
1703	1671	PC	90.1946849991146
1714	1820	PC	37.9644172529489
1714	1860	PC	83.3577221834763
1719	805	PC	1030.4284979638
1719	1002	PC	153354.018813328
1719	1071	PC	6953.51706420239
1719	1149	PC	125.212046636435
1719	1502	PC	32.2252374911908
1719	1504	PC	702.289696682803
1719	1675	PC	546.9732274504
1719	1824	PC	56620.7570725907
1719	5106	PC	19.904554735986
1750	1671	PC	1.16819177745113
1805	51	PC	495440.579238536
1805	602	PC	575.928199287102
1805	805	PC	29626.7388360724
1805	1548	PC	342.644436589064
1805	1671	PC	1087.65430950173
1805	1675	PC	915.919418527768
1805	1703	PC	4.01300858518646
1805	1804	PC	2.05611896313309
1805	1805	PC	10.0088091664732
1805	1824	PC	800.653834483618
1813	56	PC	4305.33350802981
1813	1548	PC	1688104.06869928
1813	1671	PC	2.03263594654092
1813	1805	PC	40.6886396818077
1813	4001	PC	30238.7499674953
1813	5101	PC	12630.6643878407
1813	5403	PC	90347.3080886814
1813	5605	PC	86375.2783845524
1824	104	PC	1579.39130882151
1833	55	PC	24.8732051557419
1833	104	PC	4665.7744413504
1833	1002	PC	26.0281202868002
1833	1251	PC	38.2845776968988
1833	1271	PC	54.1059555421669
1833	1273	PC	42.4360435624839
1833	1416	PC	2203.7188256777
1833	1421	PC	93.2486478985186
1833	1438	PC	4.6151218267149
1833	1439	PC	3.24286658161122
1833	1502	PC	1152.56225006133
1833	1503	PC	144.160531902197
1833	1504	PC	4770.49787874357
1833	1511	PC	20.3147035565179
1833	1517	PC	109.595949294923
1833	1520	PC	18.8124186470499
1833	1671	PC	14594.0834168144
1833	1675	PC	8521.62327429486
1833	1702	PC	124.196088754278
1833	1719	PC	69.3276460878176
1833	1750	PC	47.3212876492739
1833	1804	PC	451.699493880637
1833	1813	PC	239.116175616876
1833	1820	PC	40.2569617517919
1833	1837	PC	131.80604319014
1833	1845	PC	80.1173707956498
1833	1860	PC	16.6720423551876
1833	1865	PC	140.058127315338
1833	1866	PC	125.97203922991
1833	1868	PC	141.70599604683
1833	1870	PC	22.0220869786231
1833	1871	PC	30.1156127732984
1833	1901	PC	28.8956392939421
1833	1931	PC	68.8426110026268
1833	1971	PC	72.8951244249915
1833	2003	PC	9.01267816658706
1833	2019	PC	23.2196761194853
1833	2030	PC	28.0320911658206
1833	5101	PC	39.7106127529931
1833	5104	PC	60.9285381945434
1833	5106	PC	21.6603342289053
1833	5605	PC	3.59334248396192
1833	5850	PC	86.5154961938848
1833	6030	PC	305.828346522828
1837	50	PC	11.998486519304
1837	52	PC	141.423820649234
1837	58	PC	208.680067283789
1837	3001	PC	2.25830435068726
1837	4001	PC	268.738217731783
1837	4004	PC	58.5824859648739
1837	4005	PC	173.057008884235
1837	5302	PC	44.8076260056995
1837	5404	PC	1344.90189028609
1837	5605	PC	56.7563262738861
1837	5800	PC	169.48136032898
1837	5830	PC	3086.74756928152
1837	5831	PC	169.094023295287
1837	5840	PC	95.5896021454923
1837	5850	PC	101.46836267744
1837	5930	PC	22.0055229939102
1837	6010	PC	8.52551410267715
1837	6030	PC	11203.9798496431
1850	627	PC	38.4236384155011
1850	1273	PC	854.304482697697
1850	1502	PC	3577.8671099898
1850	1504	PC	8111.03993969306
1850	1548	PC	8455.89362095713
1850	1671	PC	17336.0647941843
1850	1675	PC	46521.2646159351
1850	1824	PC	60769.9308547563
1850	6020	PC	844.049097743661
1850	6030	PC	.685255329310295
1851	1246	PC	41.6157245758439
1851	1263	PC	584.844564834606
1851	1504	PC	1.22625140822331
1851	1671	PC	26.9051329192532
1851	1813	PC	6.62550510943846
1851	1871	PC	69706.0480333381
1854	58	PC	163.407040066301
1854	6020	PC	390.458877099883
1860	1671	PC	21.0722988470528
1860	1675	PC	17.7797521522008
1860	1805	PC	24.9453793997827
1865	1671	PC	1.3170186779408
1865	4005	PC	46.8865785821862
1870	1548	PC	453470.767768422
1870	1671	PC	5.7771819386773
1901	627	PC	675.020107134085
1901	1671	PC	149.563914119548
1929	3001	PC	1.83384510189663
1929	5403	PC	9800.56184094861
1931	1928	PC	49573.7478343205
1971	1263	PC	28.5665662929111
1971	1271	PC	198.293323751059
1971	1535	PC	4.58828277197933
1971	1671	PC	151.806679560072
1971	1675	PC	34.6483330523956
1971	1871	PC	172.728903370163
1971	5831	PC	.717745113289922
1971	5930	PC	1.14839218126388
2002	2030	PC	88.8452963465093
2002	2301	PC	2389.31943733103
2004	1901	PC	2.86820499388218
2012	50	PC	2099.94794183615
2012	52	PC	28.6203678740148
2012	1106	PC	80.0157478831063
2012	1146	PC	979.867059292543
2012	1149	PC	1779.00506723527
2012	1219	PC	637.298341919682
2012	1263	PC	125.473596867118
2012	1271	PC	1401.59318116
2012	1504	PC	16.6214212020336
2012	3001	PC	87.8009285557277
2012	4001	PC	56.8432306386683
2012	4004	PC	1023.57565660539
2012	5102	PC	22577.2964489494
2012	5103	PC	23994.062296954
2012	5201	PC	24056.0909817443
2012	5402	PC	10583.5735367451
2012	5404	PC	57446.098812679
2012	5605	PC	33027.2854124053
2012	5700	PC	38010.008976961
2012	5710	PC	7075.1030091097
2012	5820	PC	11615.7919481907
2012	5842	PC	91792.227670686
2012	5880	PC	7921.28306679764
2012	6000	PC	49.191257283463
2012	6010	PC	69.5633941382304
2012	6020	PC	953.018499693757
2012	6040	PC	854.635985126831
2014	1671	PC	34.3840246836656
2018	1439	PC	5.47064418997921
2018	1671	PC	2.62257682402094
2025	51	PC	33067.2891034945
2025	2030	PC	156.9600235455
2025	5850	PC	118513.023335189
2030	1263	PC	427.92964757571
2030	1271	PC	842.211890480432
3001	101	PC	11.3521729406369
3001	105	PC	56.5162356924
3001	106	PC	6.48794977935941
3001	219	PC	3.22697605606758
3001	302	PC	73.8063980932121
3001	304	PC	1.24215576488131
3001	309	PC	21.8615033117294
3001	602	PC	1.74770908675234
3001	626	PC	7.60358112883174
3001	706	PC	176.576000438124
3001	709	PC	2.80863886831927
3001	805	PC	54208.9835650273
3001	928	PC	15799.2711239236
3001	1416	PC	3085.19975344488
3001	1837	PC	14853.8065217831
3001	2025	PC	41.2160411447525
3001	2030	PC	1.68394647928463
4001	104	PC	22.3253763449497
4001	105	PC	7.049591541943
4001	106	PC	129.548076799915
4001	125	PC	241.898411304076
4001	211	PC	92.7110689879091
4001	213	PC	1.92526467736649
4001	215	PC	130.362166276713
4001	216	PC	2.72512096395737
4001	219	PC	8230.26187928121
4001	220	PC	1.16543461549355
4001	226	PC	25.1485358298992
4001	227	PC	17.794002446419
4001	231	PC	62.3810402306778
4001	233	PC	79.1860172749943
4001	234	PC	14.661219118049
4001	236	PC	8.51186586410287
4001	302	PC	5.22165478940846
4001	305	PC	363.665746116719
4001	306	PC	1.31445054484795
4001	309	PC	534.890455590429
4001	310	PC	27222.1645323819
4001	402	PC	2.20006710987593
4001	403	PC	.879591953114582
4001	538	PC	1.47091883937415
4001	602	PC	33.6747385091196
4001	612	PC	24.5602290231166
4001	626	PC	36.7687458872792
4001	702	PC	49.4123434380772
4001	704	PC	1.21052023534929
4001	706	PC	20.5422574767125
4001	720	PC	29.1039495382341
4001	722	PC	12.5092224999615
4001	728	PC	3.75344673053023
4001	805	PC	2.42931438425277
4001	826	PC	3811.96776567543
4001	1004	PC	19.8129121740912
4001	1074	PC	95.512458195991
4001	1101	PC	83.4519192612076
4001	1102	PC	1.37043707832681
4001	1121	PC	30.1108583886524
4001	1124	PC	868.45245570711
4001	1130	PC	2178.23249029055
4001	1135	PC	14315.7139764063
4001	1172	PC	2.24457987685778
4001	1174	PC	35.33675142176
4001	1246	PC	1.34657414925499
4001	1271	PC	.937768095644197
4001	1277	PC	3.17786986978256
4001	1432	PC	1.30589649133652
4001	1438	PC	11058.4774429055
4001	1548	PC	167.027379042378
4001	1557	PC	25.806790570637
4001	1719	PC	1.77408782589271
4001	1837	PC	31638.4273904589
4001	1865	PC	289.45836974565
4001	1928	PC	4.36078489881786
4002	217	PC	2.61166528625452
4002	605	PC	80.8971171619055
4002	722	PC	100.597128353392
4002	1271	PC	1317.70692596374
4003	233	PC	50.8747719564653
4003	304	PC	9.69297739279956
4003	605	PC	8.68876177222055
4004	211	PC	7.83930625998446
4004	213	PC	9.22475525494929
4004	233	PC	21.0395445802182
4004	303	PC	6317.67213346448
4004	305	PC	2.19075090807991
4004	309	PC	15.9190914735627
4004	605	PC	5.74817551411659
4004	807	PC	3.99944397761101
4004	1124	PC	2.2368489324403
4004	1130	PC	911.10019487628
4004	1548	PC	1.19166054528472
4004	1837	PC	5453.52212129771
4005	104	PC	2.87190986380314
4005	301	PC	.840152973248645
4005	806	PC	2.16081628480931
4005	1034	PC	3401.58040689686
4005	1671	PC	.751917282150486
5101	105	PC	4.2600733694052
5101	106	PC	188.394418449208
5101	124	PC	100.344824865898
5101	135	PC	52.4013832054773
5101	211	PC	11.984408661833
5101	213	PC	113.59740303164
5101	217	PC	1.35856492094352
5101	219	PC	168.212983103945
5101	220	PC	2.31645376952048
5101	231	PC	7.03921253197156
5101	233	PC	4.92015572343415
5101	235	PC	171.15902277948
5101	302	PC	391.206771157646
5101	304	PC	55.7184632206504
5101	305	PC	78.8670326908767
5101	306	PC	72.3977452593167
5101	308	PC	2.19075090807991
5101	312	PC	141.396540484748
5101	412	PC	62.919507550326
5101	501	PC	.717879741849247
5101	602	PC	3.41875517859082
5101	625	PC	7.27556887116355
5101	626	PC	4.34490350218956
5101	704	PC	14.7215942311653
5101	709	PC	.730852442604282
5101	722	PC	53.5077449859188
5101	805	PC	88915.0281356026
5101	1018	PC	14028.6558352408
5101	1032	PC	23.3893247422456
5101	1102	PC	14.1583806128978
5101	1106	PC	.58528972579245
5101	1124	PC	593.850253060198
5101	1127	PC	11.0658251803601
5101	1172	PC	11.5271140173452
5101	1271	PC	9291.35358336566
5101	1445	PC	.843375788051609
5101	1523	PC	1.08048576910924
5101	1543	PC	2626.33798234906
5101	1548	PC	311.982027024629
5101	1638	PC	16.7402149672793
5101	1833	PC	91.5362095787586
5101	1837	PC	65876.8368039752
5101	1973	PC	4.04502675114639
5102	106	PC	51.2203092469373
5102	219	PC	1303.93143681966
5102	226	PC	90.0312887201003
5102	304	PC	9.93286461723431
5102	306	PC	6988.59945744304
5102	310	PC	.635317763343174
5102	312	PC	10.088407931708
5102	415	PC	.726917596202742
5102	427	PC	1.85173573092696
5102	704	PC	19.7546366602785
5102	709	PC	2.92340977041713
5102	1120	PC	10.6001655578667
5102	1130	PC	221.429312916731
5102	1228	PC	9.41458512362117
5102	1271	PC	3981.08910739481
5102	1837	PC	6050.58413910713
5103	312	PC	63.2907937344286
5103	720	PC	1.46203393899759
5104	1837	PC	619.967447046572
5106	105	PC	24.3432763966011
5106	106	PC	3.78774988811907
5106	301	PC	4.10108569992559
5106	307	PC	6.02456499721975
5106	709	PC	.730852442604282
5106	819	PC	3.48499080384688
5106	1102	PC	5.9935603203204
5106	1271	PC	98.819234734441
5106	1275	PC	82.3127593085351
5106	1837	PC	163.81778722307
5201	106	PC	1.61484696506237
5201	219	PC	1.07527778638796
5201	233	PC	397.558079077578
5201	235	PC	662.640309650944
5201	302	PC	79.5034458296739
5201	308	PC	8.39933898157837
5201	312	PC	5.2391807966731
5201	418	PC	3.00581104630864
5201	502	PC	285.806078550865
5201	605	PC	194.705356875224
5201	1102	PC	42.0379471879389
5201	1135	PC	4422.91396185793
5201	1271	PC	4548.28507278485
5201	1438	PC	2507.6193513667
5201	1833	PC	64529.2961439099
5201	2101	PC	5.39210609211755
5204	125	PC	2.57412618280513
5204	236	PC	13.9156542321484
5204	1102	PC	76.5300828556428
5402	125	PC	1.344191218175
5402	305	PC	.892730995042563
5403	104	PC	79.7752739945317
5403	105	PC	2.07471105652851
5403	106	PC	321.186470138802
5403	125	PC	8.96127478783335
5403	219	PC	3160.56936820557
5403	228	PC	58.2487268863508
5403	231	PC	17.8286451570294
5403	301	PC	46.1350233732548
5403	302	PC	144.277377928873
5403	303	PC	2.66176235331709
5403	304	PC	33.1000554701793
5403	305	PC	.71308942058001
5403	306	PC	1128.15565987755
5403	310	PC	390.282274274436
5403	418	PC	37.8606949707959
5403	624	PC	1.13340434876068
5403	625	PC	.643855652315359
5403	626	PC	4.99229412401581
5403	701	PC	79.2789947225974
5403	704	PC	28.6760500720232
5403	706	PC	277.687614154351
5403	716	PC	5.69504721824677
5403	904	PC	68.9323179925048
5403	928	PC	300.812902117599
5403	1034	PC	1.5087156181072
5403	1102	PC	11.5604354766832
5403	1124	PC	48703.2162660163
5403	1149	PC	348.024603320265
5403	1172	PC	101.255618820545
5403	1231	PC	1.03271635295485
5403	1271	PC	1017.08966023079
5403	1275	PC	122.29967406601
5403	1277	PC	.925689115489529
5403	1503	PC	1.00601068704216
5403	1548	PC	1.27110458163703
5403	1557	PC	133.482283784144
5403	1833	PC	4.95747781107599
5403	1837	PC	279.196312316133
5403	2101	PC	25.8821092421642
5404	104	PC	5.31835159963545
5404	105	PC	75697.5203291019
5404	228	PC	28.6273919194537
5404	301	PC	22.1813529443091
5404	302	PC	11.1049163530571
5404	305	PC	1.09099395222379
5404	306	PC	2.48869303157878
5404	418	PC	22.9193092281034
5404	805	PC	16099.0229301681
5404	814	PC	462718.554934369
5404	928	PC	30.3052650613539
5404	1124	PC	25.4752239527923
5404	1127	PC	2.2755141230434
5404	1149	PC	50.5451768816118
5404	1271	PC	4766.64777793183
5404	1275	PC	54.6848374274953
5404	1837	PC	3195.84608293521
5501	106	PC	27.463383759564
5501	231	PC	48.3652103483762
5501	301	PC	160.406781489611
5501	302	PC	896.193476852783
5501	304	PC	4.99929357223835
5501	305	PC	8.28103843254206
5501	306	PC	48.196519977758
5501	308	PC	22.974404773034
5501	310	PC	161.838437208041
5501	1135	PC	25.5536675697136
5501	1174	PC	6.98668213446289
5501	1275	PC	53.8634667769779
5501	1416	PC	1343.96639882989
5501	1837	PC	375.521601736248
5605	101	PC	132613.333617988
5605	104	PC	.977513024012995
5605	105	PC	500.254329950154
5605	106	PC	1757.6565606121
5605	124	PC	5.84280548423707
5605	211	PC	1278.36404564576
5605	213	PC	.634590766158989
5605	219	PC	443.951459452878
5605	226	PC	12.8044499513032
5605	231	PC	.98834497328774
5605	301	PC	27.79953364808
5605	302	PC	44.0800990214758
5605	303	PC	3190.14408795961
5605	304	PC	1.20491299944395
5605	305	PC	2.63766409332821
5605	306	PC	1.60143891380641
5605	311	PC	15.9990538817076
5605	312	PC	57.9376938905353
5605	403	PC	13.6629950050465
5605	501	PC	3.52714105957903
5605	602	PC	16.3292179166511
5605	704	PC	8.5647324720452
5605	706	PC	47.1127933842241
5605	709	PC	4.7640751814205
5605	722	PC	50.0499465076307
5605	805	PC	3.47423782027415
5605	806	PC	47.5379582658049
5605	1018	PC	49.6539237517759
5605	1034	PC	3317.18285521994
5605	1102	PC	143.071949459431
5605	1124	PC	430.887523706246
5605	1135	PC	2604.06778841464
5605	1172	PC	47.0541420073464
5605	1228	PC	2599.31327297978
5605	1271	PC	160.083822078915
5605	1273	PC	7.74152819003699
5605	1432	PC	165.798338239167
5605	1438	PC	1864.36266617771
5605	1671	PC	5.61908978470554
5605	1837	PC	2460.80566667887
5605	1971	PC	1.15887691692326
5700	101	PC	24348.3218963149
5700	211	PC	108.544501308601
5700	219	PC	18.8544989111597
5700	235	PC	98.6627100734235
5700	302	PC	432.454229254974
5700	303	PC	88290.5477219824
5700	306	PC	2.59494445062065
5700	605	PC	73.1877994135609
5700	1034	PC	68381.0266750908
5700	1072	PC	3434.95157270717
5700	1149	PC	222.188173375419
5700	1224	PC	77.0455488948783
5700	1228	PC	2431.27531613515
5700	1271	PC	25972.0035107454
5700	1416	PC	2412.10896086825
5700	1612	PC	25047.5026160067
5700	1824	PC	30.8153396406947
5700	1833	PC	41709.7773656063
5700	1837	PC	85077.6161186619
5700	1845	PC	39224.6841420838
5720	1102	PC	7461.73562585916
5720	1416	PC	4936.11978962244
5730	231	PC	24.1595437914781
5760	217	PC	1.07278999600381
5760	1003	PC	6.42498832270115
5760	1824	PC	15.8880175509717
5790	106	PC	1099.07143563355
5790	128	PC	459.806743165599
5790	220	PC	2.61696069701692
5790	306	PC	1286.35964132909
5790	1034	PC	6135.44351363595
5800	304	PC	1.24215576488131
5800	412	PC	1.68950529533283
5800	1271	PC	1.09918719407476
5810	311	PC	2.8896004477574
5820	233	PC	5.05016902954512
5820	626	PC	107.677571043013
5830	805	PC	339288.708306297
5830	1837	PC	64526.1257820174
5831	1837	PC	19385.8223763122
5840	214	PC	24.5580353594977
5840	220	PC	132.533534960789
5840	305	PC	33.3498010737005
5840	602	PC	1.05670614610989
5840	626	PC	2.17245175109478
5840	1002	PC	50.2798870533587
5840	1102	PC	50.7608212294363
5840	1211	PC	7.68995448550944
5841	420	PC	1.08145139558246
5841	1714	PC	3.69140749400362
5860	301	PC	315.468130763507
5860	605	PC	1.30291978319976
5870	301	PC	106.178028886455
5870	308	PC	12.776459295922
5870	412	PC	55.9284511558453
5870	626	PC	54.7457841275885
5870	706	PC	82.7372200072697
5870	805	PC	290.838791085912
5870	1837	PC	2877.99652242752
5880	219	PC	18116.4881159008
5880	304	PC	1.24215576488131
5880	305	PC	1.68030594649729
5880	306	PC	3.24012059305019
5880	309	PC	26.1783779761009
5880	1122	PC	1.5341367725226
5880	1548	PC	513.949952508573
5910	1275	PC	58.1987225633986
5930	1124	PC	117.020337669331
6000	219	PC	95034.673390571
6000	303	PC	20094.8598719447
6000	805	PC	209730.616142232
6000	1072	PC	35195.1844262815
6000	1102	PC	111567.66088811
6000	1124	PC	20.4257446034503
6000	1228	PC	40205.0311916682
6000	1271	PC	22587.6928892285
6000	1612	PC	38359.6143423598
6000	1671	PC	21.0405551857634
6000	1833	PC	7603.62609803377
6000	1837	PC	160840.199818802
6010	1102	PC	411.973984339161
6010	1172	PC	702.496532424077
6010	1671	PC	.665983878476145
6020	104	PC	14.8913844789792
6020	106	PC	25.3102544728142
6020	219	PC	1.1518384789363
6020	301	PC	1.49518749476454
6020	304	PC	68.4609658774972
6020	309	PC	401.060768742189
6020	528	PC	28.2300945403235
6020	533	PC	.570996488024536
6020	540	PC	3.32022306236618
6020	605	PC	216.401901707919
6020	612	PC	26.4614599574154
6020	628	PC	1.07129282769474
6020	805	PC	3.150682847699
6020	904	PC	28.8107211423782
6020	1029	PC	20.0434771120478
6020	1102	PC	2.41718196330649
6020	1172	PC	1150.18653421822
6020	1173	PC	.942267796021006
6020	1228	PC	9571.70959428961
6020	1272	PC	26.6835652507658
6020	1548	PC	2322.1460048167
6020	1634	PC	4.09223011854869
6030	101	PC	12.6162695388346
6030	215	PC	1.82707543745881
6030	219	PC	212.473062275215
6030	231	PC	24.4088263569629
6030	302	PC	262.347898119839
6030	304	PC	344.110008135744
6030	310	PC	105.195477104181
6030	602	PC	570.149945079262
6030	628	PC	1.46340000645882
6030	704	PC	1.78889209756967
6030	1034	PC	6681.3440973565
6030	1072	PC	353.372856284243
6030	1119	PC	47.3901841581451
6030	1124	PC	2023.71865230712
6030	1135	PC	16641.804710053
6030	1172	PC	77.9438907593725
6030	1677	PC	112.15502698997
6030	1850	PC	259.011324388728
6030	1870	PC	2.25973827223777
6040	211	PC	115.920478237954
6040	220	PC	4.76819110049693
6040	1124	PC	27.4635341149615
6040	1503	PC	4.45604337943768
6050	1135	PC	5315.83044406569
6050	1837	PC	43.0532949337897
