50	106	PC	18.2895150485193
50	213	PC	15.0865188026068
50	301	PC	5.1953657785115
50	706	PC	1.04787366596634
50	805	PC	30.7642432940307
50	1034	PC	2155.71322377629
50	1853	PC	65.4236562108435
51	301	PC	146.726637444106
51	423	PC	389.214712581092
51	1805	PC	56.3429839651331
51	2030	PC	.852253478644177
52	106	PC	1524.96699976476
52	124	PC	8774.37954269428
52	125	PC	369.053299746689
52	213	PC	8.57093446557337
52	220	PC	90.4481496498216
52	229	PC	209.865813877306
52	231	PC	4.08076657859693
52	233	PC	269.724474307324
52	237	PC	30.1232133209627
52	301	PC	1047.86025759461
52	417	PC	1019.13380613339
52	427	PC	130.221459474194
52	605	PC	25.9941513494257
52	626	PC	1.15900300920907
52	627	PC	34.1947068244777
52	904	PC	2.98777848883922
52	1003	PC	35.3374357748563
52	1102	PC	7.56683049382901
52	1173	PC	127.980931303579
52	1251	PC	81.2661821055156
52	1271	PC	32.9426731490936
52	1416	PC	133.364986952404
52	1548	PC	286.640438682059
52	1804	PC	93.2796923234796
54	301	PC	60.698040034716
55	1130	PC	21.9195535497938
56	105	PC	1.16183819165596
56	124	PC	38.7695914254606
56	904	PC	95.5022052682536
57	418	PC	50.140685516236
58	101	PC	104.720428740506
58	104	PC	185.988073790851
58	105	PC	36.9298568062074
58	106	PC	122.480100355553
58	124	PC	1080.54956318321
58	136	PC	37.7753437296197
58	213	PC	16.2437137291321
58	217	PC	36.2888793574228
58	219	PC	74.198738048384
58	220	PC	228.950794539442
58	230	PC	110.575032374703
58	231	PC	18.3239158047547
58	235	PC	2520.91874540727
58	237	PC	50.4576437537064
58	301	PC	1310.13038405721
58	402	PC	384.480428021253
58	403	PC	2.01016081018453
58	412	PC	174.970994264996
58	425	PC	4.32929204127348
58	427	PC	981.438241204115
58	434	PC	337.594475596907
58	501	PC	5.88065066486092
58	513	PC	5.08071315352048
58	517	PC	5.49147676134345
58	602	PC	280.809298464526
58	605	PC	2.86732519762992
58	617	PC	4.91690924679212
58	625	PC	1.68368253080466
58	626	PC	123.88406110618
58	701	PC	2.14601054943757
58	704	PC	32.200057756254
58	706	PC	1979.77536174395
58	709	PC	199.874608747778
58	716	PC	2.22029131315663
58	722	PC	10.3962443234872
58	728	PC	1501.32507154451
58	805	PC	1571.702756453
58	806	PC	55.2120973013052
58	819	PC	3528.48127638631
58	904	PC	16.2193689394129
58	906	PC	75.8666266417766
58	1002	PC	920.519165950371
58	1032	PC	.865825903054852
58	1034	PC	24.9038658028895
58	1101	PC	3.08669074205652
58	1102	PC	75.466522791788
58	1106	PC	28.6391504246969
58	1121	PC	5.3864152653728
58	1149	PC	54.4624280899367
58	1173	PC	14.8917050713356
58	1221	PC	3.56890580448999
58	1253	PC	199.912403376582
58	1271	PC	1693.36650304122
58	1273	PC	31.9269407269965
58	1274	PC	13.0189444285218
58	1277	PC	36.2369404640029
58	1416	PC	64.248621425754
58	1420	PC	4.40551266693492
58	1432	PC	22.874147430966
58	1502	PC	1179.29492921738
58	1504	PC	6.68723166068232
58	1516	PC	1.7846256072168
58	1534	PC	2.65758937904535
58	1545	PC	6.34634011829673
58	1548	PC	130.385670969055
58	1551	PC	296.000926746062
58	1560	PC	9.61954972954411
58	1622	PC	69.535181359295
58	1634	PC	3.2406925680519
58	1663	PC	1.85436394778413
58	1677	PC	191.026375809574
58	1702	PC	8.63630539580615
58	1703	PC	5.43671783863876
58	1717	PC	13.1687958599562
58	1719	PC	2479.24081774754
58	1804	PC	1603.67466443523
58	1805	PC	2.65438057791294
58	1833	PC	1.81450168248533
58	1841	PC	2.84919869447135
58	1901	PC	27.6763625426899
58	1971	PC	2.32472801790023
58	2003	PC	157.657839698889
58	2012	PC	6.49328489793881
58	2101	PC	34.9408474769217
59	106	PC	2415.813256804
59	233	PC	30.2704893140968
59	301	PC	1.87418740186236
59	403	PC	1348.40273623195
59	529	PC	2.29866190302939
59	821	PC	.748683933176165
59	1034	PC	8.0515123486321
59	1102	PC	.597989798748431
59	1119	PC	6.21415531937999
59	1142	PC	.553095012399237
59	1173	PC	76.9321207438142
59	1271	PC	180.569772421232
59	1416	PC	2.51423000709095
59	1502	PC	70.2044844158459
59	1804	PC	9.91858307717005
59	1833	PC	12.831119040432
59	1922	PC	10.7871871574011
60	301	PC	.784288825092607
60	914	PC	517.253825625847
60	1871	PC	138.480648012856
62	211	PC	192.064698476927
62	301	PC	2794.2962110032
62	428	PC	4.22535355341852
62	517	PC	50.9455282103355
62	520	PC	6.96174388876686
62	1271	PC	58.3513569489894
62	1634	PC	13.3117337380403
62	1718	PC	34.9438989490054
62	1721	PC	845.788084978041
101	105	PC	176037.848118084
101	106	PC	69907.4933426983
101	1037	PC	2323.12248739681
101	1401	PC	3602.66374893654
101	2012	PC	1.10371010183652
101	4001	PC	137061.107344116
101	5101	PC	13413.8406712523
101	5831	PC	15016.0445223868
101	5840	PC	26405.9845875874
104	56	PC	2.04966141315295
104	1273	PC	559.559441184181
104	1277	PC	31.2977713806573
104	1401	PC	1003.61090439907
104	1671	PC	943.502409156374
104	1675	PC	9.64123949180513
104	2002	PC	1.52600026890909
105	58	PC	26.3152528944265
105	105	PC	23807.8097809063
105	106	PC	13652.0523818312
105	136	PC	12245.1023128465
105	215	PC	12756.5011656514
105	306	PC	10185.5007207025
105	1263	PC	.761284320054859
105	1271	PC	7.72743735613276
105	1401	PC	1471.97759667104
105	1504	PC	6.62336626825727
105	1833	PC	32381.492383175
105	1901	PC	88.5995601554468
105	5831	PC	5.57174873783914
105	6020	PC	23.6837276049838
106	50	PC	5.76911313454734
106	105	PC	146319.66142195
106	106	PC	202429.654263536
106	111	PC	52553.0390466211
106	135	PC	43173.4113001335
106	306	PC	21290.9128919509
106	516	PC	5694.17142557632
106	701	PC	1078.70948854171
106	914	PC	36310.4641912232
106	1037	PC	29.9596364910228
106	1531	PC	620.375944630987
106	1804	PC	2.44627820643077
106	1833	PC	22092.738782321
106	1901	PC	499.406187409535
106	1928	PC	11.4384286309114
106	1931	PC	28.1820895718339
106	1939	PC	6.15007273307387
106	1973	PC	6.26299623810584
106	1974	PC	2.59861884263507
106	2004	PC	6.0351145242174
106	2012	PC	2.36850281433561
106	2023	PC	10.4352690165306
106	6020	PC	5.92093190124596
119	125	PC	120134.011783023
123	106	PC	76.2687976154627
123	211	PC	38824.3384709446
123	306	PC	126857.68221394
124	60	PC	21.8556384143588
124	122	PC	23113.5274607576
124	124	PC	57834.7945850841
125	52	PC	14.234888941662
125	119	PC	12938.2301883932
125	125	PC	82255.2074723967
125	128	PC	5774.64988328595
125	138	PC	21782.2887389285
125	217	PC	6904.85558387707
125	235	PC	38465.6756763614
125	301	PC	12617.9998985607
125	306	PC	30838.9546130599
127	128	PC	102468.421455692
128	125	PC	2822.62541548522
128	217	PC	4762.62752151127
128	402	PC	2764.57973423778
128	1002	PC	4443.97710174539
135	106	PC	21995.3867121788
135	111	PC	15212.2838322387
135	415	PC	2.78522669213676
135	519	PC	10.9810842550036
135	605	PC	3.79248164849393
135	814	PC	10.5981190990721
135	1071	PC	2.19091406578952
135	1072	PC	2.97837158332337
135	1102	PC	1.98789215396004
135	1119	PC	1.17395421781549
135	1246	PC	19.5972247912256
135	1271	PC	1.34133305917103
135	1273	PC	1.80073963193711
135	1274	PC	65.9330029680421
135	1504	PC	.966215913138585
135	1677	PC	6.59439356262823
135	1804	PC	5.58223926965595
135	1805	PC	1.14793957798076
135	1833	PC	.753734362815588
136	135	PC	96889.8051645955
137	306	PC	13899.7644504468
211	123	PC	38667.3565710867
211	211	PC	1897.66841076773
211	1271	PC	14489.3433132112
213	211	PC	204653.038374331
213	213	PC	995986.946829423
213	229	PC	22308.2253254431
213	236	PC	98559.3381088263
213	306	PC	63913.1092802302
213	311	PC	1065896.2396071
214	137	PC	14156.8157394638
214	214	PC	316243.920358557
214	216	PC	26968.1983364745
214	217	PC	40034.6696262947
214	303	PC	22060.3372396133
215	229	PC	25888.7708892223
216	216	PC	78328.0660500475
216	306	PC	73327.0629609506
219	219	PC	5069573.49733903
219	220	PC	29594.2221280396
219	229	PC	3169.97087968321
219	231	PC	53979.9554007192
219	302	PC	17586.367036105
219	307	PC	34529.8796195177
219	605	PC	490214.554213963
219	624	PC	6858.38781298334
219	625	PC	33374.1200897173
219	626	PC	221562.668869738
219	806	PC	4.92276091993121
219	1102	PC	45.5120500626518
219	1931	PC	3.20183767443562
219	6030	PC	50.6037955637947
220	60	PC	6.07245546765537
220	711	PC	118697.481717005
220	4001	PC	12.4090627481537
221	221	PC	96493.6806018121
221	236	PC	8709.82689846195
221	301	PC	4.32951419483108
221	402	PC	24279.6182528509
221	806	PC	2.13520896397244
226	219	PC	27293.6182399451
226	238	PC	105775.954625819
226	301	PC	2.16475709741554
226	1271	PC	1228.57827163609
227	227	PC	54340.0760156326
227	1432	PC	12418.3605519819
228	58	PC	1.02592710587025
229	229	PC	404850.613401862
229	301	PC	28364.8878042233
229	302	PC	3561.57694289472
229	306	PC	250210.849677531
229	307	PC	35955.4343895039
229	311	PC	48409.2205086333
230	52	PC	1423.92879070758
230	58	PC	4.39905107517092
230	230	PC	797265.439463884
230	231	PC	138815.290111383
230	301	PC	117409.063792321
230	306	PC	696363.160634102
230	806	PC	2.13520896397244
230	1271	PC	246.784389085274
230	1411	PC	4.45297850877294
230	3001	PC	3327.93004804068
230	4001	PC	2238.48615899844
230	4002	PC	8.02627814805047
230	4003	PC	1.30626588304619
230	5101	PC	48.4983722775027
230	5201	PC	6.14943964561416
231	227	PC	107565.483805359
231	231	PC	804804.126775551
231	234	PC	266461.874038651
231	236	PC	183627.406504323
231	306	PC	178394.553017288
231	427	PC	2.74326541489172
231	1612	PC	.577013458426886
231	1972	PC	1.03121950232843
233	104	PC	16817.1657061013
233	213	PC	168752.225739136
233	301	PC	2.16475709741554
233	303	PC	16603.5003480814
233	306	PC	342824.369102263
233	427	PC	10.1157912174132
235	104	PC	2.74368764604885
235	123	PC	.784520399696294
235	213	PC	2.0165005061336
235	226	PC	18616.2844444801
235	235	PC	3728249.74461502
235	238	PC	11210.6478386705
235	301	PC	2.9022515752224
235	306	PC	21132.1404598581
235	309	PC	237349.317970366
235	311	PC	21149.1214192804
235	542	PC	2.3556417847285
235	702	PC	1.17738116573843
235	906	PC	.664222157389969
235	1074	PC	3.79827528920283
235	1102	PC	1.88976162855523
235	1106	PC	1.66740598925589
235	1120	PC	.922184629845772
235	1124	PC	.783427149224045
235	1127	PC	1.57278234760356
235	1172	PC	6.0178819356318
235	1173	PC	5.15697180911679
235	1274	PC	1.93338716866475
235	1401	PC	.854461218311551
235	1420	PC	1.11379950187671
235	1430	PC	.996321194693059
235	1502	PC	5.40311426364187
235	1504	PC	1.04411885329127
235	1520	PC	1.59418883283152
235	1532	PC	2.49796839410651
235	1640	PC	1.6497788071873
235	1703	PC	.974761556587245
235	1714	PC	3.98129382678096
235	1805	PC	2.04098292573105
235	1813	PC	3.40854437849825
235	1820	PC	.919262075071682
235	1824	PC	1.40582878134362
235	1833	PC	1.01972745256434
235	1856	PC	1.87198118254862
235	1860	PC	.79810043014091
235	1866	PC	1.69863557981569
235	1901	PC	2.68065150648273
235	1942	PC	2.40484283632884
235	1971	PC	4.86181761352998
235	2002	PC	2.54644284476916
235	2003	PC	1.33811926799714
235	2004	PC	.848476208834759
235	2012	PC	5.68184363878764
235	2015	PC	.820473214700549
235	2019	PC	.78644258994712
235	2020	PC	2.95913895334334
235	2023	PC	1.63484761495216
235	2030	PC	3.13611774032546
236	236	PC	26849.3641892539
236	806	PC	2.1393236895801
237	237	PC	470456.47807494
237	417	PC	244353.903174598
237	806	PC	2.40528117400128
301	211	PC	43002.2069572615
301	213	PC	165360.593326043
301	214	PC	70284.5452502775
301	228	PC	232696.72232408
301	230	PC	388931.790286572
301	231	PC	1677146.04244067
301	235	PC	53364.9070563211
301	236	PC	353964.472562752
301	301	PC	317269.707722663
301	306	PC	150877.515795012
301	602	PC	364274.702893412
301	605	PC	6098.97645010633
301	1172	PC	.702024131100231
301	1449	PC	3186.99767386472
302	626	PC	14807.2226468714
302	702	PC	144424.086887833
302	1037	PC	827.941513643623
302	1106	PC	18.1731023817843
302	1111	PC	607.565847172018
302	1130	PC	1425.98964593185
302	1159	PC	468.832756337456
302	1271	PC	28.1915598566234
302	1671	PC	16.137861831076
302	1833	PC	30107.91903779
303	307	PC	16078.4348095064
303	602	PC	4937.21232774964
303	612	PC	18202.8889145432
305	306	PC	45888.9790984344
305	309	PC	68304.7054669154
305	704	PC	2.01628151384312
305	1072	PC	1.80692382590516
305	1102	PC	1.27780670506362
305	1221	PC	1.81495631926147
305	1272	PC	.664193150222048
305	1677	PC	1.54432232002247
305	1804	PC	1.60573420341069
305	1824	PC	.961957159871437
306	213	PC	204145.45415112
306	228	PC	319052.201253281
306	229	PC	212004.687245258
306	233	PC	42993.8000966292
306	235	PC	217279.451085713
306	236	PC	172624.849769886
306	301	PC	42039.8572016066
306	303	PC	178621.521926352
306	306	PC	2935137.28252276
306	307	PC	95394.0053204833
306	308	PC	4543.8690340689
306	309	PC	5525.174083689
306	311	PC	16767.5217792357
306	428	PC	3.05932681739842
306	605	PC	121286.394767835
306	626	PC	12900.0656026713
306	627	PC	200316.043779263
306	628	PC	40767.5945458843
306	1002	PC	1.01780785962883
306	1102	PC	1.79391542338754
306	1172	PC	7.72864216129337
306	1221	PC	.997716936340576
306	1443	PC	2012.0853388038
306	1805	PC	8.51158663989528
306	1971	PC	95.8137414008644
307	229	PC	17278.270673
307	306	PC	486558.207690314
308	306	PC	54293.1639734697
308	311	PC	28575.3494597624
309	104	PC	7.37313096167576
309	213	PC	1.35423562403236
309	231	PC	2.53852734105776
309	235	PC	7.11293540727199
309	306	PC	31288.1792506668
309	309	PC	23108.0606858255
309	720	PC	17.4241410798978
309	805	PC	1.47054931042492
309	806	PC	2.13027131219525
309	906	PC	31.998391475538
309	911	PC	1.11768649809201
309	1017	PC	1.41527457231331
309	1034	PC	7.82259398732144
309	1071	PC	.630718693948027
309	1075	PC	1.3921268470024
309	1101	PC	1.31986539336057
309	1127	PC	5.2576782426532
309	1173	PC	11.8466572123164
309	1504	PC	5.07436473175708
309	1804	PC	6.30077334785894
309	1805	PC	.493672025113926
310	310	PC	167585.178983619
310	1101	PC	.668661265413933
311	213	PC	451829.308592835
311	311	PC	32814.6636718917
402	60	PC	71714.6371885025
402	101	PC	369.259682123676
402	105	PC	271.558868290939
402	106	PC	524.559151989534
402	128	PC	9560.14689933092
402	221	PC	57696.3160094464
402	237	PC	3945.92367490165
402	305	PC	.703479497810131
402	402	PC	157334.769195655
402	1520	PC	7.28503763682535
402	1971	PC	.727718900452082
403	403	PC	20020.1567272877
403	412	PC	239463.467949566
403	602	PC	.835892538705805
412	101	PC	603.096214147057
412	105	PC	523.609676442806
412	106	PC	448.98980015817
412	221	PC	1350.53536508979
412	237	PC	4360.01788166148
412	403	PC	542602.156949544
412	412	PC	637309.180362355
417	237	PC	1141057.26434024
417	306	PC	3.92747021767847
417	417	PC	1623811.63684271
418	50	PC	4.32063183095015
418	51	PC	.790058391945169
418	54	PC	5.40696211987475
418	55	PC	.987572989931462
418	56	PC	.938194340434889
418	58	PC	.987572989931462
418	4001	PC	42.1545530752245
418	5810	PC	13.1556364568408
419	402	PC	123047.145123162
419	419	PC	387929.547881256
419	1173	PC	1.04340999394044
420	60	PC	.948070070334203
420	309	PC	5386.44798918744
420	420	PC	39732.926495376
423	101	PC	10443.2109815749
423	111	PC	5842.40095659678
423	301	PC	4740.19616644127
423	402	PC	5.66278151481329
423	420	PC	5657.38626570861
423	423	PC	85.0129299083801
425	51	PC	556.003593331413
425	101	PC	504.239449256795
425	105	PC	71.4112174671668
425	106	PC	609.593441381714
425	221	PC	638.175052919797
425	237	PC	1865.9010788484
425	427	PC	5203.30414893392
425	538	PC	4452.99785756121
425	619	PC	12202.5470722495
425	631	PC	2789.64267171564
425	1263	PC	4275.71801576558
425	1702	PC	4606.27721794945
427	101	PC	1005.59769149734
427	105	PC	531.247574803709
427	106	PC	1144.95986973123
427	221	PC	1344.48097467711
427	237	PC	5051.11524102376
427	402	PC	1.46271166051047
427	423	PC	80.5669423016624
427	427	PC	127351.245808606
427	1271	PC	5843.0556427652
428	1046	PC	.970455065940392
429	101	PC	248.370944698209
429	105	PC	96.7475109560288
429	106	PC	263.087237895017
429	221	PC	552.182291608534
429	237	PC	1125.42202001155
437	101	PC	578.395546525684
437	105	PC	528.955975276482
437	106	PC	503.706195130179
437	221	PC	764.091778130701
437	237	PC	2063.38822384335
438	101	PC	771.17649417097
438	105	PC	237.599905929275
438	106	PC	519.749640464154
438	221	PC	875.6235602669
438	237	PC	2525.07534751403
438	438	PC	12567.576951949
441	101	PC	288.007550525979
441	105	PC	115.44627706868
441	106	PC	362.34024639521
441	221	PC	423.683669817384
441	237	PC	1553.21806674924
501	412	PC	5087.56796109566
501	501	PC	28169.5785399253
501	502	PC	328476.508985953
501	522	PC	9802.52221458743
502	502	PC	181705.589260952
511	101	PC	237.691447559026
511	105	PC	136.8453890372
511	106	PC	325.510902947657
511	221	PC	222.770308086862
511	237	PC	936.932955848786
511	511	PC	23149.8881418587
512	101	PC	524.631341511651
512	105	PC	307.622323324439
512	106	PC	348.562634100268
512	221	PC	865.081920221209
512	237	PC	2266.55821499352
515	515	PC	37584.3987419982
516	101	PC	1122.17890253848
516	105	PC	838.56206508412
516	106	PC	1297.74279330112
516	221	PC	2355.52944488679
516	237	PC	6377.62562161883
516	516	PC	528046.803094848
517	58	PC	18.3692512717262
517	309	PC	.739236666764647
520	101	PC	679.77125372379
520	105	PC	631.184710931067
520	106	PC	1090.87276821428
520	221	PC	1142.65535901534
520	237	PC	3810.82382832464
520	402	PC	82.8751005141577
521	402	PC	43.4321600580755
521	423	PC	7.31313698139358
521	428	PC	3.73474238654041
521	517	PC	2.60442888186254
521	521	PC	3578.63791544665
522	101	PC	315.650093604079
522	105	PC	131.51919212353
522	106	PC	321.685344754184
522	221	PC	650.840854440955
522	237	PC	1815.80299307284
522	522	PC	3675.94583047029
528	101	PC	165.261824168239
528	105	PC	42.9166619610125
528	106	PC	239.481567053942
528	221	PC	238.381238834796
528	237	PC	752.461672821163
528	528	PC	921079.976497693
529	101	PC	214.860081708918
529	105	PC	86.4108014323932
529	106	PC	309.125602342884
529	221	PC	245.132819457771
529	237	PC	1177.24091014103
529	528	PC	288578.857708362
533	101	PC	769.946911684188
533	105	PC	520.271929320203
533	106	PC	700.379462658641
533	221	PC	1023.80295533233
533	237	PC	3682.20302769493
533	533	PC	11293.2275484524
533	534	PC	11713.3608007592
534	402	PC	1.76117541049043
534	423	PC	42.29540714225
534	533	PC	44108.7662550834
534	534	PC	100487.080636305
538	402	PC	3.25850934334538
538	423	PC	45.6758363933443
540	540	PC	44159.1585069503
542	101	PC	1312.55673836088
542	105	PC	486.223328921694
542	106	PC	1038.71826686596
542	221	PC	2088.22065267663
542	237	PC	5424.30216500991
542	542	PC	1246271.53867312
543	101	PC	453.716693437394
543	105	PC	39.1793384558807
543	106	PC	203.998689474453
543	221	PC	438.876011466505
543	237	PC	1102.51050057496
544	50	PC	16.9416781452213
544	101	PC	495.546545803072
544	105	PC	343.948519476143
544	106	PC	544.368738477153
544	221	PC	343.038372673319
544	237	PC	1526.29551352579
544	805	PC	14981.9151354807
545	545	PC	472896.425358317
602	106	PC	1475.48547964601
602	302	PC	97922.1312274448
602	602	PC	1117776.99097237
602	624	PC	101614.394183578
602	625	PC	101005.515989629
602	627	PC	82.7331833467489
602	702	PC	947.642080473912
602	704	PC	15378.604301268
602	709	PC	1172.48726150079
602	805	PC	10754.000807996
602	806	PC	308.754356951592
602	1037	PC	82513.3355510589
602	1071	PC	1047.96967366223
602	1101	PC	609.871662469808
602	1149	PC	912.716839616442
602	1271	PC	11.3138631589431
602	1401	PC	1943.18436226323
602	1438	PC	118549.56228115
602	1504	PC	437.97567574949
602	1671	PC	170.256726707183
602	1675	PC	208.866126149442
602	1805	PC	772.054693789835
602	1833	PC	73254.0572845814
602	2101	PC	10101.3280925009
605	101	PC	1.66918504102019
605	106	PC	73.0675383804591
605	213	PC	36058.1323483133
605	215	PC	8.61205323400711
605	216	PC	1.92441445270488
605	217	PC	5.92448672535607
605	219	PC	43184.6522264747
605	226	PC	23191.3658028697
605	229	PC	2.66718234603208
605	231	PC	11.2093036512579
605	301	PC	7504.82019626583
605	305	PC	5.09665476297022
605	306	PC	11485.9462905775
605	311	PC	10.8092794972936
605	403	PC	5.57847874142135
605	412	PC	22.6399748352089
605	417	PC	14.0963178271444
605	502	PC	52414.2854504202
605	511	PC	26.0013625895741
605	529	PC	6563.25489402956
605	543	PC	5.31788908438547
605	605	PC	420020.699600296
605	704	PC	5.40943487157111
605	706	PC	17.1541410761457
605	709	PC	10.2631032239717
605	720	PC	44.4361351737262
605	5101	PC	74.5230306621407
612	602	PC	4359.726773483
612	5880	PC	1590.70398192109
615	605	PC	.911770403828128
616	720	PC	2.42411853998713
617	617	PC	296806.662197161
618	618	PC	151554.325990898
619	620	PC	6219.59706358902
619	1271	PC	10.2497934729838
619	1901	PC	10.5755516572221
620	1271	PC	4580.05730721722
621	621	PC	10013.8524454435
622	622	PC	.921650981671543
622	1246	PC	.628775022942135
622	1657	PC	1.14037840141834
623	213	PC	1.01521555425017
623	226	PC	6119.87099785668
623	418	PC	101320.650700184
623	1154	PC	2.72952729378844
623	1172	PC	2.23266411564855
623	1246	PC	9.38395099239338
623	1503	PC	1.08254285882856
623	1850	PC	.522507159038304
624	213	PC	.838162404914509
624	219	PC	6171.39764908172
624	602	PC	272946.441299856
624	604	PC	132129.453654652
624	605	PC	.70744873270049
624	624	PC	1744361.66315063
624	625	PC	584782.251632569
624	1824	PC	1.19464778016446
624	1833	PC	2.22230016343271
625	106	PC	36.9992559485701
625	219	PC	19102.1534469132
625	423	PC	3.55785776532425
625	602	PC	282009.656959979
625	625	PC	279670.130232527
625	626	PC	13450.4448700028
625	1411	PC	2.95339151063488
626	219	PC	97768.2770250867
626	220	PC	97284.5124029012
626	306	PC	12229.8436543101
626	602	PC	1591352.67294803
626	625	PC	45203.1719687102
626	626	PC	142755.712507443
627	58	PC	17.7332232909608
627	220	PC	1230900.39220274
627	303	PC	52194.7652370335
627	306	PC	27986.0436046614
627	627	PC	186616.123966171
627	701	PC	158.794522988055
627	1037	PC	970.607377550616
627	1102	PC	26.2012942785429
627	1420	PC	209575.842972986
627	6010	PC	16.4107839367212
627	6030	PC	1.62042491191593
628	105	PC	1524.59724830575
628	301	PC	12214.6032845739
628	602	PC	353939.700523838
628	628	PC	66534.4110697261
628	702	PC	769.510010092304
628	704	PC	12534.354986144
628	1037	PC	88232.5594756463
631	502	PC	.876086248631834
631	631	PC	78399.0387415414
631	1702	PC	3.22525311323207
633	633	PC	9568.30002094497
701	602	PC	778.853908146179
701	1037	PC	591.682368188823
702	702	PC	230839.895119088
702	713	PC	131123.804327649
704	101	PC	3.524578405385
704	136	PC	5.37627242664821
704	216	PC	4.12680217058308
704	217	PC	2.99821456309173
704	220	PC	15.478681011095
704	229	PC	2.95444465022432
704	231	PC	12.0039386951611
704	301	PC	9.11153635122599
704	305	PC	31.623730797836
704	311	PC	5.46692181073559
704	403	PC	5.93427276026824
704	417	PC	7.49768877674282
704	511	PC	36.2100345794259
704	528	PC	6.63026807810896
704	602	PC	549.950064633387
704	627	PC	6.74686530017506
704	706	PC	6.48624137170635
704	720	PC	16432.3639082399
704	722	PC	27040.5783652154
704	826	PC	13.4152515400158
704	829	PC	16297.9540691793
706	50	PC	10.1932673234183
706	219	PC	.962952189372926
706	706	PC	761409.128107617
706	1845	PC	1.41011749157279
709	50	PC	1.61078792271301
709	51	PC	119.037227488491
709	58	PC	149.965362347033
709	105	PC	6236.10633061272
709	106	PC	229.202106019293
709	220	PC	708.480628793033
709	235	PC	313.222919019533
709	306	PC	1205.81943727048
709	403	PC	126.339689617375
709	501	PC	125.153099390924
709	602	PC	703.408019606186
709	625	PC	283.596895726866
709	701	PC	2395.41160067357
709	704	PC	106288.387303625
709	709	PC	529356.455314979
709	1037	PC	3515.45653741678
709	1071	PC	1309.09149767912
709	1101	PC	8.29453485040573
709	1102	PC	283.421939675794
709	1119	PC	2.40650319610488
709	1277	PC	361.872957023413
709	1401	PC	500.408505507673
709	1504	PC	231.419469382346
709	1671	PC	81.6501182644864
709	1833	PC	802.997748183157
709	1901	PC	801.690977498858
709	3001	PC	49.7330771137642
709	4001	PC	210669.580433912
709	4002	PC	1016.80987621259
709	4004	PC	30769.0695511736
709	4005	PC	24176.9199774706
709	5101	PC	102467.731678698
709	5104	PC	24810.2616538323
709	5201	PC	3473.86550382094
709	5302	PC	24.5645158213734
709	5403	PC	24935.2990663329
709	5404	PC	15722.2968681307
709	5501	PC	1046.50877853761
709	5605	PC	126808.947997315
709	5700	PC	10682.1414579617
709	5710	PC	248.162014342973
709	5720	PC	227.926491063891
709	5760	PC	50.1357740944424
709	5790	PC	1603.94207404148
709	5800	PC	344.003895744397
709	5831	PC	52.5519559785119
709	5840	PC	3493.39630738384
709	5880	PC	41128.2480306313
709	5900	PC	38.3568874096035
709	5910	PC	22.8530536534908
709	5930	PC	25141.1114527028
709	6000	PC	3643.19958419615
709	6010	PC	2125.63601251016
709	6020	PC	220798.653831641
709	6030	PC	36258.3649848024
709	6040	PC	410.24754906597
711	58	PC	14.7422731257968
711	220	PC	120263.22619999
711	711	PC	186452.758386194
713	602	PC	800324.019622074
713	713	PC	354368.243409795
713	4003	PC	1.03121664282294
714	806	PC	180408.643825278
716	50	PC	5.52225631126139
716	702	PC	17577.2239515624
716	716	PC	1642806.70204032
722	722	PC	150344.60776001
723	704	PC	7297.9572014524
723	723	PC	27436.1476121796
728	58	PC	28.2904696350989
805	101	PC	1.7302309148379
805	136	PC	5.21207050258342
805	215	PC	8.44523680622213
805	216	PC	1.8871383309886
805	217	PC	2.74348302526436
805	220	PC	46.8106939002087
805	231	PC	7.08719077469765
805	301	PC	5.29995127635845
805	305	PC	21.4076463319577
805	311	PC	15.8998538290754
805	403	PC	5.67449149717913
805	417	PC	14.338933490546
805	511	PC	18.0989919932935
805	516	PC	2.01398903024884
805	528	PC	1.79748360679786
805	543	PC	2.83174948304278
805	627	PC	6.54080277659394
805	704	PC	4.99782779194527
805	706	PC	82.6733772832797
805	709	PC	4.93073697087207
805	720	PC	5.20921795609765
805	805	PC	15722.3444082684
805	806	PC	420547.465657025
805	906	PC	161.072610491406
805	1002	PC	409.306581046528
805	1037	PC	4469.92718580424
805	1071	PC	223.647486721187
805	1102	PC	5509.68586323123
805	1106	PC	205.996351306045
805	1134	PC	4579.70660760834
805	1135	PC	3975.70054677395
805	1263	PC	652.079951067611
805	1271	PC	667.393854074024
805	1273	PC	3747.71491877178
805	1274	PC	.837335118379703
805	1401	PC	190.066420919819
805	1504	PC	274.005031763245
805	1511	PC	1656.16727733199
805	1554	PC	55.5157537447172
805	1563	PC	33.2531558715564
805	1569	PC	156.25498421815
805	1677	PC	.681746993206906
805	1833	PC	19898.3531553035
806	51	PC	6.43736471044263
806	62	PC	59.6973543472269
806	706	PC	65417.0751641849
806	709	PC	50018.6872844552
806	805	PC	41701.175580876
806	806	PC	2226432.32146829
806	1037	PC	1166.49415594453
806	1071	PC	316.879507469261
806	1101	PC	7651.11681945589
806	1102	PC	1460.76779766913
806	1106	PC	6990.33852977903
806	1677	PC	7844.94935914166
807	305	PC	1.55239031460949
807	604	PC	20369.7960124799
807	807	PC	402343.009797038
807	826	PC	56447.9242332429
807	827	PC	80910.558053908
814	709	PC	1.81906528873318
814	805	PC	481037.760855107
814	814	PC	138156.554708344
814	1804	PC	3.00827978293015
814	1931	PC	5.39701027070081
815	704	PC	27.7910469452371
815	709	PC	1907.70502390429
815	805	PC	58476.3130667748
815	806	PC	19824.0506237016
815	815	PC	104823.000275204
815	901	PC	15926.5862335817
815	4001	PC	409083.514440686
815	5101	PC	176226.059526751
815	5501	PC	19708.928249332
815	5831	PC	4410.8566160897
821	821	PC	591416.867301575
821	822	PC	1.05353483098561
821	828	PC	277323.290767946
821	1411	PC	4.20593702920009
827	827	PC	3776451.1503465
827	828	PC	21025.280006416
828	828	PC	366902.459218185
833	833	PC	98980.5715671175
833	1824	PC	78260.0382716502
901	901	PC	369976.690442148
904	904	PC	963799.985498167
904	926	PC	132832.155280223
904	1072	PC	93606.7641928322
904	1504	PC	2559.22879287918
906	213	PC	1.03006450695161
906	302	PC	1358.03096193112
906	602	PC	321.333068689648
906	805	PC	2603.92011808946
906	826	PC	.766581854743791
906	906	PC	332501.150530491
906	1504	PC	787.155893099587
906	1838	PC	2.99908778173666
906	4001	PC	42107.1171065869
919	919	PC	139353.868148085
919	4001	PC	20.848364318699
926	709	PC	4461.99938704562
926	926	PC	19150.3577844289
926	928	PC	4475.34201722117
926	1072	PC	288924.876777545
926	1671	PC	543.475592559356
928	926	PC	196963.753708643
928	928	PC	192739.184560572
928	1071	PC	613824.27439872
928	1072	PC	156016.832125103
937	926	PC	14298.2585916587
940	940	PC	190533.233165082
1002	704	PC	1237.72833766971
1002	1002	PC	8276.30708390457
1002	1014	PC	10365.5261314312
1002	1071	PC	78621.9483371985
1002	1101	PC	65.9251609975818
1002	1246	PC	17.8639002067329
1003	1504	PC	362.219537085455
1003	5404	PC	.825230295853483
1004	704	PC	14771.4685805463
1004	1101	PC	1096.78528078615
1018	1017	PC	17364.2796954846
1018	1018	PC	36805.0124758511
1032	1032	PC	1945183.13122824
1037	805	PC	108342.05883499
1037	806	PC	5092.77248536944
1037	1037	PC	2193455.57738426
1037	1101	PC	1842.25254276168
1037	1149	PC	329.948513603505
1037	1511	PC	7886.28633638997
1046	1029	PC	256653.438070892
1071	602	PC	997.682827992396
1071	805	PC	809.072425110801
1071	926	PC	497.510589791876
1071	1071	PC	356285.772886899
1071	1554	PC	42.1243790118931
1071	1557	PC	181.317479576222
1071	1638	PC	230.830629966864
1071	1671	PC	216.219318379501
1071	1675	PC	219.860787094734
1071	1833	PC	5647.7711512867
1072	511	PC	4.00011830024039
1072	926	PC	4834.96681801619
1072	1271	PC	476.488939821443
1072	1833	PC	2936.90731949677
1074	1528	PC	1.13187993480003
1075	1071	PC	67057.9080565662
1075	1072	PC	115.518292802084
1075	1073	PC	29825.8831139711
1101	51	PC	4685.26569637346
1101	105	PC	2020.40179890138
1101	309	PC	3.42880951408258
1101	602	PC	384.673506126789
1101	701	PC	2295.63130255155
1101	805	PC	2308.79425690099
1101	806	PC	6447.52817461829
1101	1004	PC	2144.35893088295
1101	1032	PC	371.086953452468
1101	1037	PC	12900.2858031819
1101	1071	PC	2470.70411421442
1101	1101	PC	1427.95627625253
1101	1102	PC	4611.89574939164
1101	1106	PC	6041.24829021063
1101	1149	PC	42.3273188502509
1101	1159	PC	2060.99828738711
1101	1172	PC	802.890822930424
1101	1173	PC	334.895637372049
1101	1221	PC	1297.15677062461
1101	1228	PC	1404.06356867075
1101	1251	PC	1220.01232192228
1101	1263	PC	544.859316388738
1101	1271	PC	3829.60494973885
1101	1401	PC	7447.29789913801
1101	1424	PC	1617.77261529292
1101	1438	PC	303.178113752404
1101	1439	PC	2613.34443220435
1101	1502	PC	3634.30699792319
1101	1503	PC	836.052141609246
1101	1504	PC	3557.24150336565
1101	1520	PC	1374.67421667832
1101	1531	PC	1327.6690630557
1101	1671	PC	1449.3216397706
1101	1702	PC	2284.4511345616
1101	1703	PC	2324.97493082014
1101	1719	PC	697.79969499596
1101	1750	PC	1176.73584706644
1101	1833	PC	5525.29431515339
1101	2303	PC	760.947786310076
1101	3001	PC	1480.14069807503
1101	4001	PC	134120.880396583
1101	4004	PC	8311.24800730442
1101	4005	PC	1701.70653052782
1101	5101	PC	122932.352184427
1101	5102	PC	6761.15725600662
1101	5103	PC	2334.0291117287
1101	5403	PC	3055.38271236267
1101	5404	PC	8347.66978798158
1101	5850	PC	2167.09595029167
1102	233	PC	2.33801114309787
1102	709	PC	15494.8156455305
1102	1102	PC	1161280.59084713
1102	1114	PC	115663.486363481
1102	1120	PC	188205.980371066
1102	1172	PC	24668.3593583082
1102	1175	PC	368899.900424822
1102	1263	PC	4583.81555355836
1102	1277	PC	5205.53309293716
1102	1676	PC	.796422049447562
1106	106	PC	535.477102316101
1106	805	PC	4180.70809362989
1106	1101	PC	646.885316708907
1106	1106	PC	62148.0569742336
1106	1130	PC	491.959773577986
1106	1146	PC	329.529237047486
1106	1149	PC	3369.29489739017
1106	1246	PC	133.587103424245
1106	1263	PC	126.691702091741
1106	1271	PC	144.673604377977
1106	1273	PC	678.45031234015
1106	1401	PC	5962.46121433499
1106	1503	PC	119.62673115673
1106	1504	PC	113.256174586419
1106	1554	PC	780.619394996468
1106	1563	PC	651.653650418597
1106	1569	PC	137.62820087937
1106	1671	PC	230.626404788166
1106	1833	PC	14957.6292575617
1106	1871	PC	6003.98230311816
1111	805	PC	575.666119693655
1111	906	PC	15448.3298210408
1111	926	PC	3115.61811570054
1111	1003	PC	5638.09382216641
1111	1004	PC	1963.18226932552
1111	1032	PC	836.833808192676
1111	1037	PC	48821.6362889559
1111	1106	PC	9641.12957847612
1111	1173	PC	343.482704996973
1111	1224	PC	944.782099726314
1111	1228	PC	112644.850986858
1111	1271	PC	209.659974196912
1111	1401	PC	576.918593910178
1111	1502	PC	295.423613376714
1111	1833	PC	40193.0362085666
1111	4001	PC	477649.294654625
1111	5101	PC	459338.34559079
1111	5403	PC	48778.881488031
1111	5404	PC	288987.607066882
1111	5605	PC	146447.933238385
1111	5800	PC	36242.7069221748
1111	5810	PC	46392.2431375465
1111	5820	PC	50749.704509118
1111	5831	PC	120953.698480495
1119	231	PC	1.15987850768205
1119	709	PC	7474.71069655001
1119	1119	PC	939934.470902843
1119	1121	PC	22179.7335241208
1119	5760	PC	51.2892716598073
1121	1102	PC	6458.5605259702
1121	1119	PC	20838.9167158311
1121	1120	PC	247375.945798792
1121	1121	PC	5589.67817823779
1121	1124	PC	65708.2807074519
1121	1173	PC	15660.6103953311
1122	1106	PC	1641.68056466303
1122	1122	PC	166301.247275922
1122	1173	PC	18598.8649212111
1122	1175	PC	26297.0208142265
1122	4001	PC	161067.005620736
1122	5403	PC	47545.2154431287
1122	5831	PC	27452.8089341241
1124	805	PC	408.688097047946
1124	1106	PC	112.572381576894
1124	1121	PC	521482.925731906
1124	1124	PC	285756.727624028
1124	1149	PC	256.811184159095
1124	1263	PC	114.281184079704
1124	1271	PC	857.191854545409
1124	1833	PC	1203.00935540669
1124	2004	PC	5.01356095236818
1124	4005	PC	54.3925767661364
1124	5103	PC	5.72316767296162
1124	5930	PC	7.35835843666495
1124	6000	PC	7.15702557388397
1127	805	PC	1093.48392632769
1127	1833	PC	2771.38928970541
1129	58	PC	60.7268969870321
1129	106	PC	1.44968494152013
1129	301	PC	1.33430871452367
1129	1102	PC	10165.141756609
1129	1129	PC	5115001.39557639
1129	1235	PC	1.72349618499746
1129	1243	PC	5.08139240696809
1129	4001	PC	23912.6209307064
1129	5101	PC	1031.4987736286
1129	5403	PC	25.5498556828644
1129	5605	PC	18245.6629402471
1129	5800	PC	147622.07369379
1129	5810	PC	24769.0520931961
1129	5850	PC	12582.7929266971
1129	5930	PC	68567.5344995668
1130	227	PC	.788539548612652
1130	231	PC	10.1223002964676
1130	302	PC	33434.7185951591
1130	1037	PC	2362.9303229769
1130	1102	PC	.746765246733952
1130	1106	PC	420.061757180445
1130	1127	PC	413.463442000566
1130	1130	PC	179949.846512633
1130	1149	PC	8842.74930678924
1130	1173	PC	17866.4644976455
1130	1175	PC	1358.68519160455
1130	1263	PC	51.2471677487463
1130	1511	PC	257.542982289489
1130	1675	PC	789.928161494174
1130	1804	PC	747.93467317349
1130	1833	PC	1287.9792574746
1130	4001	PC	225751.370854199
1130	5101	PC	21183.8963437765
1130	5201	PC	14284.4133151758
1130	5605	PC	23269.7865617256
1130	5800	PC	9016.03307336919
1130	5810	PC	206914.596672815
1130	5820	PC	35590.9489662301
1130	5831	PC	130862.272830722
1130	5850	PC	5360.35972226495
1130	5930	PC	13515.0560608534
1133	2301	PC	20974.3050250848
1133	2302	PC	20974.3050250848
1133	2303	PC	20974.3050250848
1133	2304	PC	20974.3050250848
1133	2305	PC	20974.3050250848
1133	2306	PC	20974.3050250848
1134	1017	PC	.977422611916548
1134	1106	PC	155.128855386931
1134	1149	PC	277.20708606763
1134	1173	PC	5489.4685258442
1134	2302	PC	785073.270922129
1134	4001	PC	1536776.02940161
1134	5101	PC	3549070.74146639
1134	5201	PC	738928.012017898
1134	5403	PC	276404.746291338
1134	5501	PC	13171.3755180148
1134	5605	PC	1515350.93718656
1134	5810	PC	284369.017135139
1134	5820	PC	9568.52477591988
1134	5831	PC	161172.239410533
1134	5840	PC	437517.460341784
1134	5880	PC	26666.148578097
1134	5920	PC	37064.3901728836
1135	104	PC	724.717768671489
1135	602	PC	2996.31065257379
1135	805	PC	42724.6749545054
1135	806	PC	19194.2018736699
1135	1101	PC	363.258940837736
1135	1106	PC	823.040701725628
1135	1146	PC	659.058474094973
1135	1149	PC	422.81347731955
1135	1173	PC	1588.02584470747
1135	1247	PC	1553.03200768337
1135	1263	PC	2346.83708954742
1135	1271	PC	4642.23150352647
1135	1273	PC	4835.68078023759
1135	1401	PC	445.185578163468
1135	1439	PC	438.653790169933
1135	1502	PC	1453.49119541622
1135	1511	PC	3715.20576354092
1135	1554	PC	2754.51584119926
1135	1671	PC	1368.78268815834
1135	1675	PC	383.3789586089
1135	1833	PC	239.603955127019
1135	2302	PC	16694.7078277665
1135	4001	PC	3325.94159669965
1142	1142	PC	65325.1703396834
1146	1172	PC	428.887066449622
1146	1221	PC	1218.00306972279
1146	1401	PC	288.146005283798
1146	1871	PC	13404.864291973
1146	4001	PC	31.6323220834698
1146	5101	PC	2.02123463792139
1149	50	PC	31.1489198151473
1149	104	PC	34.1671728876429
1149	124	PC	12084.8784308139
1149	306	PC	5912.3879169313
1149	516	PC	6511.06293287714
1149	1106	PC	1401.79756336488
1149	1146	PC	200368.67170021
1149	1149	PC	266864.78192545
1149	1172	PC	285.924710966415
1149	1221	PC	570.129096465985
1149	1224	PC	840.637753765734
1149	1228	PC	875.088780022733
1149	1263	PC	3110.28128635225
1149	1271	PC	7636.28619222498
1149	1401	PC	2966.4631243967
1149	1416	PC	1323.25197577574
1149	1424	PC	44.0080238842648
1149	1503	PC	1841.25477038733
1149	1563	PC	263.752307521203
1149	1820	PC	1248.29003935624
1149	1871	PC	22569.5559961995
1154	1154	PC	150628.491174697
1159	1263	PC	789.542687435733
1159	1273	PC	716.478802633789
1172	1172	PC	1417343.36116884
1172	1173	PC	98678.3430673464
1172	1671	PC	6.15465500059878
1173	58	PC	137.151625305616
1173	1102	PC	224422.751853721
1173	1121	PC	70158.4038257597
1173	1127	PC	121777.162930116
1173	1172	PC	4470688.9803363
1173	4005	PC	64.3856363208183
1173	5605	PC	.662252259299845
1173	5830	PC	2.04398845462915
1175	1172	PC	2071.89772288986
1175	1175	PC	168428.702492646
1211	805	PC	1.08459422486848
1211	829	PC	14.7906919365065
1211	834	PC	1.70796878883118
1211	1211	PC	1303511.43999551
1219	1871	PC	420.510933577206
1221	1439	PC	224.944463714287
1221	1504	PC	1445.83698955984
1221	1833	PC	8408.5240354154
1221	2302	PC	11854.6772001779
1222	627	PC	1.11258956057969
1224	1122	PC	1.77711611690933
1227	829	PC	7.6744251059944
1227	834	PC	9.19444239484321
1227	1865	PC	9.84038249211614
1228	834	PC	1.99397545912262
1228	1671	PC	1349.35031779621
1228	1833	PC	268.557231288091
1228	5403	PC	23292.2940676893
1228	5605	PC	54933.3644128118
1233	1233	PC	336258.467116843
1235	829	PC	5.1605786429782
1235	834	PC	5.81024512581554
1235	1235	PC	567023.321068814
1235	1421	PC	30017.5126947483
1235	5810	PC	27.9589156089564
1238	805	PC	1247.63551500571
1241	829	PC	7.48758362262494
1241	1241	PC	356867.228509267
1243	1243	PC	109760.986883399
1243	1271	PC	7720.30000228628
1244	1244	PC	579333.437412457
1245	829	PC	7.48758362262494
1246	1246	PC	23986.3639539829
1246	1271	PC	4764.98569721762
1246	1638	PC	1.22155798705985
1246	2303	PC	680.40645501375
1247	237	PC	12.1764972152981
1247	1106	PC	3837.61344830102
1247	1130	PC	1.81530988050972
1247	1172	PC	1286.39586681054
1247	1221	PC	684.516997951726
1247	1244	PC	976.104655540489
1247	1246	PC	28012.6096014923
1247	1247	PC	288464.696434984
1247	1263	PC	2.19439782774427
1247	1271	PC	75296.4108194259
1247	1401	PC	602.689567218131
1247	1421	PC	981.989524111263
1247	1428	PC	360.571420075496
1251	1235	PC	23483.223189455
1251	1401	PC	3720.55179247228
1252	829	PC	7.48758362262494
1252	1252	PC	27570.3785533575
1252	1271	PC	250.803184828527
1253	1253	PC	2631.54231477083
1253	1256	PC	58525.3847682205
1259	1172	PC	1.73485619259682
1263	104	PC	1351.82249534575
1263	105	PC	7385.56851566019
1263	402	PC	2.82642865627736
1263	805	PC	1841.71753761746
1263	926	PC	1053.82938239477
1263	1106	PC	1645.58490704291
1263	1221	PC	704.958164046762
1263	1224	PC	283.93301686885
1263	1228	PC	1211.8887383428
1263	1251	PC	1045.8582886442
1263	1263	PC	362458.746585226
1263	1271	PC	9076.90799457791
1263	1273	PC	56.8594228303522
1263	1401	PC	5565.28694241432
1263	1411	PC	1799.39149077112
1263	1416	PC	3189.10626677755
1263	1502	PC	3496.45897401549
1263	1504	PC	1253.98724750201
1263	1520	PC	2373.98025267152
1263	1563	PC	144.14081214685
1263	1671	PC	2121.71468776208
1263	1833	PC	473.363311763657
1263	1901	PC	2407.38569485561
1263	2030	PC	51.2812810162145
1263	2304	PC	10307.6124615277
1271	105	PC	3.24104711143788
1271	106	PC	1802.86685286699
1271	302	PC	610.424954588611
1271	709	PC	201.997723583014
1271	720	PC	.881242348160228
1271	805	PC	273.632028519255
1271	906	PC	3287.80478028879
1271	1037	PC	868.388247780935
1271	1101	PC	888.954319674972
1271	1106	PC	6551.85135673475
1271	1122	PC	.907164688866396
1271	1146	PC	199.942787596518
1271	1149	PC	4497.5240561979
1271	1173	PC	468.122029302375
1271	1175	PC	780.685286668569
1271	1219	PC	1027.22280665226
1271	1221	PC	2940.90725536534
1271	1224	PC	681.7792800264
1271	1228	PC	2536.42601916018
1271	1238	PC	2199.64862187707
1271	1241	PC	2957.13763183685
1271	1243	PC	18686.4904481063
1271	1244	PC	3445.42895867372
1271	1246	PC	104090.289413431
1271	1247	PC	79786.9149181312
1271	1251	PC	2312.95583065545
1271	1263	PC	2286.13001157571
1271	1271	PC	416075.052769812
1271	1273	PC	299196.250436367
1271	1275	PC	18275.6960651987
1271	1277	PC	421631.184262054
1271	1401	PC	13286.3667848136
1271	1411	PC	77.0067685066098
1271	1416	PC	1965.63326025543
1271	1424	PC	323.425287780148
1271	1438	PC	1388.11120949958
1271	1502	PC	2437.01587969913
1271	1503	PC	749.529105587659
1271	1504	PC	4892.77957592006
1271	1511	PC	586.973935405445
1271	1520	PC	4.93294597957718
1271	1554	PC	2863.03846727901
1271	1563	PC	197.840330397637
1271	1671	PC	1931.29283901426
1271	1675	PC	1612.56373984944
1271	1677	PC	8.72310963705181
1271	1702	PC	973.837930893411
1271	1719	PC	1808.0438424826
1271	1833	PC	34508.6513902979
1271	1871	PC	21.6863551585622
1271	1901	PC	812.308056546371
1271	1931	PC	3.63911536250628
1271	1971	PC	8.84938131539706
1271	2030	PC	21.6520964290683
1271	2302	PC	597.767693214916
1273	104	PC	935.733153215795
1273	1120	PC	2.41930364764242
1273	1263	PC	320.293937958937
1273	1271	PC	9109.19099473801
1273	1416	PC	785.816739247034
1273	1502	PC	2964.66008745669
1273	1833	PC	484.601236362563
1273	1971	PC	401.171952964666
1274	805	PC	7.39015259821436
1274	834	PC	8.10595896187548
1274	1142	PC	18.7146569285935
1274	1502	PC	2.39784319385886
1274	1503	PC	4.83892361374682
1274	1504	PC	2.22931066222579
1275	806	PC	4.55141593103401
1275	6020	PC	99.5399263376426
1276	1247	PC	5907.31574534028
1276	1271	PC	42163.118426172
1276	1272	PC	505957.421114509
1276	1276	PC	1432605.11060982
1276	1277	PC	3982.44369260233
1277	834	PC	.864635622600051
1277	1276	PC	4817.47220879315
1401	101	PC	923.11593403443
1401	104	PC	264.990685342621
1401	105	PC	152.522638940628
1401	805	PC	757.739679420438
1401	1071	PC	6.31361065577206
1401	1102	PC	2585.13007667752
1401	1106	PC	6540.36081447325
1401	1173	PC	862.613085398928
1401	1221	PC	86.6158757945165
1401	1246	PC	69.7823742232564
1401	1251	PC	583.632491232533
1401	1263	PC	8419.20654697967
1401	1271	PC	10459.0755675786
1401	1401	PC	35669.6839631676
1401	1411	PC	14058.1981419056
1401	1416	PC	14000.4323494237
1401	1421	PC	1088.91541128183
1401	1424	PC	2088.73156167587
1401	1428	PC	143.321325565384
1401	1438	PC	6587.08572193732
1401	1439	PC	5687.65553774023
1401	1502	PC	5712.48661642534
1401	1503	PC	16389.9717181087
1401	1504	PC	13962.2333466628
1401	1511	PC	2048.57689220473
1401	1520	PC	2975.05550277546
1401	1554	PC	573.784522071188
1401	1563	PC	472.573200737083
1401	1671	PC	737.327479751907
1401	1702	PC	3559.16386665245
1401	1719	PC	95.9624704439864
1401	1750	PC	1.39077663087588
1401	1804	PC	929.175410231716
1401	1820	PC	1050.60357309811
1401	1833	PC	6645.71618017438
1401	1871	PC	41.5924926111301
1401	1931	PC	1.0702040724554
1401	1971	PC	7135.26840788073
1401	2303	PC	314195.08927577
1401	5101	PC	8832.83064022288
1401	5800	PC	14481.1976173547
1401	5820	PC	82086.4297276494
1401	5831	PC	145453.864139548
1401	5835	PC	5651.21734872023
1411	231	PC	1.13516515820207
1411	709	PC	2271.56600632676
1411	1149	PC	333.443216958149
1411	1263	PC	3288.64387105809
1411	1271	PC	8624.38812306935
1411	1401	PC	36639.7782916038
1411	1413	PC	8527.82552351611
1411	1421	PC	3.68682540863879
1411	1438	PC	2185.79802806269
1411	1503	PC	12915.0742091965
1411	1504	PC	13391.6271035316
1411	1554	PC	8713.27382914698
1411	1563	PC	3715.31998824815
1411	1833	PC	1520.08951050976
1411	4001	PC	101928.086848376
1411	5101	PC	43970.4644110024
1411	5103	PC	7592.97313058183
1411	5404	PC	482780.766446832
1411	5501	PC	134560.734661205
1411	5605	PC	9054.05700831917
1411	5790	PC	60468.8603522346
1411	5800	PC	38016.3533161539
1411	5810	PC	197130.592828082
1411	5820	PC	70037.4054068635
1411	5831	PC	37883.4277131015
1411	5835	PC	206641.714566213
1411	5840	PC	234361.584415992
1411	5841	PC	72217.7622254763
1411	5842	PC	48345.4780180953
1411	5850	PC	4178.90389805109
1413	1134	PC	1420.86589989806
1413	1271	PC	328.080394498427
1413	1401	PC	8265.67157779901
1413	1411	PC	2036.99157170791
1413	1416	PC	4992.63239483169
1413	1421	PC	788.2173004189
1413	1424	PC	650.811011299012
1413	1503	PC	539.969491800314
1413	1504	PC	2613.73775119722
1416	1401	PC	677.223535055031
1416	1439	PC	98.465478111352
1416	1504	PC	1962.81265996458
1416	1554	PC	166.36203113961
1416	4003	PC	10.8017231626074
1416	5831	PC	9.32606730470644
1420	1420	PC	318589.926273899
1420	1426	PC	2032.70483244132
1421	51	PC	22353.3896370852
1421	1421	PC	890211.399520179
1421	1671	PC	6187.24394239507
1421	4001	PC	10599.750770811
1421	5101	PC	2983.12104249641
1421	5403	PC	12181.6824870618
1421	5800	PC	16572.973656859
1421	5831	PC	7079.79103783971
1421	5840	PC	20422.4029772879
1422	1422	PC	165050.235611923
1424	602	PC	474.494602572568
1424	1173	PC	811.747538921675
1424	1247	PC	1401.24340237066
1424	1271	PC	9.7447827556056
1424	1273	PC	2151.97285852957
1424	1439	PC	253.461865847589
1424	1504	PC	59.8207705796856
1424	1554	PC	7297.82134179807
1424	1563	PC	6158.99814205299
1424	4001	PC	10661.406571712
1424	5930	PC	1291.52761274137
1426	1420	PC	7365.11247293807
1426	1426	PC	10671.7003703958
1428	1503	PC	833.249924222284
1428	6020	PC	63.6402124078728
1433	423	PC	1.5771543609899
1438	805	PC	1344.35724110574
1438	1246	PC	.765612334335156
1438	1263	PC	14.0921704697786
1438	1271	PC	134.438874618609
1438	1273	PC	241.989974313497
1438	1401	PC	3204.16826746547
1438	1411	PC	521.095960159429
1438	1428	PC	489.488559491454
1438	1438	PC	563.657540841664
1438	1439	PC	1069.50381675537
1438	1504	PC	5629.63357300208
1438	1511	PC	985.10176162428
1438	1520	PC	2157.31474224225
1438	2301	PC	157615.190485904
1438	2302	PC	167794.440200678
1438	2303	PC	167794.440200678
1438	2304	PC	167794.440200678
1438	2305	PC	167794.440200678
1438	2306	PC	167794.440200678
1438	5402	PC	1256046.38961939
1438	5403	PC	540370.172026058
1438	5501	PC	378108.181343111
1438	5605	PC	27765.0195232796
1439	1246	PC	970.491997646548
1439	1263	PC	1804.5131486999
1439	1271	PC	8.59101512962846
1439	1401	PC	5079.90625871655
1439	1438	PC	505.021200188331
1439	1439	PC	999494.383514497
1439	1504	PC	707.66868807585
1439	1554	PC	303.798176346331
1439	1675	PC	685.72608982821
1443	1923	PC	.689639309470638
1445	829	PC	7.26993020064405
1445	834	PC	9.549334033032
1445	1445	PC	1346715.76079258
1449	834	PC	22.0369246916123
1502	106	PC	494.594605264983
1502	309	PC	.604524698319208
1502	805	PC	735.000486402305
1502	829	PC	15.0033549892995
1502	834	PC	30.3192093913482
1502	937	PC	1.7620478881249
1502	1135	PC	4.51816579421335
1502	1173	PC	1919.44632350846
1502	1263	PC	539.082294540164
1502	1271	PC	784.036894243445
1502	1401	PC	3670.16702824028
1502	1438	PC	206.089916915226
1502	1439	PC	280.927400021375
1502	1502	PC	1163003.56761545
1502	1503	PC	15272.2081560085
1502	1504	PC	26877.4091933643
1502	1547	PC	28724.5733827546
1502	1554	PC	48360.7198735176
1502	1557	PC	2160.81609350899
1502	1563	PC	24028.5014902489
1502	1566	PC	978.945862898896
1502	1671	PC	1213.41037104241
1502	1675	PC	1968.29516517215
1502	1677	PC	2.70576121395717
1502	1703	PC	1.17820936340066
1502	1714	PC	1236.35840876209
1502	1750	PC	1.09173805640557
1502	1833	PC	5874.13782727695
1502	1870	PC	.717523158417172
1503	106	PC	537.650992544529
1503	625	PC	1.75550185907562
1503	805	PC	2648.75434918901
1503	1106	PC	64.0026541300208
1503	1173	PC	220.721319621375
1503	1263	PC	645.205925369304
1503	1271	PC	547.559815175835
1503	1401	PC	7762.59866792772
1503	1416	PC	654.56094016354
1503	1439	PC	274.557941520859
1503	1502	PC	11046.3834677258
1503	1503	PC	157435.293586958
1503	1504	PC	9593.84990592251
1503	1520	PC	244.913601740801
1503	1531	PC	40.6672178494108
1503	1554	PC	9945.86036561169
1503	1563	PC	18353.8142634685
1503	1566	PC	429.242014270828
1503	1569	PC	228.416919924127
1503	1638	PC	352.10348920295
1503	1671	PC	21841.6748715605
1503	1675	PC	78267.5886657708
1503	1702	PC	8364.30566297631
1503	1750	PC	568.649767289682
1503	1804	PC	138.622896176416
1503	1805	PC	67.1157910440061
1503	1833	PC	25429.9951126674
1503	1931	PC	332.961787375358
1503	2301	PC	24479.5308808769
1504	106	PC	418.018030706874
1504	302	PC	302.568548104874
1504	709	PC	40.1869713599909
1504	805	PC	614.409577820228
1504	1037	PC	451.227676553001
1504	1071	PC	591.020505728485
1504	1106	PC	21.6592495136615
1504	1221	PC	307.288701690295
1504	1247	PC	37.2370312858913
1504	1271	PC	1322.7489756359
1504	1273	PC	309.661684310843
1504	1401	PC	3678.37411170693
1504	1411	PC	757.473567813245
1504	1424	PC	11.553860997286
1504	1438	PC	12.6267733392187
1504	1439	PC	322.745871162123
1504	1502	PC	1746.0829091107
1504	1503	PC	7900.1653191507
1504	1504	PC	14706.2498639723
1504	1511	PC	4607.77959195183
1504	1520	PC	206484.216792247
1504	1554	PC	13360.406706935
1504	1557	PC	649.700324231494
1504	1563	PC	10808.3621342547
1504	1566	PC	4858.66625080965
1504	1569	PC	45.376025636158
1504	1671	PC	4879.51994227506
1504	1675	PC	740.874227461701
1504	1702	PC	51.2116358208394
1504	1750	PC	54.0110862278632
1504	1804	PC	497.334916649412
1504	1813	PC	153.421246210752
1504	1833	PC	1801.43379620884
1504	1860	PC	170.288996385145
1504	1865	PC	144.793528486706
1504	1870	PC	2657.8343965087
1504	1871	PC	2554.36496863359
1504	1901	PC	2699.35458612162
1504	1931	PC	109.539435375781
1504	1971	PC	733.793913967263
1504	2012	PC	13.2844475239134
1504	2018	PC	562.627245380526
1511	51	PC	.999438972246905
1511	56	PC	16781.0800635117
1511	57	PC	3455.46030264645
1511	58	PC	411.768856565725
1511	59	PC	1783.39890207738
1511	60	PC	28.8837862979356
1511	62	PC	35.9798030008886
1511	623	PC	3798.38175178253
1511	805	PC	2670.69175644008
1511	1130	PC	663.556836835258
1511	1263	PC	1053.4414867832
1511	1271	PC	2316.97123806381
1511	1273	PC	2915.42675897514
1511	1401	PC	2860.98683787395
1511	1438	PC	598.998105209599
1511	1504	PC	69759.0784985819
1511	1511	PC	23752.5261677026
1511	1671	PC	1985.7375723763
1511	1675	PC	1482.19433355773
1511	1805	PC	241199.042145749
1511	1833	PC	201.03539377367
1511	3001	PC	6272.87876541047
1511	4001	PC	9479.67865176189
1511	4005	PC	28.7838424007109
1511	5101	PC	33015.4670092043
1511	5102	PC	59957.4833055202
1511	5104	PC	3048.28886535306
1511	5201	PC	134185.675852842
1511	5203	PC	54969.1434735798
1511	5302	PC	5417.75878075602
1511	5404	PC	316063.929825974
1511	5501	PC	127911.506811718
1511	5605	PC	35492.1767263293
1511	5700	PC	10353.0883696085
1511	5710	PC	.999438972246905
1511	5730	PC	23.9865353339257
1511	5820	PC	719.99583560667
1511	5831	PC	1272.18586777309
1511	5835	PC	579.274828314306
1511	5842	PC	8313.63320284143
1511	5850	PC	3428.37550649857
1511	5880	PC	53850.571375841
1511	6000	PC	217.877695949825
1511	6020	PC	115037.424583563
1511	6030	PC	77806.4619119997
1511	6040	PC	114213.287207048
1514	520	PC	1.04809007603819
1514	1247	PC	1.65852611079607
1514	1515	PC	2.98188450165632
1515	1515	PC	233679.832852334
1516	1515	PC	97544.2332569904
1517	106	PC	1496.16888496491
1517	1504	PC	1401.26954383576
1517	1569	PC	208.082837630366
1517	1671	PC	3083.46183300079
1517	1833	PC	7840.38035717311
1519	1519	PC	722682.898416969
1519	1520	PC	701087.515265997
1520	829	PC	13.9639856279243
1520	834	PC	21.1641165172441
1520	1401	PC	1369.91901780566
1520	1503	PC	487.802699182892
1520	1504	PC	14536.7811851647
1520	1520	PC	185967.505803673
1520	1554	PC	396.9019851748
1520	1671	PC	8424.55574853341
1520	1675	PC	1256.61952471505
1520	1833	PC	14965.8689790427
1524	1102	PC	.633363919865488
1524	1524	PC	1829.4454253699
1524	5930	PC	12617.8314833467
1525	1520	PC	1.80157733293663
1525	1634	PC	3.17461645754513
1528	829	PC	7.52054688409666
1528	1528	PC	1169422.7971759
1529	829	PC	15.0410937681933
1529	834	PC	7.59886824910165
1531	1242	PC	1.06384374250487
1531	1401	PC	289.051150067505
1531	1504	PC	80473.8245762921
1531	1531	PC	14860.382605993
1531	1824	PC	1.21183373709385
1534	1534	PC	1811084.75196366
1535	1263	PC	.667960573327905
1535	1535	PC	377319.90192378
1535	1851	PC	1.44463712596128
1539	829	PC	7.50167749464977
1539	834	PC	7.57980234783706
1539	1539	PC	805742.84534112
1539	1671	PC	.969583206074019
1548	1548	PC	46136.0310388322
1548	6030	PC	3.42019828028645
1551	52	PC	8523.49413534545
1551	805	PC	1.3717480045578
1551	834	PC	7.57980234783706
1551	1101	PC	173.931887090831
1551	1102	PC	2.28115074532622
1551	1234	PC	2.36825189343313
1551	1243	PC	1.04418816019642
1551	1244	PC	2.0103385030621
1551	1256	PC	1.96401643963337
1551	1264	PC	4.99986469412723
1551	1271	PC	15.6251092237581
1551	1275	PC	1.1452959640451
1551	1411	PC	12.2133224172493
1551	1428	PC	5.86101335957865
1551	1439	PC	41.068181340084
1551	1622	PC	5.88490734781529
1551	1805	PC	71.9041310571099
1551	1813	PC	3.31890095663695
1551	1849	PC	2.06746241513218
1551	1852	PC	39.4693511874796
1551	1860	PC	1.24721646480741
1551	1865	PC	24.2396499476508
1551	1866	PC	53.8735228086886
1551	1874	PC	5.19781439258403
1551	1931	PC	16.2111316435197
1551	1971	PC	11.5459466886637
1551	2002	PC	171.391877690896
1551	2003	PC	8.73609780566266
1551	2004	PC	8.52765725710831
1551	2025	PC	5.15311178302855
1551	4001	PC	9780.56701204722
1551	5101	PC	10820.6273078068
1551	5403	PC	43724.5348569252
1551	5501	PC	36750.1305274756
1551	5605	PC	18968.0996439161
1554	1504	PC	1.64264188099007
1554	2301	PC	124675.883416209
1557	1106	PC	258.822049446461
1557	1502	PC	371.497907011601
1557	1503	PC	1085.36748890932
1557	1557	PC	326.036004008093
1557	1833	PC	724.175659549877
1560	1502	PC	58007.4363981016
1560	1551	PC	10833.8123775648
1560	1560	PC	439355.799669477
1563	1149	PC	128.150252386317
1563	1271	PC	155.49357888139
1563	1438	PC	228.264401193113
1563	1439	PC	662.912674401519
1563	1502	PC	15625.4989647646
1563	1503	PC	66303.7788696711
1563	1504	PC	41653.2887445959
1563	1511	PC	560.976819764499
1563	1554	PC	6665.98372842272
1563	1563	PC	35139.5678890902
1563	1671	PC	186.424447729653
1563	1702	PC	386.938496983899
1563	1719	PC	170.444725520985
1563	1750	PC	674.401342582817
1563	1833	PC	1756.38866913848
1563	1837	PC	67.7737633617266
1563	1845	PC	5034.19835965071
1566	829	PC	7.27799138309387
1566	1566	PC	723113.423520652
1566	1567	PC	200661.949254949
1567	829	PC	7.27799138309387
1567	1567	PC	57883.2545927737
1569	1569	PC	3748.97842846352
1569	1677	PC	54577.5841267471
1569	1833	PC	148.107135193171
1571	829	PC	14.5559827661877
1612	1106	PC	245.605303522336
1617	427	PC	1.22322117085444
1617	625	PC	22.3428813331582
1627	1627	PC	618577.00439628
1630	1630	PC	197287.927415725
1634	50	PC	33.5199032460444
1634	52	PC	119.41092092196
1634	55	PC	1.03069221211099
1634	56	PC	.582565163367081
1634	58	PC	48.3977212643421
1634	60	PC	1.03069221211099
1634	61	PC	.941066802362208
1634	306	PC	2703.94027656163
1634	427	PC	1.03984521989161
1634	625	PC	66.2841266408123
1634	815	PC	4.51176560292
1634	1276	PC	7388.16507370046
1634	1634	PC	13.4659428371176
1634	4001	PC	111.498988916915
1634	5106	PC	2.64073694673114
1634	5201	PC	.995837886097575
1634	5403	PC	4.38672218121194
1634	5605	PC	12.3738672847394
1634	5800	PC	23.7009416891223
1634	5810	PC	8.26545445460987
1634	5820	PC	24.5474038923052
1634	5831	PC	152.243696026597
1634	5880	PC	78.0736902700499
1635	625	PC	18.1570615313241
1636	427	PC	1.01678285487052
1636	625	PC	32.4378632874878
1638	1271	PC	316.146747661812
1638	1503	PC	144.238306023696
1638	1504	PC	93.5610278812496
1638	1833	PC	67.1971097944366
1638	5930	PC	8.04195933918027
1640	438	PC	4856.94530604675
1640	1640	PC	249017.897629031
1648	55	PC	90.3058200361761
1648	625	PC	7.31165561181071
1648	1677	PC	5779.78426438342
1653	625	PC	2.24528623715085
1653	1653	PC	163155.780990182
1657	1653	PC	15122.4648091369
1662	625	PC	8.43751547284624
1662	1672	PC	13218.7620528353
1662	1677	PC	44062.5401760373
1663	1274	PC	12.2148477733845
1664	1664	PC	30426.8776213514
1671	106	PC	1296.97494589302
1671	602	PC	2151.48301943849
1671	1037	PC	11876.3415567639
1671	1071	PC	1951.10637557112
1671	1102	PC	34.5392654742541
1671	1106	PC	1576.76355424602
1671	1238	PC	588.830071125615
1671	1271	PC	297.87571956458
1671	1273	PC	166.288495824029
1671	1401	PC	671.999550905213
1671	1438	PC	237.717775843822
1671	1502	PC	2261.37908975079
1671	1503	PC	2800.6701152017
1671	1504	PC	1373.8646776095
1671	1520	PC	81.5239356761706
1671	1531	PC	17897.0455662792
1671	1563	PC	949.858284141908
1671	1674	PC	73230.4484106913
1671	1702	PC	1542.71476903295
1671	1703	PC	3613.29040842653
1671	1719	PC	7323.22739907384
1671	1750	PC	639.057481902297
1671	1804	PC	5654.32089979295
1671	1805	PC	290.15596447058
1671	1820	PC	3.4021673493893
1671	1833	PC	12338.177106591
1671	1860	PC	607.471997029019
1671	1865	PC	1.16618326708156
1671	1868	PC	48563.5068086904
1671	1870	PC	3.93419102399101
1671	1901	PC	1022.34826608885
1671	1931	PC	316.861872102696
1671	1941	PC	7.29858693880175
1671	1971	PC	297.383598034357
1671	1972	PC	24.9778713764035
1671	2014	PC	84.6554960387543
1671	2030	PC	41.1527827367419
1673	1673	PC	578166.518732644
1674	1271	PC	4.99698318002091
1675	805	PC	37516.7836650445
1675	1037	PC	541.676300203966
1675	1502	PC	419.962944991807
1675	1503	PC	8528.54891468278
1675	1702	PC	552.514547177367
1675	1750	PC	384.941954136599
1675	1804	PC	723.412339833207
1675	1805	PC	105.511259807484
1675	1860	PC	97.1498019707745
1675	1865	PC	75.8019123603014
1675	1870	PC	24.7292007222292
1675	1901	PC	86.9656161215387
1675	1931	PC	205.546018341128
1675	1971	PC	246.840140660929
1675	2012	PC	65.1270416854496
1675	2014	PC	16.9310992077509
1675	2025	PC	51.9361245853699
1676	625	PC	7.01678755296808
1677	58	PC	11.7631729954676
1677	305	PC	2.54746261037285
1677	625	PC	16.8235630663309
1677	1121	PC	4.182701899395
1677	1135	PC	1.29204897807489
1677	1449	PC	1626.30780786289
1677	1563	PC	11878.9064482437
1677	1620	PC	.759333080785272
1677	1671	PC	60600.4721397047
1677	1675	PC	550748.632487218
1677	1677	PC	3157124.89097858
1677	1703	PC	11085.112245824
1677	1751	PC	8216.80851422475
1677	1913	PC	.763991721598095
1702	625	PC	15.6025488485987
1702	1401	PC	1290.0974744568
1702	1438	PC	247.251186789119
1702	1503	PC	2732.18942879267
1702	1504	PC	270.025949468369
1702	1554	PC	2471.51299677673
1702	1563	PC	1530.86630505503
1702	1671	PC	4007.14939061173
1702	1675	PC	12743.2984574902
1702	1721	PC	13557.4784166813
1702	1729	PC	7280.41204819638
1703	1563	PC	666.887036309082
1703	1804	PC	3960.96553091514
1703	1868	PC	18070.0323741919
1711	50	PC	484.545432856775
1711	62	PC	2831.66623380159
1711	1711	PC	685259.486054617
1714	720	PC	1.72472355660804
1714	1664	PC	6054.38554645491
1714	1744	PC	12260.9850315972
1714	1804	PC	328.392325475616
1714	1805	PC	59.5347647737188
1714	1871	PC	58.6811138482682
1714	1901	PC	120.213329410216
1714	1931	PC	1.62950380205469
1717	1717	PC	39667.1974352946
1718	62	PC	29.7030956025998
1719	625	PC	44.868406465519
1719	1271	PC	249.100054081497
1719	1401	PC	470.260673970691
1719	1554	PC	1873.49695820167
1719	1557	PC	360.063912230517
1719	1563	PC	103.609171294761
1719	1640	PC	3577.19872371852
1719	1664	PC	10454.2660936093
1719	1671	PC	35791.0737029572
1719	1702	PC	51257.4164137473
1719	1717	PC	12338.3474208658
1719	1719	PC	370105.997646945
1719	1721	PC	6574.58577838248
1719	1868	PC	1624.93842723548
1721	58	PC	22784.4193209767
1721	219	PC	666.473651065077
1721	540	PC	79.7585536738776
1721	720	PC	.71001652809937
1721	1271	PC	54.9889744109266
1721	1674	PC	12555.499536653
1721	1677	PC	50221.998146612
1721	1702	PC	186443.431409328
1721	1719	PC	111209.456139423
1721	1729	PC	23014.7685203427
1721	1742	PC	7606.13433137436
1721	3001	PC	106917.404770654
1721	6040	PC	30864.1837273179
1724	1723	PC	43967.981465171
1725	1749	PC	31065.9785751429
1729	105	PC	2.03049696874228
1729	219	PC	3.23384658136135
1729	220	PC	2.52486685008339
1729	226	PC	42.861023874923
1729	228	PC	1.01933114902017
1729	233	PC	.949418340902228
1729	305	PC	1.03103635215413
1729	306	PC	19.186348289194
1729	312	PC	2.0841400697527
1729	415	PC	.965153964953136
1729	418	PC	14.3428718470516
1729	419	PC	9.39840816355288
1729	427	PC	.816029100027517
1729	502	PC	1.84665729918083
1729	514	PC	1.81797607000547
1729	538	PC	5.24945222387958
1729	602	PC	4.94915759674976
1729	625	PC	16.4720997875937
1729	806	PC	2.93409279916689
1729	1253	PC	3.81286916571298
1729	1256	PC	.755564009919585
1729	1503	PC	10.3134657258447
1729	1515	PC	23.7681687436812
1729	1563	PC	1.16319781885373
1729	1630	PC	43.7940818475037
1729	1702	PC	8078.02876224335
1729	1721	PC	6914.68902654119
1729	1804	PC	.992594238480723
1736	625	PC	13.8219329257793
1736	1422	PC	24137.0578663476
1736	1736	PC	16088.0129179882
1738	50	PC	49.6251521260058
1738	51	PC	813.810390390699
1739	625	PC	8.86450676931433
1742	1742	PC	249703.374608581
1743	1743	PC	225292.234975707
1750	1554	PC	512.718420632094
1750	1675	PC	1.1807385250552
1750	1804	PC	2259.95998524316
1750	1868	PC	1638.16196374288
1751	625	PC	17.9514787366246
1751	1750	PC	7784.37840538687
1751	1751	PC	25184.7296568327
1804	402	PC	24.3877371274344
1804	1804	PC	563373.551253036
1804	2002	PC	1.78149031832928
1805	709	PC	2131.17008052984
1805	805	PC	12317.5662536249
1805	1238	PC	363.936794281611
1805	1503	PC	284.811996148111
1805	1511	PC	37531.1232866177
1805	1671	PC	2950.84942242627
1805	1675	PC	1649.00408900291
1805	1804	PC	4934.26098102917
1805	1805	PC	104823.14913825
1805	1850	PC	987.603386529831
1805	1851	PC	4255.58324612462
1805	1868	PC	10092.2174397731
1805	1901	PC	7554.78202373961
1805	1931	PC	12387.9466024957
1805	1941	PC	564.616027202201
1805	1971	PC	1214.61240087515
1813	301	PC	57.4801165298719
1813	1671	PC	1318.11673975894
1813	1676	PC	2.36557211428315
1813	1804	PC	237.18904300469
1813	1931	PC	1.12143601275035
1820	1531	PC	1.59607437185362
1820	1820	PC	61034.6554766331
1820	1931	PC	2.01958682213419
1824	106	PC	1615.22828781534
1824	805	PC	1576.21318964139
1824	1671	PC	1604.76596817064
1824	1824	PC	605326.210993953
1824	1833	PC	129354.039145463
1828	720	PC	2.45202228440917
1832	213	PC	2.20776408329002
1833	104	PC	1957.91987860917
1833	106	PC	1931.32388821234
1833	302	PC	923.099351438703
1833	805	PC	10108.5829887386
1833	1438	PC	865.668202217358
1833	1502	PC	120.728429693945
1833	1504	PC	189.255827934004
1833	1511	PC	426.913001894885
1833	1671	PC	3707.0831314216
1833	1675	PC	680.345760580794
1833	1804	PC	1568.49431391662
1833	1833	PC	102218.626614358
1833	1901	PC	1200.66082805845
1833	2030	PC	20.0335507650745
1833	5102	PC	19.6626127713374
1837	1401	PC	1.23023303617968
1841	1841	PC	64182.5532545177
1841	4001	PC	42.2983989493803
1841	5101	PC	216.469624133624
1841	5102	PC	69.7007515644215
1841	5605	PC	57.7520512962349
1841	5840	PC	24.0965455408429
1841	5880	PC	24.893125558722
1848	1848	PC	6023.45286066581
1850	805	PC	1834.65984615451
1850	1671	PC	1369.54129076137
1850	1675	PC	694.317511159122
1850	1804	PC	1766.47197910443
1850	3001	PC	1.55673527399309
1850	5101	PC	526.266331438379
1850	5106	PC	1266.34989627104
1850	5201	PC	20.9988784104317
1850	5404	PC	1409.58192615759
1850	5605	PC	21.8412934377747
1850	5880	PC	21.1823940826687
1850	6020	PC	69.8901867064936
1851	1401	PC	3146.67474414757
1851	1503	PC	222.424606515668
1851	1504	PC	3.09855433636841
1851	1554	PC	105.211770571264
1851	1569	PC	202.355295596726
1851	1804	PC	122918.394014235
1851	1805	PC	23801.6469428549
1851	1868	PC	44082.0066181551
1851	1901	PC	10.6416621808495
1854	1122	PC	2.52432436291031
1860	1804	PC	2609.35148478074
1860	1860	PC	154431.034968564
1865	709	PC	17.4224789483487
1865	1401	PC	875.023682774464
1865	1804	PC	376.845004380773
1865	1805	PC	474.422366510146
1865	1901	PC	20.6197042554808
1865	2002	PC	38.6352896252105
1866	214	PC	.92912207276828
1866	305	PC	1.22322414003946
1866	1401	PC	615.87468376321
1866	1528	PC	4.26389929250423
1866	1805	PC	29595.1869253048
1866	1866	PC	327464.144846551
1866	1931	PC	2.06051473332647
1868	1805	PC	3695.80738342418
1870	106	PC	1795.70102520279
1870	1504	PC	626.406054546283
1870	1675	PC	289.625842332316
1870	1805	PC	2793.80577479013
1870	1833	PC	28330.2022707676
1870	1901	PC	117.567452913863
1870	2014	PC	4.2788464713506
1871	213	PC	.963712635587335
1871	1703	PC	5678.73119270499
1871	1832	PC	1.6399798329472
1871	1865	PC	13934.4182821591
1871	1871	PC	307021.334415972
1871	1915	PC	5.73499770311526
1871	1924	PC	12989.3874932408
1871	1931	PC	12046.5893965735
1871	1942	PC	12505.5715050909
1901	105	PC	1754.64187161586
1901	106	PC	5841.33678130573
1901	1106	PC	1274.74037525866
1901	1149	PC	207.5026419385
1901	1676	PC	.743688262517923
1901	1805	PC	2395.26820305611
1901	1833	PC	4102.59889653694
1911	1911	PC	407353.343818859
1913	1860	PC	4456.35622022908
1913	1901	PC	4135.81812323044
1913	1917	PC	4155.13685174418
1913	1931	PC	3379.30232875513
1924	720	PC	1.07106041880227
1924	1924	PC	52873.3402299927
1931	1677	PC	1.73933151611449
1931	1871	PC	.662772000624775
1931	1924	PC	49019.6726354096
1931	1931	PC	42733.3881408089
1931	1972	PC	13.7580838670449
1931	2014	PC	4.51769420232735
1931	2022	PC	14.1408985989168
1933	1933	PC	229422.204418767
1933	1940	PC	10140.6672731312
1938	1971	PC	2.25795338785104
1940	1940	PC	27321.2940690885
1942	1942	PC	.678954228328372
1971	105	PC	1232.81496675826
1971	106	PC	2893.36271793277
1971	310	PC	.745055682670527
1971	1172	PC	.768020384317164
1971	1263	PC	5.77467604234946
1971	1401	PC	1533.01905676766
1971	1504	PC	126.790431393957
1971	1671	PC	59.9502910716223
1971	1805	PC	13395.7055380905
1971	1833	PC	6122.9412142376
1971	1901	PC	892.904189344581
1971	1971	PC	71655.8741442193
1972	1971	PC	2.31229225586384
1972	1972	PC	1371285.57601493
1973	1972	PC	111600.693882285
1973	1973	PC	214637.727904216
2002	1106	PC	11.3245380395023
2002	1820	PC	1.88204930558918
2002	2003	PC	.998029946741611
2002	2030	PC	3.05797308344046
2002	2301	PC	62.9229150752543
2004	2004	PC	497763.921334662
2011	51	PC	89.7367784383173
2011	4001	PC	150.555060170599
2011	4003	PC	24.2478116710403
2011	4004	PC	24.1484353937
2011	5101	PC	511.926955090972
2011	5102	PC	29.7135069247584
2011	5106	PC	23.7509302843387
2011	5501	PC	73.6378215091839
2011	5840	PC	165.849069253275
2011	5880	PC	661.15037314521
2012	52	PC	32.1979138582667
2012	58	PC	4.02473923228333
2012	1106	PC	40726.7806164634
2012	1120	PC	1.11299233906061
2012	1146	PC	23033.8337089199
2012	1149	PC	207315.916035902
2012	1173	PC	1095.72342577003
2012	1219	PC	1891.68967807012
2012	1263	PC	18.9359782591465
2012	1271	PC	1220.39943094067
2012	1401	PC	127.73751381333
2012	1504	PC	73.2477405823966
2012	1551	PC	1.19667611109089
2012	1554	PC	450.098498130661
2012	1563	PC	746.902397495692
2012	1804	PC	6.09469838974563
2012	1813	PC	7.60721122038353
2012	1820	PC	8.43728895273181
2012	1833	PC	4257.03545563239
2012	1871	PC	254.322307334837
2012	1901	PC	1.08337019263175
2012	3001	PC	706.570300703608
2012	4001	PC	31.6016561942247
2012	5404	PC	2615.01319976553
2012	5820	PC	11.7264007261588
2012	6020	PC	49.6384505314944
2014	1504	PC	1.62580069360158
2014	1671	PC	53.0135388881519
2017	2017	PC	1549746.62667762
2018	1504	PC	80.5237021031411
2018	1931	PC	1.03243093091959
2019	806	PC	1729.49225472228
2019	1149	PC	118.404738583571
2019	1554	PC	27142.611646085
2019	1612	PC	8165.6562415915
2025	1805	PC	30726.4397828141
2025	1833	PC	113669.065756172
2025	2030	PC	1.16212555786504
2027	2027	PC	10986.7791628933
2028	1941	PC	37.8072209809562
2030	51	PC	1.14300128247197
2030	623	PC	2303.65278981515
2030	1263	PC	503.162498967293
2030	1271	PC	140.388512371735
2030	2002	PC	8.08499619427673
2030	2003	PC	6437.61347983705
2030	2012	PC	3959.33902152416
2030	2027	PC	213.595648313961
2030	2030	PC	78076.298995425
2030	5831	PC	128470.638843685
2030	6010	PC	262642.506842921
3001	302	PC	319.466251170753
3001	418	PC	4.93140874785011
3001	602	PC	1.65757826840767
3001	709	PC	2.598586462593
3001	1551	PC	70.7307074588343
3001	2012	PC	9.71797322387245
3001	2030	PC	1.59076810743088
4001	104	PC	827.150460247462
4001	105	PC	53.8871618415671
4001	106	PC	23.1571251860644
4001	124	PC	253.142626366243
4001	125	PC	442.056324805774
4001	211	PC	220.363949934694
4001	213	PC	1173.49406796833
4001	216	PC	1.16072133801877
4001	219	PC	2898.36499398414
4001	220	PC	1.07228855678617
4001	227	PC	171.267273546783
4001	228	PC	9.61880368493644
4001	229	PC	175.402616171969
4001	230	PC	9.33190062869112
4001	231	PC	222.871791476385
4001	233	PC	33.6316159146873
4001	235	PC	97.2774302127981
4001	236	PC	1.33947473892337
4001	237	PC	44.5686760871627
4001	301	PC	11.9154941890466
4001	302	PC	1813.7478704348
4001	303	PC	782.098074184527
4001	304	PC	39.3798429481904
4001	305	PC	2238.55637902057
4001	306	PC	7.12213120216778
4001	309	PC	15.9902908780753
4001	310	PC	2.60151670334489
4001	312	PC	1633.07335691909
4001	412	PC	3.34172495656175
4001	418	PC	71.7428650427971
4001	419	PC	19.5437458589477
4001	522	PC	2.92478543267621
4001	534	PC	.993699936580901
4001	602	PC	92.0370333533359
4001	604	PC	.856887013102756
4001	605	PC	112.709323806208
4001	626	PC	5.29643736916908
4001	704	PC	3.45706141554874
4001	706	PC	130.385423293812
4001	709	PC	12.2111908854683
4001	711	PC	121.148097545465
4001	713	PC	28.1391646391915
4001	722	PC	.633240627553067
4001	723	PC	6.71657616974066
4001	728	PC	29.861349774747
4001	805	PC	1.54457718055547
4001	806	PC	1093.01218379395
4001	819	PC	28.7650034603234
4001	834	PC	8.6640660020279
4001	904	PC	87.8726994842534
4001	906	PC	65.0668869566642
4001	941	PC	10.8678713011109
4001	1004	PC	2.4315846759112
4001	1018	PC	833.711146987297
4001	1071	PC	167.553485059147
4001	1072	PC	8.29965747271385
4001	1073	PC	6.88871570235249
4001	1074	PC	33.1986298908554
4001	1075	PC	27.3888696599557
4001	1102	PC	32.9398844677893
4001	1121	PC	2.09751373262181
4001	1122	PC	2.9559475385792
4001	1146	PC	18.3836453146734
4001	1149	PC	29.0371510939676
4001	1172	PC	26.8893832963673
4001	1173	PC	25.9459761196981
4001	1224	PC	58.9565939369504
4001	1247	PC	6.92008928336218
4001	1271	PC	32.0663980433277
4001	1273	PC	47.4374493346947
4001	1274	PC	1624.07378625031
4001	1275	PC	531.987934417397
4001	1277	PC	19.1067504264743
4001	1424	PC	9.17593710534768
4001	1438	PC	221.243967283469
4001	1504	PC	31.8439602889634
4001	1548	PC	59.4876944206132
4001	1671	PC	3.8443262949313
4001	1676	PC	1790.27924321544
4001	1702	PC	.802733514353777
4001	1714	PC	31.8042001206515
4001	1804	PC	11.7886994974468
4001	1805	PC	57.9287173442549
4001	1845	PC	432.800598266259
4001	2003	PC	1.10975993531122
4001	2012	PC	2.76013440678034
4001	2028	PC	1.36387248734207
4002	214	PC	1.05535175588731
4002	219	PC	18.6396718932629
4002	220	PC	5.78614445637046
4002	230	PC	26.3799311058406
4002	237	PC	6.43727406200064
4002	304	PC	9.85837908635959
4002	306	PC	6.73655904234572
4002	722	PC	2.75709922718122
4002	1146	PC	16.9864882707582
4003	106	PC	9.29580613493724
4003	219	PC	19.8452171266734
4003	309	PC	2.3660109807263
4003	626	PC	5.86561972795591
4003	628	PC	18.8223115663273
4003	704	PC	.8022577443702
4003	1119	PC	18.1764043091865
4003	1149	PC	1.20150097545665
4003	1677	PC	1.07416754592927
4004	106	PC	26.3648484091815
4004	213	PC	1.48297414337689
4004	227	PC	33.3637545870357
4004	231	PC	13.1779329771699
4004	233	PC	341.844551032809
4004	237	PC	.650342963936661
4004	304	PC	27.3843863509989
4004	502	PC	32.6262646747563
4004	605	PC	22.5418647612415
4004	628	PC	.700191390650155
4004	1074	PC	21.5813226710487
4004	1075	PC	4.45968261533824
4004	1504	PC	21.961351923423
4004	1714	PC	31.8042001206515
4004	1845	PC	102.236361795179
4005	233	PC	30.5316464768067
4005	304	PC	10.1869917225716
4005	517	PC	4.99065408070893
4005	1102	PC	9353.96872365627
4005	1146	PC	17.1440623734554
4005	1149	PC	414.154543073707
4005	1430	PC	.707245302206773
5101	104	PC	.765842630347504
5101	105	PC	96.9769740886781
5101	106	PC	16824.5884983297
5101	211	PC	1.13007153812663
5101	213	PC	1.80649100455598
5101	217	PC	159.121065844899
5101	219	PC	1894.63488882796
5101	221	PC	27.7523579011919
5101	226	PC	1.02076291065873
5101	230	PC	81.8031517464769
5101	231	PC	6.56700326695631
5101	301	PC	423.499534918197
5101	302	PC	6.14834242352626
5101	304	PC	1.30240141485351
5101	305	PC	224.130248528385
5101	306	PC	10.41702056792
5101	309	PC	7.6928218137226
5101	312	PC	1.15014422674195
5101	403	PC	3.1665310312125
5101	412	PC	30.2945777094162
5101	417	PC	2.95195749662089
5101	418	PC	286.783596980794
5101	602	PC	41.1514524860559
5101	711	PC	218891.464111516
5101	713	PC	90.5952011734373
5101	805	PC	21.138217650926
5101	806	PC	25.8217546034713
5101	1124	PC	1025.44611226172
5101	1172	PC	1.33649350028131
5101	1173	PC	28.3033546807229
5101	1246	PC	.741989837344586
5101	1271	PC	2.82208899977235
5101	1273	PC	28.5503167292144
5101	1277	PC	28.5503167292144
5101	1430	PC	59.6371870670422
5101	1445	PC	30.0264270567387
5101	1449	PC	27.313572927849
5101	1502	PC	212.062969366947
5101	1515	PC	84.8903499639832
5101	1548	PC	79.0838900541841
5101	1554	PC	60.1643640067306
5101	1653	PC	29.8327920374725
5101	1664	PC	57.5260527209327
5101	1676	PC	32.2656060407242
5101	1804	PC	1.12528495202902
5101	1833	PC	28.0815736575111
5101	1865	PC	59.9674710230032
5101	1929	PC	27.1602900720548
5101	1931	PC	.974836449391944
5102	105	PC	1.64427766933406
5102	106	PC	76.9469086175465
5102	217	PC	10.6110951296064
5102	219	PC	2.2853938074133
5102	230	PC	934.473547978684
5102	301	PC	814.959337805726
5102	304	PC	1.55543314473674
5102	305	PC	29.4634089627667
5102	306	PC	1466.83917801398
5102	711	PC	279.92225902084
5102	713	PC	143.063547888002
5102	904	PC	220.732806500457
5102	1102	PC	2.65364541623865
5102	1172	PC	39.8213536528829
5102	1271	PC	2.23131706129861
5102	1548	PC	3160.79220792773
5103	312	PC	2.87207444049276
5103	713	PC	56.2199470257025
5103	720	PC	23.2547371740412
5104	418	PC	2424.08224040881
5104	602	PC	15.0456307450529
5106	105	PC	1.0744236991409
5106	301	PC	49.5931236816589
5106	305	PC	8.19778989803502
5106	519	PC	5.60806849272693
5106	602	PC	252.753750285308
5106	713	PC	410.935378173063
5106	1074	PC	26.5633303966698
5106	1102	PC	1.87384149590238
5106	1246	PC	1.22138244830385
5106	1247	PC	22.2431441250927
5106	1277	PC	149.911124610475
5106	1673	PC	2.38703899095392
5106	1676	PC	25.7800211023024
5106	1850	PC	1.21017070551931
5201	211	PC	549.214767529544
5201	230	PC	69.2473191528316
5201	303	PC	.985837908635959
5201	805	PC	51.3444612217615
5201	1074	PC	8.51323532501169
5204	125	PC	3.80406114743526
5402	125	PC	3.33807485846792
5402	302	PC	.690086536045171
5403	124	PC	1.56218647802591
5403	125	PC	1.80457671039994
5403	217	PC	.770004658865315
5403	219	PC	4.11028076263282
5403	412	PC	31.7462722052918
5403	602	PC	4.14394567101917
5403	605	PC	29.304424189614
5403	1124	PC	1676.22624180894
5403	1172	PC	1.68742273991186
5403	1227	PC	22.9439493199867
5403	1260	PC	55.5771735999189
5403	1271	PC	3.87076409501849
5403	1273	PC	114.201266916858
5403	1274	PC	85.6509501876433
5403	1430	PC	29.4214045718018
5403	1551	PC	196.062469519943
5403	1702	PC	.785118672346014
5403	1824	PC	1.58880175509717
5403	2012	PC	2.9065705124129
5404	104	PC	27.6554283181043
5404	219	PC	123.251288033799
5404	704	PC	2.6504137519207
5404	1102	PC	8.40758943758779
5404	1124	PC	1.30897085676136
5404	1127	PC	13.1718135012367
5404	1850	PC	9.45380876000366
5501	106	PC	1.20619181472005
5501	219	PC	25294.7386604504
5501	626	PC	11.7312394559118
5501	926	PC	17129.2008350017
5501	1002	PC	.979478319221273
5501	1224	PC	21.3460834525129
5501	1274	PC	2.10393872512211
5501	1275	PC	12.3062845993964
5501	1277	PC	1.08381394660518
5501	1520	PC	.693136622761444
5501	1548	PC	22.4296995968035
5501	1551	PC	234.708245891133
5501	1671	PC	1.18158430052219
5501	1677	PC	1.30690384754727
5605	104	PC	10.824972845898
5605	106	PC	5.90023336690474
5605	125	PC	.74042532934473
5605	219	PC	329.316106073027
5605	220	PC	2.38409555024846
5605	228	PC	27.0631912249748
5605	231	PC	3.68982123360756
5605	302	PC	38.134401056947
5605	306	PC	1.20929450126011
5605	418	PC	20.6649509433719
5605	627	PC	1.4542687903804
5605	904	PC	1.0820026384582
5605	926	PC	3.29607349400791
5605	1072	PC	1.30470615471062
5605	1075	PC	.920708668973056
5605	1106	PC	38.0068665096171
5605	1121	PC	11.0119470962645
5605	1124	PC	160.607824505633
5605	1172	PC	2.69463523287748
5605	1272	PC	113.119649148462
5605	1674	PC	.952428557390616
5700	106	PC	71439.9509060787
5700	309	PC	10.4498818315412
5700	521	PC	8.27089829614834
5700	805	PC	82082.1836164008
5700	1529	PC	.619677706547343
5710	213	PC	5.59933028963814
5710	301	PC	11.7205173582275
5710	305	PC	1.18300549036315
5710	308	PC	2.03739834451432
5710	309	PC	28.4797618050388
5710	612	PC	2.59621871280302
5710	1074	PC	51.7898626297344
5710	1149	PC	29.6952914179469
5720	231	PC	72.4259196425255
5720	521	PC	85.1393585230628
5720	626	PC	53.2685169368441
5740	304	PC	1.55981464655289
5740	602	PC	8.96128251357896
5750	428	PC	1.26095738164958
5750	628	PC	.723531103671827
5760	237	PC	2.23134913488613
5770	231	PC	.988344973287739
5770	233	PC	1.10454782669926
5800	104	PC	24.9962525182866
5800	233	PC	1.92193582946647
5800	306	PC	39.6449238080681
5800	545	PC	1.32380689230648
5800	1274	PC	3.25253992892051
5800	1276	PC	2.85612976202641
5800	1504	PC	37.6966605765557
5800	1653	PC	1.34069921522609
5810	1515	PC	.783603230436768
5810	2004	PC	23.2031506352288
5820	219	PC	69.4759717453643
5840	125	PC	1.74184778688511
5840	219	PC	11.3184128312144
5840	220	PC	176.522870067001
5840	228	PC	.677896640652663
5840	238	PC	4.03095405836877
5840	301	PC	1.23010663488687
5840	302	PC	1.95853131182344
5840	307	PC	25.6964127763233
5840	310	PC	1.20491299944395
5840	312	PC	.739378431476969
5840	604	PC	1.27275581895987
5840	620	PC	27.2820869904373
5840	623	PC	4.22897720681799
5840	626	PC	2.91108534646701
5840	1102	PC	3.88010252544676
5840	1124	PC	50.0805622096357
5840	1149	PC	2.8452722486274
5840	1172	PC	20.9646039259813
5840	1173	PC	.797566453705809
5840	1271	PC	2.08197694302271
5840	1401	PC	.926212862994328
5840	1503	PC	1.84120810836738
5840	1702	PC	5.75376232153577
5840	1865	PC	1.30386178859267
5841	215	PC	1.33525610532922
5841	231	PC	1.40894066747574
5841	305	PC	3.54901647108945
5841	1119	PC	20.765570799037
5841	1130	PC	13.2305841460248
5842	105	PC	8.24019906024949
5842	229	PC	1.98495564159107
5842	304	PC	1.05594193769452
5842	706	PC	.700403566094293
5842	1221	PC	13.424703546982
5842	1653	PC	1.11724934602174
5842	1865	PC	1.33380231855295
5850	2015	PC	1.11065292483576
5880	106	PC	1.31714388510869
5880	211	PC	35.3712391433637
5880	219	PC	69.3617020549937
5880	231	PC	30.3004605588392
5880	302	PC	86.7537359599644
5880	305	PC	1.55543314473674
5880	306	PC	3.00351949497756
5880	403	PC	8.78419163843764
5880	418	PC	269.014870222668
5880	626	PC	59.5327815611259
5880	806	PC	747.231879449909
5880	1124	PC	1941.52273866562
5880	1503	PC	17.1826228106647
5880	1551	PC	22.8866695937676
5880	1634	PC	121.248134147621
5880	1841	PC	22.3993608055924
6000	308	PC	7.03888266766075
6020	106	PC	46.2670133520623
6020	124	PC	153.938083601094
6020	213	PC	58.5622077625972
6020	217	PC	7.71138686345234
6020	219	PC	6315.70749802783
6020	220	PC	59.8796091690312
6020	231	PC	28.5521881172014
6020	304	PC	16.1721232034459
6020	305	PC	784.378645879839
6020	308	PC	.674751279688612
6020	309	PC	3909.3402266959
6020	521	PC	30.2655595408179
6020	612	PC	21.4687316635635
6020	619	PC	32.3956299421523
6020	626	PC	5042.22792751472
6020	627	PC	128.218031685205
6020	704	PC	.617881135540934
6020	722	PC	5.77424056773905
6020	901	PC	18.1268779619066
6020	904	PC	1.28047649521681
6020	1072	PC	21.7362496105394
6020	1074	PC	685.883693545073
6020	1102	PC	133.358030812978
6020	1121	PC	27.2676785240835
6020	1149	PC	27.4512961693071
6020	1172	PC	191.798780787173
6020	1173	PC	26.661507166737
6020	1175	PC	1.64070813333767
6020	1243	PC	18.9217116962391
6020	1272	PC	97.3455991555715
6020	1275	PC	1.56587506368691
6020	1277	PC	199.228502492878
6020	1516	PC	2.06553889724167
6020	1551	PC	212.805703089898
6020	1636	PC	3.45844520247796
6020	1671	PC	41.1764225939552
6020	1805	PC	3.0049591448071
6030	106	PC	43.9414140153025
6030	231	PC	2.17984974664018
6030	309	PC	35.7431964407778
6030	602	PC	24.4057680294674
6030	1071	PC	21.0257989308751
6030	1172	PC	.7884514085206
6030	1175	PC	2.54879450991414
6030	1677	PC	113.20532414599
6030	1850	PC	3807.03866957058
6030	1972	PC	2438.42232870766
6040	1272	PC	22.6129489386428
6050	1124	PC	246.250142428231
