50	219	PC	2.03932813087626
50	226	PC	15.6279614235545
50	301	PC	13.6502791680655
50	2004	PC	1.92089194899773
51	301	PC	15.8242034192331
52	216	PC	.765793799363411
52	219	PC	3.29651394332234
52	220	PC	1.7461582264644
52	235	PC	5.48635449940922
52	301	PC	89.3016149029041
52	420	PC	1.92983090856123
52	427	PC	1.37550797023528
52	536	PC	.742530343223976
52	543	PC	1.06990479921091
52	612	PC	2.46743458794534
52	623	PC	1.15802229687134
52	626	PC	.94454931048708
52	628	PC	2.11707555225714
52	706	PC	32.4889551401775
52	709	PC	1.20125874216036
52	1101	PC	1.31600890907695
52	1121	PC	.694315730618444
52	1175	PC	.813805289845836
52	1274	PC	.983886471758057
52	1275	PC	.737914853818543
52	1416	PC	1.16153773693209
52	1529	PC	3.34972951593999
52	1721	PC	7.60100483252528
56	301	PC	5.47656962483392
56	806	PC	.753008049629463
57	301	PC	1.6580778186871
57	2012	PC	.791650869274918
58	106	PC	.926724366514295
58	301	PC	32.8066048999638
58	513	PC	2.75443796033433
58	706	PC	5.94014478309216
58	1529	PC	5.02459427390998
58	1832	PC	3.92773327628779
59	1529	PC	1.11657650531333
60	101	PC	.908173835250949
60	301	PC	4.74087435565349
62	211	PC	3.28262598022945
101	58	PC	1.37921308604521
101	60	PC	.954839828800529
101	105	PC	1108.61518738679
101	128	PC	1323.67246219256
101	4003	PC	3.10763634435081
101	4004	PC	3.67266113423277
104	211	PC	3.3999049503832
104	219	WC	.708152948878304
104	704	PC	.981888593560537
104	1274	WC	1.19875539397356
105	52	PC	1.60487225101737
105	101	PC	.667148803813008
105	105	PC	274.044382503478
105	128	PC	1325.44232119796
105	211	PC	821.17914974917
105	402	PC	.727895162958861
105	412	PC	.767738073047807
105	605	PC	2.34338957649377
105	709	PC	.990314348662787
106	52	PC	2.00609031377171
106	101	PC	27.0862139096443
106	104	PC	51.2976914494575
106	105	PC	305.603989657837
106	106	PC	108.589085687583
106	106	WC	1.56459908975964
106	123	WC	.600086822368758
106	127	PC	.791919181947403
106	128	PC	14.9951462371116
106	128	WC	.62928317575292
106	136	PC	26.1510062849539
106	211	PC	32.4979267982794
106	213	PC	2.06767569185523
106	213	WC	2.25549510759449
106	214	PC	64.9221618081713
106	219	PC	1.33448906839449
106	219	WC	1.12262792789178
106	220	WC	6.01569056240808
106	230	PC	113.118010081536
106	231	PC	41.8702095795193
106	235	WC	.793052091999255
106	237	PC	.679930161832614
106	239	WC	1.39026120486448
106	301	WC	1.16641468458417
106	304	WC	2.03005789785074
106	305	PC	39.0016807991116
106	306	PC	154.948346637966
106	309	PC	23.6467828076868
106	312	PC	18.4033765404753
106	427	PC	21.7453072165159
106	437	PC	4.46536294858484
106	534	PC	2.28661079531133
106	534	WC	1.38426912477914
106	602	WC	.564283876598043
106	605	PC	29.5153217708089
106	605	WC	7.70884405577219
106	612	PC	1.01238292760364
106	617	WC	1.97222531536617
106	626	PC	49.9263013221019
106	701	PC	37.9554512764162
106	706	PC	.701454913974323
106	720	WC	1.86642865304833
106	805	PC	7.32196656157674
106	806	PC	.881648649460688
106	814	WC	.481164554772685
106	822	PC	1.57151241661407
106	901	PC	2.1398262681326
106	901	WC	1.19709316579654
106	906	PC	60.0882031831523
106	906	WC	1.11032703037236
106	1004	WC	1.83409793834992
106	1072	PC	43.8550718444504
106	1074	PC	22.7214006147722
106	1106	PC	47.4672401457553
106	1149	PC	23.847191965606
106	1149	WC	.635202075313645
106	1172	WC	1.47235627354506
106	1173	PC	59.8418884480789
106	1173	WC	.775812011260854
106	1216	PC	3.89361319610312
106	1221	PC	21.6714333267758
106	1221	WC	1.7275288813844
106	1224	PC	1.84444179978568
106	1235	PC	25.503893573681
106	1243	PC	23.4745761899403
106	1271	PC	22.4240102662422
106	1276	WC	1.84887686370329
106	1424	PC	.651087356534174
106	1432	WC	5.80072582404228
106	1502	PC	51.5895807895655
106	1503	PC	34.9201598529399
106	1504	PC	47.4049904700498
106	1504	WC	3.80034526456997
106	1516	WC	1.73317259707114
106	1624	WC	1.78495379685985
106	1634	PC	3.95764866635469
106	1635	PC	1.77543131976291
106	1653	PC	.661828060338451
106	1671	PC	173.830589283875
106	1671	WC	3.20334735211036
106	1677	PC	100.721253454609
106	1702	PC	64.4383853359564
106	1719	PC	5.46815593696622
106	1719	WC	.664511020839092
106	1805	PC	34.0425109474129
106	1820	WC	2.89983828674647
106	1825	PC	2.86556490584939
106	1833	WC	1.2432921241086
106	1860	PC	.644461666105776
106	1870	WC	.859428737387925
106	1901	PC	2.38435180576654
106	1942	PC	3.18259263958194
106	1972	PC	73.9615960692286
106	1973	PC	75.5380377812249
106	2004	WC	1.98362929199946
106	2012	PC	2.61320104547379
111	105	PC	26.6267184060044
118	105	PC	61.0872116673299
119	60	PC	.918910494302692
119	105	PC	1127.30830267495
119	128	PC	3583.58561517443
119	211	PC	6.23668504835187
121	231	PC	3.43332904930989
122	128	PC	1289.36655194869
122	211	PC	460.823492756331
122	231	PC	155.33255839135
122	605	PC	.909546789670082
123	128	PC	577.687071411405
123	211	PC	3.8853662695847
123	231	PC	277.141965393663
123	301	PC	105.877574021175
124	105	PC	9.75471325980799
124	211	PC	74.998141428208
125	58	PC	.832762635461815
125	101	PC	.612897980884037
125	105	PC	167.27048790813
125	128	PC	2327.98874118066
125	211	PC	624.098247299301
125	605	PC	2.79404598085169
125	4001	PC	1.14863811787836
127	105	PC	1015.47053171045
127	128	PC	316.278907524136
127	4005	PC	.918910494302692
128	105	PC	3029.81603013475
128	128	PC	4948.4769903706
128	412	PC	1.79887564456148
128	605	PC	3.9647841250185
128	5302	PC	1.20365418826303
135	105	PC	85.5184365533322
135	128	PC	1394.17299321951
135	4001	PC	.691560657654016
136	101	PC	1.20373319987691
136	105	PC	143.85183039083
136	128	PC	569.696063323121
136	211	PC	5.92257202948729
136	221	PC	.974671335216602
136	237	PC	1.61059776798404
136	605	PC	4.03318923401415
136	4001	PC	.691560657654016
137	58	PC	.645559136171033
137	101	PC	1.42297707516097
137	105	PC	54.1136159489802
137	128	PC	928.388580881163
137	211	PC	509.103066670033
137	412	PC	.762477292259025
137	540	PC	.876509424542558
137	605	PC	5.43603766323646
138	101	PC	.49797960946828
138	211	PC	18.4741721686243
138	237	PC	1.21380107510826
138	301	PC	42.7974445810979
138	605	PC	1.79456647489962
211	52	PC	1.15418559590458
211	211	PC	30.1871321078128
211	301	PC	18.2510629645451
213	101	PC	.577395592136861
213	211	PC	29.7589444816744
213	301	PC	22.0788230067405
214	101	PC	.748506986594939
214	211	PC	213.68750294561
214	301	PC	42.1699941324235
214	714	PC	1.30350330095418
215	58	PC	1.73127839385687
216	301	PC	8.81235803805633
219	50	PC	5.15841803246832
219	52	PC	5.55962832388252
219	58	PC	1.43289389790787
219	106	WC	.742337955182208
219	213	WC	1.60221671450626
219	235	WC	1.35673793146091
219	237	WC	.79255328240099
219	301	PC	69.5831469501311
219	501	WC	.644597763764411
219	605	WC	2.18912492270821
219	714	PC	1.2614091669826
219	720	WC	3.31887309459271
219	806	WC	1.99355324404069
219	814	WC	.951465532118237
219	1173	WC	1.18056062824126
219	1221	WC	2.0857342562946
219	1273	WC	.54338697589416
219	1432	WC	2.06096826272222
219	1443	WC	1.28558093391892
219	1503	WC	2.17245153247202
219	1504	WC	3.86378752075354
219	1638	WC	2.2600949341945
219	1671	WC	1.56088618016686
219	1820	WC	2.5796416853096
219	1833	WC	1.32576304604491
219	1870	WC	5.34689690400542
219	1971	WC	.993595352036234
219	2004	WC	4.95176838911685
219	4001	PC	2.29263023665259
220	231	PC	1.55708916152934
220	301	PC	42.8390171262171
220	1102	PC	.523387634747826
220	1271	PC	.564012487631606
220	1277	PC	.542558642089443
220	1566	PC	.699941063036177
221	128	PC	290.089179372918
221	231	PC	109.846105906876
221	301	PC	144.733168522204
226	128	PC	280.225353004409
226	231	PC	425.642200233591
227	231	PC	83.7080298076727
227	235	PC	1.03286598277704
228	231	PC	25.041050613225
229	101	PC	1.11876860452033
229	231	PC	165.264400441361
229	237	PC	2.72755063771789
229	605	PC	.714008344514951
230	128	PC	262.788328075349
230	231	PC	292.572095085521
231	52	PC	.961316830987507
231	231	PC	328.833799568579
233	50	PC	1.15821304938254
233	128	PC	112.455659925797
233	231	PC	200.162861342197
233	237	PC	.71519322634248
233	605	PC	1.10403024368641
234	56	PC	.694927829629523
234	128	PC	260.163469204044
234	231	PC	882.769866578121
235	128	PC	309.550067147906
235	231	PC	531.950429962137
235	605	PC	2.44427226944172
236	101	PC	2.43137282413646
236	128	PC	1075.89124231413
236	221	PC	1.23008364523374
236	231	PC	2024.81429239381
236	235	PC	1.30900916650524
236	605	PC	.874969763220635
237	231	PC	902.111603398053
238	231	PC	289.335197072483
238	417	PC	27.7307169494005
238	427	PC	155.82623389916
239	101	PC	4.20341927220183
239	105	PC	1.78104905250106
239	231	PC	72.6329357696693
239	235	PC	3.50364551345914
239	237	PC	5.25660113754469
239	301	PC	50.1412302934281
239	417	PC	27.8641680784432
239	605	PC	4.69258133107475
301	52	PC	10.529096953421
301	56	PC	1.2148958023178
301	58	PC	3.93394831226717
301	60	PC	3.42484911891495
301	231	PC	20.8934153583295
301	301	PC	14.9231665014852
301	417	PC	23.7217845839186
301	4001	PC	2.42979160463561
301	4004	PC	1.15704362125505
301	4005	PC	.694226172753031
301	5101	PC	2.08267851825909
301	5605	PC	1.73556543188258
301	5770	PC	146.468994971056
302	605	PC	.754965245958304
306	620	PC	1.40092004566055
306	4001	PC	1.73556543188258
306	5605	PC	1.50415670763157
307	412	PC	1.12888530905034
307	605	PC	.92299826308382
308	427	PC	.644990680719293
309	1677	PC	3.93873676049948
402	231	PC	148.99979066797
402	301	PC	217.438069527977
402	417	PC	9.46391044849631
403	60	PC	32.2201939957588
403	231	PC	2578.31962140689
403	412	PC	27.3523827804177
403	417	PC	49.1277568656862
403	427	PC	308.324350585816
403	532	WC	1.50547976208229
403	3001	PC	8.05504849893969
403	5101	PC	3.25629620169902
403	5403	PC	11.3684727041773
403	5820	PC	7.198128445861
403	5831	PC	26.6182219687657
403	5835	PC	30.5063538896014
412	417	PC	8399.15493315041
412	427	PC	7015.18401298755
415	417	PC	1545.29700908721
415	427	PC	1442.379136676
417	58	PC	1.14256007077159
417	417	PC	2890.31961810913
417	427	PC	1583.40549364058
417	5605	PC	.916922550948314
418	231	PC	10.5157340757377
418	417	PC	78.7924844418101
419	231	PC	33.4997892458257
419	417	PC	643.726736346813
419	427	PC	43.0029376345115
420	60	PC	1.13410659110697
420	231	PC	271.901236642387
420	417	PC	5.38595303843434
423	231	PC	592.438235870377
423	417	PC	34.7146760653315
423	427	PC	304.206474088508
425	417	PC	410.16372098898
425	427	PC	1496.62616320733
426	417	PC	717.663716256562
426	427	PC	1219.44503730697
427	52	PC	1.36201386853008
427	417	PC	773.30022774325
427	427	PC	964.761460331845
428	417	PC	250.894958264973
428	427	PC	113.266824497793
429	417	PC	133.593041004855
429	427	PC	94.6377595244684
430	417	PC	241.386837152311
430	1640	PC	77.1955460797671
432	417	PC	21.3019052441659
432	427	PC	175.599820943899
432	1640	PC	198.707054451044
434	1640	PC	110.785529663986
436	521	PC	2.49234429407993
436	1640	PC	356.769105639758
436	1648	PC	672.453747074578
437	1640	PC	771.858623684063
437	1648	PC	39.8044692875383
437	3001	PC	.677472351520045
438	417	PC	161.668901654909
438	1640	PC	431.236820658001
438	1648	PC	425.560179388106
439	517	PC	196.551225510227
439	1640	PC	200.872263461136
439	1648	PC	265.597816606996
441	521	PC	111.152118047282
441	1640	PC	307.68369013129
501	215	PC	.773763762572478
501	412	PC	132.535231387728
501	521	PC	265.660669300474
501	1653	PC	245.789637831041
502	427	PC	148.254697218461
502	521	PC	986.456939471222
502	1653	PC	398.877478122998
511	517	PC	388.885009945601
511	1525	PC	107.490916432751
512	517	PC	626.480906646192
512	521	PC	14.0977917364397
512	1449	PC	227.299617236055
513	517	PC	1150.11536296049
513	1449	PC	58.5124182453504
514	517	PC	288.565853765239
514	521	PC	206.700859997858
515	517	PC	386.069516951437
515	521	PC	191.274542152871
516	517	PC	401.022891882775
516	521	PC	191.769810912504
517	517	PC	282.43221531889
517	521	PC	91.5740987984981
519	517	PC	721.772055641132
519	521	PC	235.810943082789
520	517	PC	744.709587596329
520	521	PC	686.233895603707
521	517	PC	848.937812318272
521	521	PC	458.079186845998
522	412	PC	243.248442575362
522	427	PC	115.373053355304
522	517	PC	1353.73639678594
522	521	PC	859.017119223518
528	412	PC	157.993479652405
528	427	PC	223.013190284893
528	517	PC	1459.59011676193
528	521	PC	907.82247177974
528	4001	PC	.911950743328768
529	301	PC	74.0283223554613
529	427	PC	126.569707789101
529	517	PC	758.247402552229
529	521	PC	833.263406872546
532	231	PC	24.3007923177836
532	301	PC	111.977462430102
532	521	PC	116.030639290712
533	101	PC	1.37465744123807
533	105	PC	.699690291530887
533	231	PC	215.86228394009
533	427	PC	130.618557297727
533	521	PC	78.0383877550556
533	534	PC	1.48271603714672
533	605	PC	1.15982357674506
533	5403	PC	.916922550948314
534	52	PC	1.7758235228275
534	55	PC	2.17681593120791
534	231	PC	809.716592043032
534	412	PC	109.849646601247
534	427	PC	2.55173606452193
534	521	PC	1331.60986038535
534	522	PC	2.05055469810664
534	536	PC	.759704228207289
534	540	PC	.728757556363393
534	605	PC	3.87491145763155
536	427	PC	3.77065910609002
536	502	PC	1.29845280544664
536	521	PC	218.251375084691
536	536	PC	.804890440906572
536	538	PC	.857975703148632
536	540	PC	4.72055749919562
536	605	PC	2.92722129504092
536	617	PC	37.4415778652256
538	52	PC	1.36792611499315
538	427	PC	.835667427898365
538	521	PC	13.408701361673
538	522	PC	.607225870112903
538	617	PC	505.503270187558
538	3001	PC	5.89918137090797
540	301	PC	40.0167696452101
540	412	PC	3.68751804434579
540	540	PC	2.65909759398506
540	605	PC	2.08886045722514
540	617	PC	199.833818926314
541	427	PC	3.02211313694829
541	540	PC	2.24366955236585
541	617	PC	165.625870909886
542	231	PC	32.6687615922005
542	427	PC	6.69421904677616
542	540	PC	3.95372894782425
542	605	PC	.615351971427459
542	617	PC	421.843426546473
543	427	PC	4.2249530237173
543	540	PC	2.98857500630375
543	617	PC	245.099356618942
544	231	PC	.889286812069658
544	427	PC	1.38829978120476
544	540	PC	1.03140755160633
544	617	PC	345.137529396315
545	301	PC	116.228139969189
545	617	PC	178.816213156244
602	60	PC	1.15392933020569
602	128	PC	38.0690030249278
602	301	PC	41.9313609602286
602	521	PC	118.193822002782
602	704	PC	5.72113324790637
602	4001	PC	.865446997654264
604	301	PC	39.2575062274475
604	605	PC	.76363948716556
604	617	PC	128.563546705831
604	631	PC	1.20721144524404
604	704	PC	183.012885083212
604	817	PC	390.232821454964
605	128	PC	148.641342788923
605	301	PC	215.989019817124
605	412	PC	1.71246099461637
605	605	PC	3.40008869232101
605	617	PC	83.1518609849446
612	60	PC	.918052262232198
612	301	PC	30.5518686719456
612	412	PC	.88822685091501
612	540	PC	1.57840232304809
612	617	PC	33.7273128076695
615	617	PC	27.228254489826
616	427	PC	172.629921440532
616	540	PC	1.33316048309232
616	605	PC	2.18775278611151
616	617	PC	226.704333491408
617	605	PC	1.59347371437772
617	617	PC	221.229780508669
617	3001	PC	2.46639531204019
618	605	PC	2.88477162956877
618	617	PC	251.18975684245
619	540	PC	2.28403186113488
619	605	PC	5.74536919520261
619	617	PC	510.357868785412
620	301	PC	231.636796922061
620	605	PC	6.58944692759738
620	617	PC	47.3844573186281
621	301	PC	218.077920033754
621	412	PC	.861495612179658
621	605	PC	.981881522123685
621	617	PC	48.044603903597
621	624	PC	1.58555174617251
621	631	PC	.532760166751587
621	704	PC	69.238483049648
621	817	PC	174.391216605295
622	301	PC	15.5944097180276
622	605	PC	1.32057408608373
622	617	PC	24.4390647219316
623	58	PC	1.96167986134967
623	301	PC	371.210856377694
623	605	PC	2.10695409955707
623	624	PC	1.22357691022959
624	301	PC	221.322114313836
624	617	PC	210.447311702059
624	817	PC	97.1833941429443
625	301	PC	2.25244478338993
625	617	PC	24.7685088827404
626	58	PC	.80775053114398
626	128	PC	96.0794709863612
626	301	PC	218.112941990839
626	617	PC	5.76097277619432
626	4001	PC	2.30785866041137
627	211	PC	6.12032903520923
627	301	PC	33.1366718408205
627	617	PC	168.949636585854
628	52	PC	1.15392933020569
628	301	PC	37.4806317080603
628	605	PC	1.23521954305624
628	617	PC	9.7872993367464
628	631	PC	1.45910438927752
628	704	PC	29.1354772124608
631	301	PC	8.3739791704269
631	412	PC	1.05604902622169
631	605	PC	1.53722219682025
631	617	PC	6.91441239847117
631	631	PC	2.0818086669522
632	412	PC	.909321922030007
632	617	PC	71.0907105907102
632	631	PC	.919143769503149
632	704	PC	61.3138819896513
633	301	PC	2.86088870144171
633	605	PC	.904833246511275
633	617	PC	89.0775724679687
633	704	PC	132.439956972802
701	105	PC	.565068283017523
701	128	PC	167.064753864252
701	301	PC	124.500436113467
701	617	PC	23.8971073620516
701	704	PC	6.35270381247369
701	714	PC	.883631116115129
701	4001	PC	.922658551786865
702	52	PC	1.72131918830933
702	128	PC	170.665977628113
702	301	PC	684.747145719634
702	605	PC	1.88875767917826
702	704	PC	39.6498652653723
702	4005	PC	.916922550948314
704	128	PC	1005.84931208319
704	301	PC	1024.83462817696
704	605	PC	1.19053505926689
704	704	PC	44.9349084355255
706	301	PC	466.221724435911
706	402	PC	2.51418267550277
706	412	PC	.784883636872324
706	425	PC	4.54547325330723
706	430	PC	3.98355390287735
706	436	PC	1.34359090254337
706	438	PC	5.38191581592397
706	502	PC	6.24055038681684
706	704	PC	87.6014612526295
706	817	PC	85.2995932107437
706	937	PC	7.50532309094338
706	941	PC	2.21992013723994
706	1002	PC	.829342054663536
706	1021	PC	.777032820576778
706	1037	PC	.754169964500224
706	1620	PC	3.02533378839679
706	1648	PC	.673975508107031
706	1717	PC	2.8875047460468
706	1721	PC	.730156544240301
706	2004	PC	3.66812170700313
706	2012	PC	1.39246997847633
706	5102	PC	1.13998285214729
709	211	PC	324.497332419448
709	704	PC	176.219751756928
709	817	PC	634.056684315163
711	704	PC	5.70405898157469
713	128	PC	349.000534217182
713	704	PC	214.555746328026
714	617	PC	157.102331915602
714	704	PC	16.5740058153344
716	101	PC	2.92028989324087
716	105	PC	2.63994841512805
716	128	PC	413.453525719005
716	605	PC	2.78053630750841
716	617	PC	3548.09141812006
716	704	PC	450.380289186812
716	709	PC	1.07449445127362
716	714	PC	4.37931465239476
716	4004	PC	1.15332318973358
719	128	PC	943.291642885092
719	605	PC	3.18305445196415
719	704	PC	961.449041264863
719	714	PC	1.24695050767447
720	106	PC	2.07553495676661
720	128	PC	1475.82815877596
720	427	PC	1.1084908889791
720	605	PC	.950615453831949
720	704	PC	2124.08137924296
720	1275	PC	.697500745211521
722	311	PC	16.8121721163231
722	417	PC	10.3298239114442
722	423	PC	1.86466140718221
722	427	PC	2.9508347822089
722	501	PC	5.74376347932442
722	502	PC	6.97613737730457
722	516	PC	4.70959642729971
722	522	PC	1.87407474576475
722	534	PC	8.77054382205688
722	605	PC	3.75089315237984
722	621	PC	2.43469960487404
722	704	PC	10.1331186808423
722	815	PC	18.489763313762
722	901	PC	9.61595628694042
722	904	PC	11.932885246094
722	906	PC	1.83251301636412
722	926	PC	.771343779622496
722	1014	PC	1.65223718913588
722	1032	PC	5.71148697183807
722	1071	PC	8.51024832352318
722	1072	PC	3.78233258823253
722	1101	PC	1.42973439245286
722	1149	PC	7.06219025365049
722	1172	PC	5.61910888201865
722	1263	PC	3.83624451795917
722	1271	PC	13.761157304482
722	1273	PC	6.25507150203727
722	1275	PC	.834009533604969
722	1443	PC	19.3143037367056
722	1504	PC	6.90838841785303
722	1519	PC	2.56170759662343
722	1548	PC	1.52675542500997
722	1566	PC	2.27190287725572
722	1624	PC	9.00475973921736
722	1627	PC	4.21297879521937
722	1630	PC	5.81336167338521
722	1638	PC	2.74615305800554
722	1671	PC	12.0742836802616
722	1702	PC	19.9904572302396
722	1714	PC	24.3827534770505
722	1719	PC	28.8724646194241
722	1721	PC	4.21618307757191
722	1751	PC	5.58184707472406
723	704	PC	17.1398812121885
728	704	PC	606.791756881804
728	817	PC	31.2100636899231
805	237	PC	1.45247561140104
805	704	PC	113.370078567161
805	834	PC	1.09355125516727
806	52	PC	1.64981326017546
806	704	PC	295.566850897032
806	817	PC	23.2356049427485
806	834	PC	5.07856418809989
806	4003	PC	1.46483408883041
807	211	PC	7.91401153408339
807	704	PC	124.765415481067
811	704	PC	316.472278907843
811	834	PC	91.1293513775841
814	704	PC	45.5546243349628
815	704	PC	14.2947726578788
815	834	PC	10.8166008043772
817	704	PC	61.9885646711225
817	817	PC	130.798658278235
817	4002	PC	.676185549475226
819	704	PC	111.143050181399
819	834	PC	95.7663291540735
821	704	PC	775.928155621009
821	817	PC	116.905963019954
821	834	PC	23.4341420877297
822	704	PC	152.538661236507
822	834	PC	18.4383195878048
826	704	PC	7.5058438661987
826	834	PC	94.8852189851395
827	834	PC	101.957673398724
828	704	PC	.837433509624035
828	834	PC	139.052241391415
829	704	PC	1.48997539599888
829	834	PC	88.8334841109378
830	834	PC	21.7605093266237
831	834	PC	43.295611686271
831	4001	PC	.738076026905142
833	834	PC	158.48814662038
834	834	PC	43.1108178683888
834	926	PC	94.0885494340047
901	834	PC	17.4632360696097
901	926	PC	2.06090274862664
904	704	PC	527.104371813076
904	817	PC	87.8105333642337
904	926	PC	155.813547151576
904	4001	PC	1.03460628141545
906	231	PC	2.43584356749077
906	817	PC	230.745860834684
906	926	PC	185.106332272556
906	4001	PC	2.1841688163215
911	926	PC	30.8684024417113
912	704	PC	184.648879977967
912	926	PC	10.925868530484
914	704	PC	358.688873623382
914	926	PC	62.0768792604506
919	817	PC	6.85924765153644
919	926	PC	33.3769029323315
926	926	PC	74.0598538210809
928	926	PC	72.035736359604
929	817	PC	34.5510543039963
929	926	PC	119.286783285602
935	926	PC	39.3500463066554
937	704	PC	14.1130769127409
937	926	PC	96.3551076907374
938	704	PC	29.7435675436668
938	834	PC	38.5903175454939
938	926	PC	28.6409728823885
940	834	PC	56.6873021668551
940	926	PC	22.3192642976002
941	834	PC	2.74160271751763
941	926	PC	18.3046753457874
1002	926	PC	201.926964173792
1003	926	PC	660.8017258761
1003	1119	PC	187.772635562606
1004	235	PC	2.01702466639489
1004	926	PC	194.152192604359
1004	1154	PC	31.142345381474
1014	926	PC	243.668160384943
1014	1101	PC	128.767394317625
1014	4001	PC	1.44413401278091
1014	4004	PC	2.31061442044946
1017	926	PC	239.34825200644
1018	926	PC	111.141007486408
1021	54	PC	.752535770919195
1021	926	PC	277.94763780245
1026	926	PC	121.257764524167
1027	926	PC	113.048571632121
1029	926	PC	125.088708707304
1032	926	PC	151.711926089817
1032	1119	PC	152.118383395201
1034	926	PC	340.896228227453
1034	1119	PC	85.0738733572095
1034	3001	PC	1.37538382642247
1034	4001	PC	1.10030706113798
1037	926	PC	315.266675278602
1037	1119	PC	92.6530539041622
1046	926	PC	13.9597166522343
1046	1101	PC	65.5630054093581
1046	1119	PC	93.1825574941263
1071	704	PC	103.871977481537
1071	834	PC	9.1564654514784
1071	926	PC	7.83433482504469
1075	1832	PC	1.12351393948172
1101	60	PC	.916907970723627
1101	926	PC	1080.14673383729
1101	1101	PC	288.208074743864
1101	1102	PC	374.854054073677
1101	1119	PC	324.265700118103
1101	4004	PC	1.37538382642247
1102	105	PC	.66919359564564
1102	128	PC	.90233588272428
1102	138	PC	6.02087630192072
1102	219	PC	1.27673647905022
1102	231	PC	1.05112810734428
1102	236	PC	.796628241444412
1102	237	PC	.644417870340975
1102	302	PC	.672265610347722
1102	305	PC	1.14729276429169
1102	306	PC	.991260286404592
1102	403	PC	52.5868692461642
1102	417	PC	.725474499427719
1102	427	PC	3.81687947795046
1102	534	PC	4.32987807922401
1102	616	PC	.765055638575872
1102	706	PC	1.12901671927386
1102	716	PC	13.9368810817171
1102	728	PC	.737599642160291
1102	822	PC	13.45424128557
1102	833	PC	2.22841216095947
1102	904	PC	.828403577684047
1102	906	PC	1.52461649178612
1102	926	PC	1966.01966686042
1102	929	PC	.602624758567351
1102	940	PC	5.92815484896737
1102	1101	PC	930.711225420615
1102	1102	PC	413.979638505331
1102	1106	PC	.993067759059972
1102	1114	PC	.739509475027209
1102	1119	PC	2266.16265329181
1102	1124	PC	.802169761150115
1102	1130	PC	.977483009417769
1102	1146	PC	.581047559526522
1102	1149	PC	.893320305882754
1102	1173	PC	1.33080008044752
1102	1175	PC	.651943500904711
1102	1216	PC	1.05711193444093
1102	1219	PC	.687631804962872
1102	1272	PC	.554956029286012
1102	1612	PC	.535365101559396
1102	1671	PC	.564438700013879
1102	1719	PC	1.43110186770563
1102	1837	PC	.709090669474931
1102	4001	PC	3.28093863773791
1106	926	PC	34.0451394599634
1106	1102	PC	54.1013078666479
1106	1119	PC	23.8991711430247
1106	4001	PC	.916472846052955
1111	926	PC	17.8346826422119
1111	1119	PC	255.947767868158
1111	1154	PC	64.4456443024627
1112	1101	PC	230.654658895787
1112	1119	PC	752.149351328821
1114	926	PC	2496.80355475345
1114	1101	PC	680.140148729801
1114	1119	PC	783.655598988846
1119	926	PC	9536.82858626981
1119	1101	PC	2744.37959450329
1119	1102	PC	367.070822904424
1119	1119	PC	4161.64372718557
1119	4001	PC	6.75613058704328
1120	52	PC	1.98024517206441
1120	926	PC	6389.56824362603
1120	1119	PC	4442.11584567671
1120	1172	PC	64.7058288398459
1120	1275	PC	9.07113666140203
1120	1677	PC	1.99956799544433
1120	4001	PC	1.04836509109292
1121	231	PC	1.19160148408663
1121	926	PC	5328.80631516447
1121	1102	PC	1393.91745775846
1121	1119	PC	1033.16106934471
1121	1149	PC	14.2185056836726
1121	4004	PC	1.16485010121436
1121	5820	PC	.81539507085005
1122	926	PC	1675.29940828387
1122	1102	PC	322.276326199624
1122	1119	PC	1420.7646893398
1124	52	PC	1.72680980933574
1124	926	PC	1618.1752135226
1124	1102	PC	503.408551824299
1124	1119	PC	1572.49802733651
1124	1171	PC	56.7225010371327
1127	926	PC	589.531235652706
1127	1102	PC	221.254615403757
1127	1119	PC	948.934354548826
1127	4001	PC	1.03608588560144
1129	1102	PC	93.1254449439773
1129	1171	PC	131.027277877082
1130	926	PC	567.550984592868
1130	1102	PC	200.305121850994
1130	1119	PC	172.353078029235
1130	1171	PC	172.748719715832
1133	926	PC	1285.22414875
1133	1102	PC	263.30750702618
1133	1119	PC	655.924963924736
1133	1154	PC	240.168388769428
1134	1102	PC	389.280674994501
1134	1119	PC	317.198726727071
1134	1154	PC	211.17952800788
1135	1119	PC	173.524721217448
1135	1154	PC	25.8412550479658
1135	1171	PC	65.3954564846759
1141	1102	PC	201.165790904018
1141	1119	PC	2228.57250921048
1141	1154	PC	385.396584719137
1141	1171	PC	255.090206881953
1142	1102	PC	245.66615714087
1142	1119	PC	824.106491170379
1142	1142	PC	1076.33604736785
1142	1171	PC	333.915548594791
1144	1102	PC	15.6350563164209
1144	1154	PC	6.21639431615469
1144	1171	PC	35.2292997836754
1145	1102	PC	68.9449655537385
1145	1119	PC	312.948579964733
1145	1154	PC	67.8184058307833
1146	1102	PC	410.423714850432
1146	1119	PC	962.197368937263
1146	1154	PC	222.388814137957
1149	1119	PC	331.147659300821
1149	1154	PC	504.33230878381
1151	1154	PC	5.21959125141032
1154	1119	PC	3894.49361829136
1154	1154	PC	1010.29039189183
1154	1235	PC	394.972020120833
1171	926	PC	466.757266857939
1171	1102	PC	105.390402990436
1171	1119	PC	159.23007452252
1171	1154	PC	17.2623066233343
1173	51	PC	1.0936462125793
1173	5605	PC	1.15120653955716
1175	52	PC	.748284250712154
1175	1002	PC	5.1584500933532
1175	1072	PC	3.93269897616404
1175	1074	PC	15.693041994485
1175	1102	PC	2.03093257507466
1211	1119	PC	851.877619752015
1211	1154	PC	135.603897551651
1211	1235	PC	242.8225508588
1216	1102	PC	545.703458058112
1216	1119	PC	152.027235006391
1216	1154	PC	235.896061377684
1219	1102	PC	138.21550754045
1219	1154	PC	123.20631549302
1221	1154	PC	69.853962357944
1221	1171	PC	25.431968702782
1222	1102	PC	119.60322007086
1222	1154	PC	99.1806564690515
1223	1154	PC	56.7723757719398
1223	1235	PC	39.2539387568662
1224	1154	PC	431.671238698356
1224	1171	PC	37.8354860959796
1224	1235	PC	163.116226561797
1227	1235	PC	75.1440574689407
1228	1171	PC	133.525983661582
1228	1235	PC	74.5231586863245
1231	1119	PC	221.57845997555
1231	1235	PC	97.2672818498532
1232	1235	PC	31.6749855934683
1233	1119	PC	88.6263405780739
1233	1235	PC	75.7438316728069
1234	1154	PC	15.8242016193986
1234	1235	PC	65.058895982789
1235	1171	PC	193.012348339559
1235	1235	PC	862.342864014568
1238	1171	PC	6.77203206169793
1238	1235	PC	302.328308305031
1241	1171	PC	12.697112492407
1241	1235	PC	134.485036260101
1242	1235	PC	16.3789226843377
1243	1235	PC	60.4739151269925
1244	1235	PC	33.1544951277304
1245	1235	PC	24.3675079129161
1246	1235	PC	37.5186943019057
1246	1271	PC	.635629878239133
1247	1235	PC	52.7114498016804
1251	1154	PC	4.56434751310718
1251	1235	PC	94.2995190887639
1252	1235	PC	11.5795590684549
1253	1154	PC	56.6120951687858
1253	1235	PC	257.228845777439
1256	1235	PC	73.4252324684691
1259	1154	PC	11.6764004213094
1259	1235	PC	24.2066458914713
1260	1154	PC	21.8105793052785
1260	1235	PC	244.836114420279
1260	1260	PC	54.6563483695458
1263	52	PC	.805843632043983
1263	1154	PC	34.1102520443395
1263	1235	PC	384.79099651141
1264	1235	PC	45.5140156835802
1265	1432	PC	4.28481273314805
1266	1235	PC	30.89795097827
1266	1432	PC	49.3591116548164
1266	1648	PC	225.425929534142
1271	105	PC	.871798981168934
1271	1102	PC	27.0482407452842
1271	1154	PC	182.885283361623
1274	4001	PC	2.18728985840509
1274	5102	PC	.690723113180557
1275	4001	PC	.863403891475695
1275	5800	PC	1.15120518863426
1277	215	PC	1.5933114554367
1401	1154	PC	86.1652491088463
1401	1432	PC	195.06675196514
1411	1154	PC	42.957318540421
1411	1432	PC	232.265472792702
1412	1432	PC	23.2839274749301
1413	1235	PC	28.3474916036373
1413	1432	PC	124.790093668544
1416	52	PC	.805570937625403
1416	1235	PC	32.8911659091387
1416	1417	PC	30.4799909198817
1416	1432	PC	63.4919170612115
1417	1417	PC	167.036935919254
1417	1432	PC	155.120562274482
1418	1417	PC	45.5336195016029
1419	1235	PC	12.1695347854825
1419	1417	PC	48.5947047787597
1420	1235	PC	167.749952272041
1420	1417	PC	131.518187235423
1421	1235	PC	81.2419838877057
1421	1417	PC	10.82324705938
1422	1235	PC	214.575212280686
1424	1417	PC	21.3451881309108
1426	1235	PC	208.746726099935
1426	1432	PC	233.171113119728
1428	1235	PC	242.021399243664
1428	1417	PC	286.151128023577
1428	1432	PC	65.6012377357681
1429	1235	PC	79.1539301151016
1429	1432	PC	178.600161150903
1430	1235	PC	52.2777521837495
1430	1432	PC	319.632114409118
1431	1235	PC	124.02531004336
1431	1432	PC	396.002937876021
1432	1235	PC	275.87534097543
1432	1432	PC	379.835216134538
1433	1432	PC	251.513108647884
1438	1432	PC	33.0645441932746
1438	1441	PC	56.8763981261999
1439	1432	PC	14.2181702179866
1439	1441	PC	16.7772885752161
1441	1441	PC	74.6552763280272
1441	1449	PC	36.2193412662901
1443	1441	PC	248.369416815038
1443	1449	PC	85.5472310167407
1444	1235	PC	276.299591757912
1444	1449	PC	171.836821327999
1445	1235	PC	364.073334124871
1445	1449	PC	648.879546011223
1449	1235	PC	281.49338043407
1449	1449	PC	388.08184487317
1449	1557	PC	215.698162663377
1502	1432	PC	52.5707885384225
1502	1449	PC	148.456729789979
1502	1525	PC	14.669947803065
1503	1441	PC	9.97702046744182
1503	1525	PC	36.3858868576885
1504	106	PC	1.02242337920193
1504	231	PC	.816095809871229
1504	306	PC	2.23088363440702
1504	309	PC	3.11524372932052
1504	417	PC	2.25153374518543
1504	533	PC	.858924489847023
1504	605	PC	1.20761320815573
1504	624	PC	.679332439991823
1504	706	PC	4.53119724555833
1504	716	PC	7.46706512024292
1504	822	PC	1.35861847216263
1504	1014	PC	.755559188283302
1504	1074	PC	2.13982028209537
1504	1102	PC	6.27093003494854
1504	1247	PC	16.5134713146138
1504	1443	PC	.874461184491799
1504	1503	PC	.551385139722371
1504	1511	PC	.706488510549054
1504	1557	PC	26.0956118372426
1504	1671	PC	1.92892208486901
1504	1804	PC	1.1419522023006
1504	1833	PC	1.7809590233843
1504	1931	PC	1.84784136514989
1504	1941	PC	2.51884688086453
1504	1972	PC	2.56944413752084
1504	2004	PC	2.25135749400815
1504	4005	PC	1.14591109414275
1511	1432	PC	155.105067760851
1511	1441	PC	46.8992956534767
1511	1503	PC	269.715617162271
1514	1432	PC	39.8560158060442
1514	1441	PC	49.7897722126703
1515	1441	PC	27.2735917210406
1515	1525	PC	25.6497950311418
1516	1432	PC	29.5446192904425
1516	1441	PC	30.3717671946672
1516	1525	PC	7.24589651433397
1517	1449	PC	5.52012665127823
1517	1525	PC	80.5566619994654
1519	1432	PC	188.467655936973
1519	1525	PC	177.239644923272
1520	1235	PC	329.006835055665
1520	1449	PC	284.756567280739
1520	1525	PC	68.7586701027377
1523	1525	PC	53.0036368039782
1524	1235	PC	251.114005669114
1524	1525	PC	132.6224233008
1525	1432	PC	127.19471228504
1525	1525	PC	311.522859091977
1526	1525	PC	58.3414058509762
1528	1235	PC	.651199963428126
1528	1271	PC	3.24917206642175
1528	1525	PC	117.930617558701
1529	1525	PC	70.2968115445206
1531	1525	PC	6.9172513096994
1532	1235	PC	199.02138502053
1532	1525	PC	106.785955761356
1534	1525	PC	217.607323283907
1534	1557	PC	17.7283755057261
1535	1432	PC	250.695681752036
1535	1525	PC	241.6435215236
1539	1432	PC	187.137339503718
1539	1557	PC	421.475590518458
1543	1525	PC	203.343292159175
1543	1557	PC	74.900652753667
1545	301	PC	.720183289344806
1545	1557	PC	54.2846860061551
1546	1557	PC	39.0692941937572
1547	1432	PC	171.938836274843
1547	1557	PC	92.6130048142093
1548	1432	PC	221.97419382202
1548	1557	PC	964.912364703381
1551	1557	PC	280.114174470544
1554	1557	PC	262.295566238915
1557	1432	PC	95.5823360189291
1557	1503	PC	259.077240084979
1557	1557	PC	32.8507817634024
1560	1432	PC	125.470415189999
1560	1557	PC	244.188639164786
1563	1441	PC	53.750727017785
1563	1557	PC	258.079117106872
1566	1449	PC	367.051326167326
1566	1557	PC	454.095586482338
1566	1648	PC	128.640205422471
1566	1663	PC	77.0944266016022
1567	1449	PC	84.2917334471417
1567	1503	PC	235.532475016496
1567	1557	PC	48.9182544310826
1569	1503	PC	150.153592959472
1569	1663	PC	19.960978092901
1571	1557	PC	28.6952200777772
1571	1653	PC	130.458325460833
1573	1557	PC	190.90128354604
1612	1449	PC	84.1737045035524
1612	1617	PC	20.1165495903204
1612	1653	PC	314.924571686681
1613	1525	PC	14.1084027184475
1613	1617	PC	11.7839797632244
1613	1653	PC	154.783248892415
1617	1617	PC	106.692520640954
1617	1620	PC	27.1507997040162
1620	1617	PC	23.6571964436798
1620	1663	PC	47.0623790872088
1621	1525	PC	135.589492896121
1621	1617	PC	665.182373963097
1621	1648	PC	150.408683511601
1621	1663	PC	3.73727219641398
1622	1441	PC	21.2250540117701
1622	1648	PC	122.677157840878
1622	1653	PC	177.49732909161
1622	1663	PC	13.9225401725839
1624	1441	PC	292.899351297096
1624	1648	PC	1500.66879004063
1624	1653	PC	558.065826941802
1624	1663	PC	37.4825807893692
1627	1525	PC	528.764645875743
1627	1648	PC	27.3001505262775
1627	1653	PC	317.896311858609
1627	1663	PC	27.4791508109988
1630	1449	PC	105.833519784157
1630	1648	PC	231.606916638107
1630	1653	PC	394.587061412421
1630	1729	PC	32.0322385875724
1632	1653	PC	127.15241193883
1632	1729	PC	20.122536791384
1633	1663	PC	32.8746437050113
1633	1702	PC	107.675050269625
1634	1663	PC	588.888711108064
1634	1702	PC	643.642901795172
1635	1525	PC	1.57164509103342
1635	1648	PC	585.236333761368
1635	1653	PC	251.591201177164
1635	1663	PC	206.921831698133
1636	1648	PC	464.657716975213
1636	1653	PC	375.210200645409
1636	1663	PC	23.2078232295356
1638	1525	PC	340.546631325573
1638	1640	PC	22.0149365726807
1638	1648	PC	867.451430713932
1638	1653	PC	302.127417592706
1640	1525	PC	10.4202746489647
1640	1640	PC	34.6882919138004
1640	1653	PC	217.261987203481
1644	1640	PC	65.6735500759468
1644	1648	PC	500.740043830853
1644	1663	PC	80.0131014233332
1648	1525	PC	285.553211303115
1648	1640	PC	650.993121386513
1648	1648	PC	3993.62677354437
1648	1663	PC	185.39148755078
1648	3001	PC	.861967748325071
1653	1525	PC	4.69486140625922
1653	1648	PC	3242.97423210584
1653	1653	PC	349.541594110974
1653	1663	PC	68.5921589088244
1657	1525	PC	161.795515207254
1657	1648	PC	295.112398329619
1657	1653	PC	97.1457542503545
1657	1663	PC	10.8326526623623
1662	1653	PC	37.6500627290653
1662	1663	PC	9.93708378355242
1663	1525	PC	199.421570388356
1663	1653	PC	63.2801465146813
1663	1663	PC	23.4428432266022
1664	1525	PC	259.828627506271
1664	1648	PC	139.497023871083
1664	1663	PC	331.422419637838
1665	1663	PC	59.9487154572939
1665	1729	PC	6.89792557564141
1671	1449	PC	386.634296283333
1671	1503	PC	205.024107836426
1671	1557	PC	11.7488940772192
1671	1648	PC	550.921457341831
1675	1275	PC	.72442865376077
1675	1401	PC	.909985879369629
1675	1432	PC	.847712451134384
1675	1503	PC	1.22865528278624
1675	1504	PC	2.01703940228224
1675	1805	PC	.96338960801447
1675	1866	PC	1.70878650256769
1675	1870	PC	1.3714285074287
1676	237	PC	.663272869313001
1676	306	PC	.682990700062051
1676	616	PC	.642172870625102
1676	619	PC	.7121916194418
1676	906	PC	1.23158886657046
1676	1002	PC	.992828401231428
1676	1504	PC	1.49593727270262
1676	1866	PC	.885348130929683
1677	215	PC	2.1180020278519
1677	5404	PC	.691615757833156
1702	1525	PC	1907.2997820914
1702	1648	PC	4453.67078411968
1702	1663	PC	1439.93560390425
1702	1750	PC	93.2228144808931
1703	1525	PC	33.0984512909582
1703	1648	PC	126.365075321354
1703	1663	PC	27.2015600374355
1703	1702	PC	188.104997206697
1711	1663	PC	56.6055678686822
1711	1702	PC	63.2014343861739
1714	1525	PC	881.083958063598
1714	1648	PC	815.851769649847
1714	1663	PC	504.525837023519
1714	1719	PC	53.6377651324152
1717	1648	PC	307.179131604081
1717	1653	PC	2127.66926281106
1717	1663	PC	108.901338865721
1717	1729	PC	5.00849260650895
1718	1719	PC	268.0205342863
1719	62	PC	1.07762862073961
1719	1648	PC	4797.58019063415
1719	1653	PC	5405.65615811744
1719	1719	PC	104.693118451341
1721	1648	PC	1761.52246304236
1721	1653	PC	3539.30687795214
1721	1719	PC	569.470406562802
1721	1729	PC	197.048723068968
1721	4001	PC	.799230666228566
1724	1653	PC	14.6349558162371
1724	1719	PC	67.2670846645836
1724	1729	PC	67.8827087886736
1725	1648	PC	846.024485063744
1725	1653	PC	92.0297558410311
1725	1702	PC	339.856877680589
1725	1729	PC	31.5063585586683
1729	1648	PC	406.446844220639
1729	1653	PC	1817.97587072037
1729	1702	PC	548.47319333489
1729	1851	PC	77.99138571274
1736	1648	PC	254.463894617075
1736	1653	PC	537.253037582908
1736	1702	PC	360.792809545072
1736	1729	PC	41.553686326934
1738	1702	PC	121.147301986805
1738	1729	PC	18.5386113358517
1739	1702	PC	18.5589349955124
1739	1832	PC	3.91695736820586
1740	1702	PC	67.3954786181345
1740	1729	PC	13.7734981082231
1742	1648	PC	255.390213986748
1742	1653	PC	215.331794028547
1742	1702	PC	169.182169973059
1742	1750	PC	30.2372859436481
1743	1648	PC	467.506709714355
1743	1653	PC	154.392411901423
1743	1702	PC	188.097913321693
1743	1729	PC	24.3089277839256
1744	1648	PC	996.884975957266
1744	1653	PC	866.671294275971
1744	1702	PC	554.600947449257
1744	1750	PC	45.0552489612271
1748	1653	PC	81.2806325808873
1748	1702	PC	129.709136732994
1748	1729	PC	4.57807464963146
1749	1702	PC	95.6616564538126
1749	1750	PC	24.8566816920298
1750	106	PC	3.57157096664775
1750	136	PC	4.04901366552203
1750	211	PC	3.54719017262014
1750	501	PC	4.3225239045652
1750	1071	PC	1.2075166810581
1750	1074	PC	3.59077328840962
1750	1106	PC	3.93808733666438
1750	1277	PC	9.24294449669074
1750	1673	PC	3.77800460826158
1750	1677	PC	3.30965692955146
1750	1702	PC	213.763343823809
1750	1750	PC	17.7649964053256
1750	1804	PC	18.1849035950845
1750	1820	PC	166.592207769016
1750	1833	PC	2.59984229641067
1750	1931	PC	25.7103981537671
1751	1653	PC	252.995197160728
1751	1702	PC	564.371914568524
1751	1750	PC	27.8928981252468
1755	1702	PC	183.382755560572
1755	1729	PC	6.61349106911374
1804	61	PC	.837379604147823
1804	1271	PC	2.52313456632091
1804	1653	PC	18.0408711266014
1804	1702	PC	197.021917616056
1804	1804	PC	1.55704515636317
1804	1924	PC	79.5679771741977
1805	1653	PC	.810811182663195
1805	1750	PC	6.42380517807275
1805	1851	PC	43.9624870789126
1811	1653	PC	230.632693560698
1811	1750	PC	32.8385993812144
1811	1924	PC	129.242447327983
1812	1653	PC	422.62637946077
1812	1702	PC	521.609745297999
1812	1750	PC	22.313176851007
1813	1653	PC	412.795001951779
1813	1702	PC	472.495501548311
1813	1750	PC	49.8206731803935
1815	1653	PC	901.295217134334
1815	1832	PC	257.985097849061
1816	1653	PC	355.180383739588
1816	1832	PC	116.505562570591
1818	1832	PC	81.6385792491253
1820	1653	PC	218.349814877342
1820	1820	PC	2.01795057413711
1820	1827	PC	.915475764232003
1820	1832	PC	416.633112124046
1822	1653	PC	361.428828437583
1822	1832	PC	262.872986365653
1824	1653	PC	481.245863423294
1824	1832	PC	334.287493442953
1825	1653	PC	274.069158763928
1825	1832	PC	107.308150218341
1826	1719	PC	3.49952701721455
1826	1832	PC	302.82876349298
1827	1702	PC	34.5460034388311
1827	1832	PC	221.322145917077
1828	1702	PC	721.524743718674
1828	1832	PC	130.72540836353
1832	1719	PC	983.113618387139
1832	1832	PC	344.609520323771
1833	1719	PC	410.537112654625
1833	1832	PC	359.450309012158
1834	1719	PC	114.491304286912
1834	1832	PC	110.25122693414
1835	1832	PC	2.43329537168465
1836	1832	PC	64.3458065393163
1836	1851	PC	35.9140536802339
1837	1719	PC	228.653992564396
1837	1832	PC	155.401898693972
1837	1851	PC	68.0211640585893
1838	1702	PC	42.2290134558188
1838	1832	PC	14.4020819874204
1838	1851	PC	59.2701835725497
1839	1702	PC	30.5441939622419
1839	1832	PC	34.0736806573228
1839	1851	PC	42.1283685694332
1840	1702	PC	84.6951637291069
1840	1832	PC	28.8395851169099
1840	1851	PC	46.8743635231856
1841	1702	PC	69.9854891917132
1841	1832	PC	93.7721990509877
1841	1851	PC	51.9839714533502
1845	1851	PC	23.4394226322614
1848	1702	PC	282.091446517659
1848	1851	PC	261.871613338511
1849	1851	PC	44.2433276747927
1849	1924	PC	41.7505342080767
1850	1851	PC	13.8350232449021
1851	1851	PC	8.06855101811944
1851	1924	PC	36.1989410767578
1852	1851	PC	33.7134119924249
1853	1851	PC	28.6956330282848
1853	1924	PC	22.4674390932631
1854	1851	PC	101.607341436848
1854	1860	PC	20.2740040088491
1856	1860	PC	9.67841241020972
1859	1860	PC	58.2200103820732
1859	1924	PC	9.77676446989945
1860	1702	PC	366.852179006787
1860	1860	PC	510.085345629298
1865	1851	PC	52.1940648337503
1865	1860	PC	34.1253244616034
1866	1702	PC	43.2355533311667
1866	1851	PC	151.474404269622
1866	1860	PC	171.056437482537
1867	1851	PC	116.506723686899
1868	1851	PC	50.5674428252796
1870	1154	PC	1.23876361243571
1870	1702	PC	72.6117805575414
1870	1851	PC	288.675433876367
1871	1833	PC	330.678661359954
1871	1851	PC	211.158562842607
1911	1702	PC	538.60445505221
1911	1851	PC	103.473209103478
1911	1924	PC	93.9327184498864
1911	1971	PC	137.452424643922
1911	1972	PC	18.7211187687062
1913	1851	PC	67.9666069750088
1917	1851	PC	37.6626387052593
1917	1931	PC	32.6331286438629
1919	1851	PC	21.5234798171393
1919	1924	PC	30.8364383182739
1920	1832	PC	7.15056709112237
1920	1924	PC	28.5451422237211
1920	1931	PC	1.2588714635101
1922	1924	PC	156.443148854858
1923	1924	PC	83.3776629688392
1924	1832	PC	9.45796714952936
1924	1924	PC	201.338904036169
1925	1924	PC	7.9765997603433
1925	1931	PC	34.3705810344156
1926	1924	PC	25.3030952908834
1926	1931	PC	32.3257429609788
1927	1931	PC	44.0607633407599
1928	1931	PC	7.0557480216017
1931	1832	PC	43.3714445047364
1931	1931	PC	83.0780532605965
1933	1832	PC	83.3621909391898
1933	1924	PC	179.499820618719
1933	1931	PC	179.11119505038
1936	1515	PC	.979381194396782
1936	1924	PC	31.9538582272117
1936	1931	PC	1.69306691896193
1938	1832	PC	16.6275683633456
1938	1924	PC	67.1319245129433
1938	1942	PC	121.887577326705
1939	1924	PC	22.9121160797508
1940	1832	PC	28.8645471624796
1940	1924	PC	46.2968238237134
1940	1942	PC	51.5730768378138
1941	1924	PC	1.84679972344181
1941	1942	PC	11.6761187846968
1942	1924	PC	66.6517740686474
1942	1942	PC	75.5577247215846
1943	1832	PC	106.545864741441
1943	1924	PC	12.1696314216633
1943	1942	PC	5.80018228501387
1971	1851	PC	45.9071055422943
1971	1924	PC	152.064934489234
2002	2027	PC	16.2949817618956
2003	1924	PC	14.8672011982607
2003	2027	PC	29.4097835714324
2004	1942	PC	10.3130753188014
2011	51	PC	7.03762157512825
2011	1924	PC	9.85877652649476
2011	3001	PC	50.8876964312655
2012	1832	PC	.817225407467563
2012	1924	PC	172.552015826139
2012	1942	PC	39.9479104593992
2017	1942	PC	2.70009842540792
2020	1924	PC	50.8513648177607
2020	1942	PC	27.3906349957917
2021	1924	PC	21.964105070626
2021	2027	PC	1.1330578090829
2021	3001	PC	22.0765473264257
2022	1924	PC	11.6382213365846
2022	2027	PC	1.49046314540914
2023	2027	PC	3.3192582056833
2024	2027	PC	1.85196873963533
2025	1833	PC	60.411540098801
2025	1924	PC	136.612133684408
2025	2027	PC	39.4476001857131
2027	1924	PC	7.24992600653186
2027	2027	PC	38.8897386372082
2028	51	PC	.64780878452003
2030	1924	PC	54.8582399564649
2030	2027	PC	9.61809214034865
4001	101	PC	1.13521729406369
4001	106	PC	2.9778742977326
4001	124	PC	1.13904692597202
4001	211	PC	1.37320516033634
4001	213	PC	2.46777284974449
4001	219	PC	10.3166011326682
4001	221	PC	1.10970931661706
4001	226	PC	1.0304905327276
4001	230	PC	1.13809083025599
4001	231	PC	1.54468596298992
4001	235	PC	1.5671257502824
4001	236	PC	2.21477927423944
4001	302	PC	6.5094906955864
4001	303	PC	1.84599330480497
4001	304	PC	6.64827795003947
4001	305	PC	1.36822125186476
4001	308	PC	1.41243666036309
4001	309	PC	1.47384694994409
4001	412	PC	1.26252482539507
4001	417	PC	1.36110180293756
4001	502	PC	.616952324072914
4001	528	PC	1.4817838767152
4001	605	PC	.870337279712575
4001	623	PC	1.70655917433671
4001	624	PC	1.88868318298973
4001	625	PC	.699846857520782
4001	626	PC	1.19249350448994
4001	627	PC	3.04906301174655
4001	701	PC	1.09982275784102
4001	702	PC	1.10702297179964
4001	706	PC	3.03068611382253
4001	709	PC	1.65173077047049
4001	716	PC	1.39075613660841
4001	720	PC	3.22501753115617
4001	805	PC	1.68796814918143
4001	806	PC	4.74770471174002
4001	807	PC	.969505972235444
4001	814	PC	1.9437990121064
4001	815	PC	1.00446014879251
4001	830	PC	4.1514431052647
4001	904	PC	3.61180935566713
4001	906	PC	.789884322380747
4001	937	PC	1.13740484918161
4001	1014	PC	2.68298006380544
4001	1017	PC	1.1394211621288
4001	1018	PC	.644025717512553
4001	1102	PC	14.8061355856846
4001	1106	PC	.992412733725169
4001	1119	PC	3.2397962896034
4001	1120	PC	1.91655646819633
4001	1121	PC	1.71377936341339
4001	1122	PC	.974442662459837
4001	1124	PC	2.27588970923721
4001	1149	PC	2.80442569709066
4001	1173	PC	4.65747027419463
4001	1174	PC	1.94687265493888
4001	1221	PC	.997279357583748
4001	1243	PC	1.40160632742505
4001	1247	PC	1.10721274778342
4001	1272	PC	1.22985808969757
4001	1274	PC	4.55047493188101
4001	1275	PC	1.23231780587697
4001	1276	PC	1.13761873297025
4001	1277	PC	1.7218013255766
4001	1504	PC	.788622876120031
4001	1529	PC	1.56320710743866
4001	1663	PC	1.19071118498153
4001	1678	PC	1.03000716090766
4001	1833	PC	1.86736812390455
4001	1922	PC	1.72596580542462
4001	2002	PC	.811699369513792
4001	2030	PC	1.20015672776732
4002	604	PC	1.09653729920874
4002	704	PC	1.24989887401428
4002	706	PC	1.21227444552901
4002	1074	PC	1.16287182444129
4002	1102	PC	1.61676856875114
4002	1124	PC	1.1379448546186
4003	105	PC	1.86690788616996
4003	216	PC	1.02105839915121
4003	219	PC	1.07964430458155
4003	235	PC	.848624052499492
4003	304	PC	4.10712016717753
4003	604	PC	3.83788054723058
4003	626	PC	3.54205991432655
4003	701	PC	.855417700543012
4003	704	PC	1.24989887401428
4003	706	PC	1.21227444552901
4003	806	PC	.883293899858608
4003	1102	PC	3.4645040758953
4003	1274	PC	2.39822327491026
4003	1276	PC	1.22985808969757
4003	1420	PC	1.10481745353911
4003	1653	PC	1.56680230263068
4003	1719	PC	2.33242631414776
4004	211	PC	1.10941170942792
4004	219	PC	1.18880833982258
4004	236	PC	1.39119301145694
4004	304	PC	4.23730998108926
4004	626	PC	1.18068663810885
4004	627	PC	.819640594555523
4004	706	PC	1.69718422374062
4004	806	PC	1.10411737482326
4004	904	PC	1.35442850837517
4004	1102	PC	1.1548346919651
4004	1119	PC	1.32976713379244
4004	1120	PC	1.51626302863634
4004	1273	PC	1.22985808969757
4004	1275	PC	4.79644654982053
4005	219	PC	1.19960478286839
4005	309	PC	1.84230868743011
4005	604	PC	.986883569287862
4005	626	PC	4.7227465524354
4005	815	PC	.602676089275508
4005	1102	PC	1.1548346919651
4005	1120	PC	1.21301042290907
4005	1127	PC	1.25022406046555
4005	1130	PC	1.19677511164236
4005	1172	PC	3.13002034556091
4005	1273	PC	1.84478713454636
4005	1274	PC	1.84478713454636
4005	1275	PC	1.84478713454636
4005	1504	PC	1.83116766900936
5101	214	PC	.690705296697477
5101	301	PC	2.58046036819378
5101	626	PC	1.18068663810885
5101	706	PC	3.39436844748123
5101	904	PC	1.52486076234571
5101	1102	PC	.814158457835396
5101	1119	PC	.967103370030864
5101	1714	PC	1.10957531925364
5102	310	PC	1.47384694994409
5102	706	PC	2.90945866926963
5106	219	PC	.959683826294713
5106	220	PC	1.7461582264644
5106	233	PC	.852188854628618
5201	211	PC	1.47921561257056
5201	219	PC	2.33922932659336
5201	220	PC	1.7461582264644
5201	302	PC	1.22820579162008
5201	304	PC	.712359359139644
5302	111	PC	.868633079823789
5302	220	PC	1.62974767803344
5302	229	PC	1.21270381607727
5302	234	PC	1.37045712661789
5302	238	PC	2.31503169437283
5302	311	PC	1.83002662951391
5302	626	PC	15.1411254471079
5302	1172	PC	1.25200813822436
5402	626	PC	2.95171659527213
5402	1174	PC	1.25200813822436
5403	106	PC	1.85344873302859
5403	125	PC	6.85016134953255
5403	226	PC	.686993688485068
5403	237	PC	1.28793380008541
5403	302	PC	1.22820579162008
5403	305	PC	6.07716225693614
5403	436	PC	13.5632127324417
5403	542	PC	1.08296887003287
5403	626	PC	5.09112078352536
5403	1146	PC	.834793535265402
5403	1277	PC	1.22985808969757
5403	1671	PC	.772505370680745
5403	1674	PC	1.93126342670186
5404	125	PC	2.66499750200811
5404	624	PC	3.75982053680769
5404	1102	PC	1.1548346919651
5404	1235	PC	1.86293052394913
5404	1719	PC	1.25405173932553
5501	124	PC	1.796603984183
5501	403	PC	1.68002727109126
5501	626	PC	4.13240323338098
5501	706	PC	3.63682333658703
5605	104	PC	1.16366697776098
5605	106	PC	2.05114993121831
5605	122	PC	.70715434566062
5605	219	PC	3.00860879543392
5605	307	PC	3.07051447905019
5605	403	PC	6.89954140446695
5605	604	PC	1.09653729920874
5605	706	PC	1.21227444552901
5605	1525	PC	1.17756786958332
5700	302	PC	.695164478056963
5700	627	PC	1.1943334377809
5700	1677	PC	1.28750895113458
5700	1804	PC	1.47364566111607
5710	138	PC	1.16842267399336
5800	716	PC	2.5286475211062
5800	1275	PC	1.84478713454636
5840	1172	PC	3.7309842519086
5850	220	PC	1.92077404911084
5850	306	PC	1.28961608120108
5850	412	PC	1.70941465720802
5850	602	PC	1.20152548063255
5850	626	PC	.826480646676195
5850	904	PC	.790083296552184
5850	1014	PC	.751234417865522
5850	1121	PC	.734476870034311
5850	1535	PC	1.91121899269061
5850	1971	PC	1.29507064092393
6030	233	PC	.83697119651025
6030	302	PC	1.84476509901335
6030	304	PC	1.02555183600276
6030	426	PC	.949826048191587
6030	432	PC	.993388406736611
6030	1002	PC	.871794096600295
6030	1102	PC	1.73225203794765
