50	301	PC	12.5484787162876
50	602	PC	11.4164255498765
50	625	PC	35.6391594859622
51	403	PC	26.146245301844
52	104	PC	22.5155898714454
52	220	PC	73.6994358819866
52	301	PC	2.18786634054284
52	709	PC	89.7624956278703
56	104	PC	1.93417175033539
56	233	PC	2.07115247939842
57	1439	PC	7.01275959569289
58	104	PC	364.059079729152
58	106	PC	625.953672880256
58	111	PC	29.4663970879411
58	119	PC	218.896887921596
58	128	PC	.577938600056067
58	137	PC	1.84243599725073
58	215	PC	10.6991049656013
58	219	PC	31.1324627760729
58	220	PC	524.732486019513
58	230	PC	4.2775773467118
58	231	PC	21.221342374603
58	235	PC	2.09931472215039
58	301	PC	316.773546789158
58	602	PC	2.6567249765235
58	626	PC	74.5303747771144
58	709	PC	6302.51056234632
58	1004	PC	5.81114837688083
58	1034	PC	2.00103519817998
58	1101	PC	1.18610700423139
58	1106	PC	1.59771013978503
58	1127	PC	13.6505342180718
58	1146	PC	4.49474311156608
58	1271	PC	455.790178785666
58	1416	PC	75.38782388357
58	1438	PC	1.72167052450456
58	1439	PC	767.963521182135
58	1441	PC	1.74858075245652
58	1504	PC	8.54571439519821
58	1531	PC	4.65699938155435
58	1534	PC	2.89378107982304
58	1621	PC	22.2295923965541
58	1860	PC	24.0796436818619
60	402	PC	2.28025867505156
62	220	PC	14.8992082063339
62	301	PC	6.70597421888294
62	926	PC	1.26070965943159
62	1102	PC	.85666848182393
62	1173	PC	.612469077213622
62	1271	PC	2.57719833308836
62	1277	PC	3.72273458615248
62	1416	PC	1.96377262584125
104	4001	PC	6.3628894236606
104	4003	PC	123.412405235615
104	4004	PC	293.632766974555
104	4005	PC	1.55906474466907
104	5501	PC	1.48703641816424
104	6010	PC	4.87352951109297
104	6020	PC	87.7758098237496
105	58	PC	15.5398916898707
105	211	PC	83.1700837849161
105	231	PC	190.996651471702
105	309	PC	474.222171261748
105	412	PC	118.512558795991
105	519	PC	60.5645204292886
105	542	PC	4.39105405174196
105	602	PC	170.073071986705
105	617	PC	144.439443553487
105	709	PC	306.320820919667
105	906	PC	95.7327251056315
105	926	PC	7.08699947635371
105	1072	PC	61.694242641833
105	1102	PC	148.873165313652
105	1106	PC	29.1555847046549
105	1122	PC	4.94743437444619
105	1124	PC	31.2369057331625
105	1274	PC	489.17630224815
105	1276	PC	17.5579399219023
105	1439	PC	12.8025207435519
105	1502	PC	3.29127539199893
105	1528	PC	48.3241351694593
105	1531	PC	6.57728909796718
105	1554	PC	.87873783430277
105	1566	PC	19.3885496239062
105	1673	PC	6.656537587604
105	1719	PC	13.6506228276518
105	1804	PC	4.35173234459014
105	1870	PC	9.76984355864025
105	1901	PC	.745032675128048
105	1931	PC	23.3401906895365
105	1973	PC	6.4356321355712
106	58	PC	81.5128508900403
106	211	PC	450.694971218434
106	230	PC	282.537731564485
106	235	PC	99.830640188496
106	305	PC	33.9769964272854
106	309	PC	520.628753314433
106	412	PC	331.273951910564
106	542	PC	74.4354471035319
106	626	PC	361.950968167477
106	709	PC	318.055287771603
106	926	PC	162.076651758073
106	1122	PC	195.128162418518
106	1172	PC	34.3614793140357
106	1245	PC	6.12283538338018
106	1274	PC	5.19069069069021
106	1275	PC	7.32092425065331
106	1276	PC	314.437041917148
106	1502	PC	37.6050630075006
106	1514	PC	4.57194060271038
106	1531	PC	79.5370100492902
106	1534	PC	27.8973411179644
106	1653	PC	5.74575590810297
106	1671	PC	2.31893727933545
106	1673	PC	102.100083189049
106	1674	PC	1.43511590117364
106	1677	PC	72.4258491728188
106	1804	PC	1.36531361306105
106	1805	PC	2.57601130552973
106	1928	PC	17.556002531552
106	1971	PC	10.454034652914
106	1973	PC	62.9814857519004
106	4001	PC	3.0825788121809
106	5201	PC	4.16090413449436
106	5810	PC	1.43391868341898
106	5860	PC	1.04830770092144
106	5880	PC	4.50610678050263
106	6020	PC	25.319863644172
111	52	PC	5.64562186949984
111	58	PC	204.91529243265
111	62	PC	245.736948478002
135	230	PC	2.01529591092487
135	1860	PC	1.58345954579939
137	230	PC	200.104953411669
137	235	PC	44.3869099026805
137	309	PC	51.537925171278
137	1127	PC	1.2005059280187
137	1172	PC	42.9619096382725
137	1274	PC	24.1787624513028
137	1275	PC	26.6069572770738
137	1674	PC	1.33527428009522
137	1677	PC	51.1694542415996
137	1805	PC	6.45822644533274
137	1971	PC	24.3554637169335
211	542	PC	1.85519466232973
217	52	PC	108.652336865701
217	58	PC	23.3785554660162
217	4001	PC	2.9333733988566
217	4004	PC	18.2297346449371
217	5605	PC	1.44516767912708
219	123	PC	55.8882206239354
219	301	PC	19.7078902104228
219	4001	PC	1.5892901577062
219	5101	PC	.884450858312524
219	5403	PC	2.57171095724718
219	5700	PC	5.44277451269245
219	5860	PC	1.07494796625676
219	5870	PC	.938878603439448
219	5920	PC	.539741805842002
219	6000	PC	627.198120970115
219	6010	PC	2.0954681873866
219	6020	PC	10.5272330366327
219	6030	PC	36.1354871188507
219	6040	PC	1.46954911842696
220	58	PC	24.086091476835
226	230	PC	3.81782910653308
226	1547	PC	1.92374689882265
230	226	PC	290.558448856124
230	230	PC	2210.11775084868
230	231	PC	14.4281298259522
230	235	PC	28.3823074369083
230	301	PC	26.7852270282884
230	305	PC	1.05073819518267
230	306	PC	19.6659981476553
230	309	PC	11.9755497754592
230	312	PC	1.8301948927
230	544	PC	7.1275226646969
230	626	PC	20.3114736208107
230	706	PC	1.03148573887002
230	709	PC	3.29441324567629
230	1002	PC	1.02297644835924
230	1071	PC	13.9626423979862
230	1072	PC	8.02201869634028
230	1074	PC	1.30601947095009
230	1101	PC	58.2481438981047
230	1119	PC	4.20728173011014
230	1124	PC	3.09032651710074
230	1127	PC	10.0571871411127
230	1146	PC	3.22542063219642
230	1149	PC	1.99739308256076
230	1238	PC	.825690366063654
230	1243	PC	2.74696644272006
230	1245	PC	104.406426788377
230	1271	PC	95.8654607934078
230	1274	PC	8.01636727904487
230	1277	PC	1.03205587568183
230	1439	PC	6.2820779020547
230	1511	PC	22.1193112055269
230	1525	PC	164.691388683387
230	1528	PC	5.4945786234744
230	1531	PC	1.42102749219908
230	1532	PC	21.8791869730057
230	1534	PC	53.9742289720325
230	1545	PC	13.993632705134
230	1547	PC	67.2280984283592
230	1554	PC	2.47737758624818
230	1617	PC	31.4072072365276
230	1620	PC	69.4366367716651
230	1671	PC	6.19219453553821
230	1674	PC	2.07574697156706
230	1677	PC	6.73391142488591
230	1805	PC	.811686637419411
230	1851	PC	3.29713118842033
230	1971	PC	.769308994065117
230	1972	PC	.745328040384783
231	230	PC	63.8494127952997
231	231	PC	3.14166471989558
231	235	PC	316.09811172964
231	309	PC	16.9588476050904
231	709	PC	1.1847216864259
231	1072	PC	27.7676211841641
231	1074	PC	2.94148529493263
231	1102	PC	.716782184761641
231	1127	PC	104.01546738346
231	1172	PC	6.88757203915586
231	1245	PC	21.5112636479077
231	1263	PC	.740528923700406
231	1271	PC	4.75090040269847
231	1273	PC	2.39218882769255
231	1274	PC	14.2096590260698
231	1277	PC	28.8000022398331
231	1503	PC	.936647959185262
231	1504	PC	.732124342056839
231	1671	PC	.959269463946572
231	1674	PC	35.1465116748692
231	1677	PC	.620821573744128
231	1804	PC	15.1726629387926
231	1971	PC	9.66240585688021
231	2004	PC	.751477762753996
235	230	PC	53.7804212682231
235	235	PC	1.05192705671043
235	301	PC	3.12435821260471
235	309	PC	1.23920210001701
235	1245	PC	28.4707500799859
235	1547	PC	1.06577343621297
235	1620	PC	.73121892719508
237	1523	PC	.723826240899777
237	6000	PC	34.3529784659439
301	50	PC	62.3284811272892
301	56	PC	26.4891669020049
301	58	PC	63.8419144329541
301	101	PC	10.0195287973316
301	104	PC	4.10600210397843
301	105	PC	9.91433281048707
301	106	PC	20.0918489543508
301	124	PC	5.65043492630513
301	136	PC	3.33152000961696
301	211	PC	232.164053850908
301	213	PC	82.7821865393302
301	214	PC	47.7756804135361
301	216	PC	6.31034278932376
301	217	PC	18.7925458843265
301	219	PC	43.9508741164059
301	220	PC	20.1317575449614
301	227	PC	1.06135918998817
301	229	PC	2.80164718387585
301	230	PC	86.0119564407381
301	231	PC	63.4614437031094
301	233	PC	1.67812593007994
301	235	PC	112.56980835409
301	301	PC	19.5803073997986
301	302	PC	5.97414295443682
301	303	PC	17.4477055108501
301	304	PC	4.77452434916381
301	305	PC	14.0266666615751
301	306	PC	235.927832410667
301	308	PC	4.83189396451024
301	309	PC	120.566464651162
301	310	PC	2.66491116447963
301	311	PC	17.3517129496044
301	312	PC	8.04077098744647
301	402	PC	2.66553468828464
301	412	PC	15.4779403806728
301	438	PC	.479390221542521
301	522	PC	5.7270804726644
301	542	PC	4.32537028698084
301	602	PC	24.4713971323546
301	604	PC	5.92321411848777
301	605	PC	4.76563208976673
301	617	PC	2.27704776247628
301	623	PC	2.29158469191615
301	624	PC	.827831260376178
301	625	PC	4.90173860255323
301	626	PC	29.9853151555433
301	627	PC	5.02491475850798
301	701	PC	9.4805821685393
301	702	PC	3.74261692697615
301	704	PC	17.1359703581494
301	709	PC	35.8527397371728
301	713	PC	2.23783583932607
301	716	PC	4.08146986179744
301	719	PC	1.11714618896941
301	720	PC	561.181495160815
301	722	PC	5.13966130563573
301	723	PC	.895756452684753
301	807	PC	3.18303024791428
301	826	PC	1.81801404848429
301	926	PC	12.3887835984976
301	1004	PC	13.3413725612813
301	1071	PC	24.7641427147672
301	1072	PC	.749621127143849
301	1102	PC	43.677838784798
301	1122	PC	25.8678404176618
301	1124	PC	25.5194254023998
301	1127	PC	11.4631738080843
301	1172	PC	6.85148100873981
301	1216	PC	19.4516870332013
301	1235	PC	8.41228639440497
301	1245	PC	17.9459168903723
301	1271	PC	117.206535544308
301	1274	PC	4.72631382267139
301	1276	PC	34.4388310127977
301	1277	PC	54.8123944643932
301	1401	PC	14.1611388716174
301	1420	PC	1.59570006221338
301	1439	PC	5.47407365270889
301	1502	PC	13.5856337485636
301	1503	PC	14.753233293425
301	1504	PC	10.230120826237
301	1515	PC	.625437625285695
301	1517	PC	1.07569367940715
301	1519	PC	2.30929510789705
301	1520	PC	.869235679487552
301	1525	PC	2.51632837101415
301	1531	PC	23.2615171949115
301	1547	PC	1.54906576328201
301	1671	PC	4.63694063761913
301	1673	PC	16.8465738986738
301	1674	PC	17.3727339965295
301	1677	PC	83.8071301153713
301	1805	PC	25.4133980171424
301	1833	PC	24.7883877091019
301	1865	PC	14.2543994941911
301	1972	PC	.589527470641967
301	1973	PC	10.0923039910713
301	2002	PC	1.13627684965456
301	2030	PC	.694231707019447
301	4001	PC	4.81801551202054
301	4002	PC	2.10037004641244
301	4004	PC	13.4575376362637
301	5101	PC	.746798238724423
301	5403	PC	62.1546171623361
301	5501	PC	10.8519119064643
301	5700	PC	7.42364124181997
301	5720	PC	2.2625652888854
301	5800	PC	24.4984828469051
301	5840	PC	611.097997514707
301	5850	PC	62.0799373384637
301	5860	PC	2.17038238129286
301	6000	PC	70.3974027222569
301	6020	PC	136.402698303016
301	6030	PC	.997675772045909
301	6040	PC	4.92770150333319
305	211	PC	2.24789752712179
305	230	PC	1.2620024085027
305	1677	PC	2.96915817395231
306	230	PC	34.0011493348593
306	301	PC	.760682164103358
306	706	PC	5.49159452372778
306	1245	PC	11.163787198286
306	1246	PC	1.05701321626578
306	1511	PC	4.86862903274972
306	1532	PC	10.3107429795724
306	1534	PC	2.9369914445519
306	6000	PC	292.756578302454
309	101	PC	38.4490036458353
309	104	PC	24.8632029868792
309	105	PC	44.8872425027539
309	106	PC	104.243328771898
309	124	PC	25.575069680774
309	136	PC	17.851222746061
309	213	PC	90.925487352451
309	216	PC	37.1401189931116
309	217	PC	39.8899334943746
309	219	PC	243.875275890931
309	220	PC	886.223475930184
309	227	PC	5.27635125295516
309	230	PC	54.0273887989231
309	231	PC	104.637340634723
309	233	PC	9.33267710408005
309	235	PC	34.9784491725869
309	301	PC	54.1975947563171
309	302	PC	33.9061516783961
309	303	PC	99.5539477568924
309	304	PC	26.032514459328
309	305	PC	83.6790277271748
309	306	PC	1974.08054480474
309	308	PC	27.0763554517531
309	309	PC	96.7659574972352
309	311	PC	91.8114290700918
309	312	PC	25.3963774760898
309	402	PC	14.3678267398278
309	403	PC	4.21112798618984
309	427	PC	3.23749138290856
309	502	PC	69.02393492188
309	534	PC	1.63735169705362
309	542	PC	.621511150713314
309	602	PC	113.528958856253
309	604	PC	31.248027632928
309	605	PC	28.9605565865536
309	617	PC	11.2632438763457
309	623	PC	13.0288692278016
309	624	PC	3.74807259572381
309	625	PC	18.7841131743678
309	626	PC	25.960814204114
309	627	PC	29.3481353246046
309	701	PC	51.3212755776422
309	702	PC	16.3492983127909
309	704	PC	91.8452970846735
309	706	PC	32.6986845941989
309	709	PC	39.0219503565449
309	713	PC	13.3005722314125
309	716	PC	24.9134487081427
309	719	PC	5.72618551870231
309	720	PC	18.6103081392275
309	722	PC	17.7238625705628
309	723	PC	11.0550672758086
309	728	PC	.872155585451639
309	805	PC	24.69581720633
309	806	PC	38.0504873920794
309	807	PC	18.449892479599
309	814	PC	11.1380233562204
309	815	PC	3.52455427889023
309	821	PC	8.85747227435565
309	826	PC	11.0465040554014
309	828	PC	3.5842319353998
309	1124	PC	20.9693181223942
309	1271	PC	48.7623007337585
309	1401	PC	7.47600890771864
309	1504	PC	18.6817895959691
309	1515	PC	2.91453754097588
309	1520	PC	4.09089099829624
309	1531	PC	23.4741365484343
309	1532	PC	5.40072622751129
309	1547	PC	2.28292114095688
309	1833	PC	197.110424823238
310	1271	PC	84.9524612741703
402	52	PC	7.53600139474787
402	59	PC	2.0676105521607
402	235	PC	813.24413970923
402	309	PC	1043.07417837915
402	4004	PC	4.72368610427447
402	6030	PC	2.71879953466691
403	301	PC	.527691927179305
403	519	PC	.546283372972911
403	542	PC	.473583704324241
403	1274	PC	.820902555283079
403	1971	PC	1.03979492949285
412	301	PC	20.715677369839
542	211	PC	16.620941263889
542	230	PC	7.84600937221507
542	309	PC	7.22045508918247
542	412	PC	18.0470866196295
542	542	PC	4.07853913177673
542	625	PC	4.88023861130409
542	626	PC	4.6051867595659
542	709	PC	2.53052586404237
542	1274	PC	2.41428164527685
542	1432	PC	8.08196752425593
542	1673	PC	1.37318338982938
624	1149	PC	7.54500594015325
625	211	PC	2.18439909228183
625	412	PC	.695523169454114
625	542	PC	.591951651427803
625	709	PC	4.10747353980045
625	926	PC	.720345145976449
625	1276	PC	2.83037217303156
626	58	PC	9.27715508333969
704	6030	PC	268.771121119782
706	309	PC	102.293920952393
706	704	PC	89.1220952374144
706	706	PC	924.688426682713
706	709	PC	479.313731772588
706	723	PC	183.277808366207
706	805	PC	316.00037258235
706	806	PC	814.558771556753
706	1871	PC	159.055102407262
709	106	PC	17.9910821503068
709	230	PC	7.75492903243503
709	235	PC	7.62678624622034
709	709	PC	1.57351703121098
709	1271	PC	1.58389810388588
709	1534	PC	58.7247564365215
716	1534	PC	6.28586941912244
716	1860	PC	1.6378372399328
814	211	PC	19.8717380419361
814	235	PC	3.96290361595832
814	305	PC	1.12605969554974
814	309	PC	.563029847774868
815	101	PC	1.17815192355934
815	104	PC	.577129834914616
815	105	PC	1.48182023756085
815	106	PC	2.01452157888115
815	125	PC	.851074643730314
815	213	PC	1.47811199117727
815	219	PC	2.40543209094012
815	220	PC	1.19750416445513
815	221	PC	.594251714722004
815	230	PC	.95343670348965
815	231	PC	2.01934279217953
815	235	PC	1.07359598992619
815	301	PC	3.25000043530662
815	302	PC	2.15498051158052
815	303	PC	.841424060920809
815	304	PC	1.74595492641068
815	305	PC	1.55546586817444
815	306	PC	1.10320043542951
815	307	PC	.725728252544198
815	403	PC	1.94905123770595
815	501	PC	2.5814317410406
815	502	PC	1.22022016591471
815	520	PC	.642766326379566
815	532	PC	2.38825586006399
815	602	PC	1.06077799165914
815	604	PC	.795263553574505
815	620	PC	1.15882748893128
815	623	PC	.865661560142473
815	625	PC	.612988738380473
815	704	PC	2.0730651125126
815	706	PC	4.98563140481342
815	709	PC	2.06658217057466
815	711	PC	2.59969634101941
815	723	PC	1.18656872743516
815	806	PC	4.00617103278423
815	815	PC	1.25798377690059
815	834	PC	.492637897812702
815	904	PC	1.01099359086806
815	906	PC	1.25240522414312
815	1018	PC	1.35075777010893
815	1032	PC	.594818849440453
815	1071	PC	2.72319698105607
815	1072	PC	.911886708378043
815	1074	PC	1.75003314762757
815	1102	PC	3.28243250860331
815	1106	PC	.835090765116604
815	1124	PC	.63050287373824
815	1149	PC	1.00468814873003
815	1172	PC	14.1610092525226
815	1173	PC	2.32182683942718
815	1224	PC	.903565776165321
815	1271	PC	2.52021442411771
815	1274	PC	1.45761806140014
815	1275	PC	1.37357089146768
815	1277	PC	.911311456839132
815	1504	PC	6.38600199148021
815	1634	PC	.621083996345015
815	1640	PC	1.24274670254701
815	1671	PC	3.80367981045141
815	1677	PC	1.05756242011619
815	1702	PC	1.80014618464372
815	1714	PC	2.64302101349438
815	1719	PC	1.07766467566682
815	1804	PC	7.59426939866704
815	1833	PC	1.09384996124408
815	1837	PC	1.0791684022447
815	1841	PC	.748223604713841
815	1860	PC	.644436497143784
815	1871	PC	.993244421156291
815	1901	PC	.861640430175071
815	1931	PC	.610505226514063
815	1971	PC	1.94180487326504
815	1972	PC	2.12523650088394
815	2003	PC	.59292383458017
815	2004	PC	1.09492588567183
822	4001	PC	1.06315528814593
822	4004	PC	.678532555915659
906	301	PC	22.3833447052172
906	5605	PC	.67824189559457
1002	58	PC	46.5365041979136
1004	50	PC	124.151569371466
1004	52	PC	2.72195888999561
1004	58	PC	373.774445758033
1004	135	PC	.692489222787154
1004	211	PC	16.7678612769768
1004	235	PC	37.8693702068711
1004	309	PC	25.4552425167693
1004	709	PC	7.52317002229448
1004	814	PC	1.44809800848124
1004	1124	PC	45.2952715048648
1004	1127	PC	79.5268133055745
1004	1146	PC	1.6221964935989
1004	1172	PC	32.8546691943088
1004	1275	PC	6.51750666205578
1004	3001	PC	9.98051592998389
1004	4001	PC	16.6341932166398
1029	1004	PC	1.9283519006997
1029	1172	PC	1.96913961858488
1029	1401	PC	.871953353170368
1034	50	PC	4.92775635229104
1034	55	PC	3.12187293273799
1034	56	PC	5.14548697734354
1034	58	PC	504.034656619686
1034	3001	PC	8.00565079232973
1034	4001	PC	1.13698396317591
1034	4004	PC	1.14798703378729
1034	4005	PC	.557488910976575
1034	5501	PC	1.28992737862902
1071	235	PC	40.7098723465157
1071	301	PC	19.4122824200868
1071	305	PC	8.30624894919701
1071	309	PC	72.0140270881612
1071	706	PC	8.53205040716333
1071	806	PC	2.69548745108145
1071	815	PC	2.108016257294
1071	901	PC	6.40806111332711
1071	904	PC	16.9954067386821
1071	906	PC	95.1488299796642
1071	914	PC	34.5437158068226
1071	926	PC	42.6217989961171
1071	1002	PC	58.7111343676324
1071	1004	PC	6.03267279205375
1071	1014	PC	2.32544952810963
1071	1018	PC	8.35585749076805
1071	1029	PC	2.05986637813067
1071	1032	PC	2.38971981850764
1071	1034	PC	.629781554830515
1071	1071	PC	196.248403061467
1071	1072	PC	120.74963826596
1071	1074	PC	23.2028211331889
1071	1075	PC	1.60637895435361
1071	1102	PC	1.23675803329567
1071	1119	PC	10.1378248197087
1071	1124	PC	8.55379644591492
1071	1149	PC	.967499738851626
1071	1172	PC	33.5121362980731
1071	1271	PC	4.19133640463677
1071	1273	PC	1.13547773395871
1071	1275	PC	5.55558646190817
1071	1531	PC	2.11135658293297
1071	1671	PC	7.12869442059873
1071	1833	PC	352.153204899527
1074	211	PC	10.3069734452451
1074	220	PC	7.94474149272098
1074	231	PC	8.08571346661585
1074	301	PC	162.812513253085
1074	306	PC	.719788294405648
1074	309	PC	124.822087074355
1074	706	PC	40.2779417268709
1074	720	PC	1.61918063339909
1074	814	PC	20.4770429188478
1074	1106	PC	4.03353743497962
1074	1119	PC	.935472095973424
1074	1124	PC	7.4655884077368
1074	1127	PC	190.465618084813
1074	1271	PC	5.23599479268811
1074	1274	PC	25.9162385510547
1074	1674	PC	1.47208733068276
1074	1931	PC	3.01011594886334
1101	50	PC	9.36360564892374
1101	52	PC	16.1092801326898
1101	54	PC	7.86764498311935
1101	58	PC	56.2531999130484
1101	214	PC	136.062146105193
1101	216	PC	.719762939531266
1101	219	PC	16.7935208317815
1101	220	PC	3.27392475981702
1101	231	PC	17.0659658027782
1101	301	PC	442.620165615155
1101	309	PC	37.683449217531
1101	706	PC	562.774996027654
1101	709	PC	2203.57403438943
1101	1034	PC	5.41292588813116
1101	1071	PC	76.7709737775587
1101	1074	PC	225.977631644797
1101	1106	PC	150.590066820396
1101	1120	PC	26.3728188775504
1101	1122	PC	564.788747785451
1101	1124	PC	8015.8718108099
1101	1127	PC	55.1654951117336
1101	1142	PC	72.1113887219819
1101	1149	PC	103.719488927154
1101	1172	PC	286.535031063095
1101	1173	PC	570.204434121296
1101	1175	PC	1465.67748560999
1101	1246	PC	135.785645729935
1101	1271	PC	675.354145379586
1101	1273	PC	23.9260596011489
1101	1274	PC	38.5465361334051
1101	1275	PC	48.4476632838612
1101	1277	PC	251.805419560249
1101	1439	PC	.732877291473316
1101	1972	PC	3924.199339016
1101	2025	PC	517.200388431826
1101	4001	PC	4297.51638552699
1101	4004	PC	8.07772587908879
1101	5102	PC	8.39861867622893
1101	5103	PC	1.24663388817032
1101	5605	PC	1.80069339402379
1102	231	PC	.724287831431019
1102	1102	PC	6.41890215497384
1106	50	PC	6.28746714787233
1106	58	PC	4.82346791656041
1106	61	PC	.992150779297286
1106	106	PC	26.3495865566856
1106	211	PC	20.8611817226946
1106	215	PC	5.60202271188365
1106	219	PC	.890784798822145
1106	235	PC	21.9605421843765
1106	301	PC	1115.78662959261
1106	306	PC	1290.78286299234
1106	309	PC	42.4012701282718
1106	402	PC	1.44956367530234
1106	403	PC	23.9236428931354
1106	605	PC	11.3075099317944
1106	623	PC	5.9074374940196
1106	704	PC	158.857388474442
1106	706	PC	28.1637165359426
1106	806	PC	1.18599501128084
1106	814	PC	92.1116437629134
1106	1002	PC	2.80523650582896
1106	1032	PC	9.35579233520201
1106	1071	PC	21.1106214240456
1106	1072	PC	36.9435874920797
1106	1172	PC	6.10772243894811
1106	1274	PC	.838710159055203
1106	1275	PC	2.58479687604483
1106	1401	PC	9.90907687026484
1106	1422	PC	25.5395660070109
1106	1439	PC	67.086458707233
1106	1443	PC	2.48674423311252
1106	1502	PC	6.1242675763085
1106	1503	PC	10.3592713408797
1106	1504	PC	23.0041940715258
1106	1528	PC	67.3484507188124
1106	1531	PC	3.48507594072463
1106	1548	PC	1.04724188429492
1106	1554	PC	7.46440910233307
1106	1671	PC	48.3428613772953
1106	1674	PC	.81196020401142
1106	1805	PC	3.10988196899623
1106	1919	PC	2.06646781732662
1106	1926	PC	9.49685239500659
1106	1971	PC	28.9851433124182
1106	1974	PC	7.72937154997819
1106	3001	PC	38.1401218181026
1106	4001	PC	9.02626476421158
1106	4004	PC	.656434643511809
1119	50	PC	7.12235516885117
1119	52	PC	.892499186587095
1119	58	PC	5.25151695296175
1119	1124	PC	190.203389682781
1124	135	PC	4.52833856263988
1124	226	PC	2.92522854583663
1124	301	PC	25.4091713767626
1124	309	PC	16.5320371639096
1124	1071	PC	1.69093869540786
1124	1074	PC	32.0866207286365
1124	1106	PC	7.2650446853929
1124	1119	PC	21.3730344702519
1124	1124	PC	16.2981503481172
1124	1127	PC	5.82418665240884
1124	1146	PC	8.84076982992382
1124	1172	PC	6.2618841455536
1124	1224	PC	8.77152953162963
1124	1271	PC	65.8124797290128
1124	1273	PC	1.91577776794079
1124	1274	PC	.642027729654175
1124	1662	PC	.936360346080397
1133	235	PC	10082.573646426
1133	305	PC	24.5855246231652
1133	602	PC	25.5635551324596
1133	1004	PC	.668008322900824
1133	1071	PC	2.39272977210726
1133	1074	PC	31.6847795085362
1133	1133	PC	5.68724954949796
1133	1245	PC	18.1587906460221
1133	5106	PC	.751769764326954
1133	5403	PC	45.9229233813551
1133	5605	PC	1.74600848041985
1133	5860	PC	2.40148674715555
1133	5870	PC	.879385002098504
1141	235	PC	42.2088505963719
1142	1124	PC	2.9527991375898
1142	1539	PC	7.46935149974803
1142	1702	PC	17.8745588151033
1142	2025	PC	3.10220288877051
1144	214	PC	45.8569017189519
1144	227	PC	55.9913574343052
1144	1014	PC	129.017777969573
1144	1121	PC	98.3924003988465
1144	1554	PC	57.745473316252
1144	1841	PC	59.6562882310116
1149	105	PC	4.49717414054579
1149	211	PC	2278.58021084223
1149	213	PC	541.956880189382
1149	214	PC	584.055357813064
1149	230	PC	754.443943014178
1149	231	PC	.688917227670262
1149	235	PC	1670.30525265563
1149	306	PC	4.75599105369778
1149	309	PC	564.842907219584
1149	412	PC	35.4184875599245
1149	542	PC	7.26218794984599
1149	626	PC	19.5590982041937
1149	704	PC	11.175130981049
1149	706	PC	1.12595449020277
1149	709	PC	59.7936000587931
1149	926	PC	24.0504560848329
1149	1072	PC	102.422294620899
1149	1101	PC	9.68129874288414
1149	1102	PC	367.7927127493
1149	1122	PC	23.1435153782955
1149	1124	PC	523.687031061214
1149	1172	PC	549.811079777557
1149	1173	PC	5.00461611541985
1149	1271	PC	3.63520946081926
1149	1274	PC	68.3296687319325
1149	1275	PC	220.953326884171
1149	1276	PC	51.6957937420121
1149	1277	PC	429.238200410434
1149	1401	PC	.728368227680292
1149	1439	PC	9.17822215942041
1149	1502	PC	10.1951498911818
1149	1503	PC	2.52665154655602
1149	1504	PC	1.79223904653121
1149	1531	PC	11.0555437698835
1149	1554	PC	293.6257923435
1149	1673	PC	19.6692737494451
1149	1677	PC	1179.37857958296
1149	1702	PC	2.02540024731021
1149	1805	PC	153.854525780833
1149	1870	PC	.686339395251554
1149	1929	PC	1.37665328663717
1149	1971	PC	466.551460876787
1149	1972	PC	47.7808010362167
1149	1973	PC	13.2347130535945
1149	4001	PC	1.1052098215893
1149	4004	PC	2.20811231578489
1149	5101	PC	14.9387912106053
1149	5104	PC	2.28425411977747
1149	5201	PC	3.44714712620964
1149	5501	PC	29.7668307063123
1149	5605	PC	17.4549317334511
1149	5700	PC	50.370110668487
1149	5790	PC	.78449131386297
1149	5820	PC	.927545612273276
1149	5840	PC	1.41208436495335
1149	5880	PC	3.85554407489713
1149	5910	PC	6.27593051090376
1149	6000	PC	554.103519936869
1149	6020	PC	26.7903783684204
1149	6040	PC	1.03829732717158
1173	5770	PC	3.48041557558775
1175	6000	PC	10.7034380334575
1219	230	PC	31.6370536737084
1219	235	PC	30.3265101826492
1219	1071	PC	1.44075553709623
1219	1106	PC	.922112300121393
1219	1274	PC	.685273527346432
1219	1275	PC	1.01812408945435
1222	1149	PC	4.06783351473868
1223	831	PC	1.80691050728836
1223	1223	PC	.971876948361632
1223	1244	PC	93.4958025492558
1223	1245	PC	974.466341575506
1223	1271	PC	2186.72594968807
1223	1439	PC	1.21230890157922
1224	235	PC	46.4155220326947
1224	1071	PC	1.14677879340648
1224	1275	PC	1.32757156402689
1238	230	PC	24.3449685060912
1241	104	PC	36.3439696965203
1241	302	PC	.914001509494841
1241	1141	PC	2.95308650326465
1241	1224	PC	10.8325965399753
1241	1241	PC	6.23056194187117
1241	1243	PC	1.93118467953028
1241	1271	PC	1.326573206607
1241	1401	PC	.735537000603331
1241	1671	PC	61.6218462905133
1241	1833	PC	1.35724983107604
1243	1251	PC	12.8875708967458
1243	1439	PC	14.1090109561889
1244	106	PC	4.65723280526104
1244	230	PC	2.37716672592753
1244	1244	PC	7892.27274240474
1244	1503	PC	6.26041090746872
1245	58	PC	1.28775203335787
1245	106	PC	398.575681054117
1245	211	PC	6.47204399258282
1245	217	PC	5.74996214278624
1245	219	PC	.699391591751225
1245	226	PC	2.64636084983453
1245	228	PC	39.8412290172709
1245	230	PC	669.172695729034
1245	231	PC	163.738017248282
1245	235	PC	6567.77469662305
1245	301	PC	530.643827743224
1245	305	PC	45.7770188697897
1245	306	PC	60.5334238939321
1245	308	PC	1.63277707565444
1245	309	PC	128.164875981012
1245	310	PC	309.44088621225
1245	534	PC	18.7477465910322
1245	709	PC	574.881148553593
1245	1072	PC	75.0721964650321
1245	1102	PC	6.03370301650814
1245	1124	PC	18.3416466353647
1245	1127	PC	121.346710474384
1245	1146	PC	1.32549356621825
1245	1149	PC	1.29845312185757
1245	1172	PC	28.3160540099895
1245	1173	PC	2.18232847170135
1245	1245	PC	95.8829985769637
1245	1271	PC	153.598441436478
1245	1274	PC	227.491039049095
1245	1275	PC	26.2934038831287
1245	1277	PC	14.0683630756806
1245	1511	PC	71.4708905246579
1245	1525	PC	16.509639892572
1245	1531	PC	3.60363671524609
1245	1532	PC	221.89058321193
1245	1539	PC	4.42463334820791
1245	1545	PC	3.97838616769752
1245	1671	PC	32.9514516556844
1245	1674	PC	33.302742030063
1245	1804	PC	4.75210018036539
1245	1813	PC	4.64960913264278
1245	1851	PC	.722686588971264
1245	1865	PC	4.59653926744642
1245	1901	PC	.676364607317937
1245	1971	PC	86.657383855562
1245	4001	PC	2.33883612544997
1245	5700	PC	8.81936122305095
1245	6020	PC	12.853157457272
1246	1401	PC	1.45977385175605
1246	1439	PC	21.9689935523046
1246	1504	PC	1.07939539800501
1246	1750	PC	4.00560418716145
1246	1870	PC	1.55756774091306
1246	1901	PC	8.94089385851709
1246	1971	PC	3.73213039967068
1246	1972	PC	4.12805441863997
1246	4001	PC	5.68235086431249
1247	106	PC	12.9724885187983
1253	50	PC	1.19262080206477
1253	211	PC	23.26262790818
1253	309	PC	168.6706271125
1253	1172	PC	49.2372214449948
1253	5730	PC	240.438386408486
1253	6020	PC	56.6610894677464
1260	432	PC	39.7391655313101
1260	541	PC	81.6120832765058
1260	543	PC	53.1796595812753
1260	605	PC	38.7224606573497
1260	706	PC	72.1306974832406
1260	822	PC	71.8365798877949
1260	826	PC	49.2366086999042
1260	1046	PC	48.8725144157109
1260	1130	PC	52.5222784406461
1260	1173	PC	59.4522224163039
1260	1243	PC	36.4203195254701
1260	1516	PC	70.1084408048904
1260	1644	PC	85.0687695533448
1260	1740	PC	51.3370348727892
1260	1804	PC	39.4958275052159
1260	1852	PC	56.7453541473906
1260	1929	PC	39.7093524825304
1260	2004	PC	42.2172376501446
1260	2015	PC	41.6908210476429
1260	2018	PC	49.8088069428862
1271	50	PC	8.63489944529968
1271	52	PC	4.13936869821702
1271	58	PC	35.8783958411041
1271	104	PC	1.04450034253635
1271	230	PC	241.179307171348
1271	235	PC	2.40041356665288
1271	301	PC	267.956149856101
1271	306	PC	5.81137691788615
1271	402	PC	.937725820109571
1271	602	PC	96.2642689407056
1271	617	PC	6.0377918033016
1271	618	PC	1.46579540772769
1271	706	PC	1.18127890859976
1271	709	PC	24.0650164861543
1271	1002	PC	3.73017142014543
1271	1071	PC	1.82539849809102
1271	1072	PC	1.12309318362275
1271	1074	PC	23.4807759389425
1271	1106	PC	16.7870578751581
1271	1122	PC	5.22281514216987
1271	1124	PC	32.511026215468
1271	1127	PC	67.9581991828884
1271	1173	PC	7.5436786133869
1271	1219	PC	1.30019146697489
1271	1221	PC	70.633875033218
1271	1222	PC	4.1041532497191
1271	1223	PC	4.01681793677584
1271	1224	PC	24.8421242693106
1271	1227	PC	.641048479163814
1271	1228	PC	2.88340730742524
1271	1231	PC	5.47233541522264
1271	1232	PC	2.53769076043479
1271	1233	PC	9.41378165098136
1271	1235	PC	93.9002066984584
1271	1238	PC	31.7719806296699
1271	1243	PC	55.7002545375305
1271	1244	PC	24.5584796715563
1271	1245	PC	53.0912708942723
1271	1246	PC	83.5882266660674
1271	1247	PC	47.5867806793812
1271	1251	PC	3.46013234239157
1271	1253	PC	7.55417274269617
1271	1256	PC	3.05303028554141
1271	1259	PC	5.49375856364645
1271	1260	PC	10.3078607861554
1271	1263	PC	31.5069852923157
1271	1271	PC	616.055777627094
1271	1272	PC	164.394409870483
1271	1273	PC	284.442381104315
1271	1274	PC	124.373720426048
1271	1275	PC	206.987687431498
1271	1276	PC	88.6200181617608
1271	1277	PC	161.632595303313
1271	1417	PC	9.23983337333108
1271	1419	PC	2.63091501786018
1271	1420	PC	39.7651667141056
1271	1421	PC	7.57948842798364
1271	1422	PC	7.12883889324031
1271	1430	PC	.977747484440373
1271	1439	PC	33.0460728160224
1271	1449	PC	1.10164355560482
1271	1504	PC	4.46964068142207
1271	1515	PC	59.0701126188446
1271	1520	PC	.844041436837165
1271	1523	PC	23.2120923708159
1271	1532	PC	1.09722487721182
1271	1653	PC	1.62074904437549
1271	1671	PC	2.31170798232684
1271	1702	PC	46.9598826464218
1271	1833	PC	73.0784611761793
1271	1971	PC	25.4161966588312
1271	1972	PC	4.94176329198178
1271	1973	PC	13.9022768255875
1271	4001	PC	27.1356036578745
1271	4004	PC	9.21032738092626
1271	4005	PC	17.1085398521879
1271	5101	PC	8.3147016424107
1271	5104	PC	1.84229750357865
1271	5106	PC	1.71352230024286
1271	5201	PC	435.608228365058
1271	5302	PC	1.21814381533853
1271	5403	PC	83.2235854639283
1271	5404	PC	14.7963868769787
1271	5501	PC	16.3300879473382
1271	5605	PC	18.264036271309
1271	5700	PC	104.197701690124
1271	5720	PC	.973354915303833
1271	5750	PC	3.42008377868379
1271	5760	PC	89.0219500249396
1271	5790	PC	11.4737546035219
1271	5800	PC	21.5089393679774
1271	5810	PC	33.2089206800623
1271	5820	PC	9.30777888615334
1271	5840	PC	24.6529105485178
1271	5842	PC	131.71034986227
1271	5860	PC	142.767615294642
1271	5870	PC	53.5565629440836
1271	5880	PC	4.98858895805302
1271	5920	PC	231.296507108612
1271	6000	PC	514.128618564812
1271	6010	PC	145.470734427727
1271	6020	PC	224.590915439415
1271	6030	PC	1443.48417925862
1271	6040	PC	12.3693803420375
1271	6050	PC	628.907929530843
1272	6000	PC	2060.12482050052
1273	52	PC	20.4775776043242
1273	58	PC	25.064759171799
1273	226	PC	8.55265645918671
1273	230	PC	152.430175120787
1273	235	PC	24.5828262780804
1273	302	PC	1.10516522389899
1273	303	PC	1.37876829013993
1273	305	PC	1.66192954210108
1273	306	PC	1.70852569748709
1273	309	PC	48.6918115006312
1273	311	PC	1.07529589352334
1273	412	PC	6.64401293419991
1273	1072	PC	7.72770539189965
1273	1122	PC	14.1807763516423
1273	1243	PC	30.8835756998375
1273	1271	PC	18.2382730503271
1273	1273	PC	1.0843922669812
1273	1274	PC	116.052407438112
1273	1275	PC	10.3239927242034
1273	1276	PC	4.95205801921414
1273	1439	PC	1.49829273064603
1273	1865	PC	2.35953111849486
1273	4005	PC	9.02006491834005
1273	5760	PC	6.38075331843991
1273	5841	PC	3.48041090096722
1273	5920	PC	10.8844050242915
1274	231	PC	2.04470039424089
1274	1271	PC	3.46041621196667
1274	1439	PC	1.26349351846468
1274	4001	PC	.722765330434194
1274	4004	PC	1.0719665574979
1274	5201	PC	260.389261829797
1274	5501	PC	9.02702574014199
1274	5605	PC	4.30874869539742
1274	5790	PC	5.5106505931981
1274	5800	PC	45.7325992387093
1274	5880	PC	29.2250103354218
1274	6030	PC	26.4163187383412
1275	1274	PC	1.62948011318375
1275	1534	PC	1.72608952578055
1275	5720	PC	16.8660712260872
1275	5850	PC	5.58605949605239
1275	5880	PC	10.4609550313405
1275	6000	PC	33.2901302677515
1275	6030	PC	.856181081637937
1275	6050	PC	32.4838350756941
1277	5101	PC	2.27154818136461
1277	5403	PC	5.4364018273108
1277	5605	PC	9.09431368422736
1277	5700	PC	8.01654644189451
1277	5810	PC	.710003823797314
1277	6020	PC	1.7947318879321
1277	6030	PC	4.15329034182089
1401	230	PC	2.16580394546365
1401	709	PC	22.5642740404599
1401	1245	PC	5.86667727996415
1401	1432	PC	1.14539134665272
1401	1445	PC	.663726503115641
1411	230	PC	12.4553235964952
1411	1245	PC	3.38229280306456
1411	2025	PC	11.497195575956
1412	1271	PC	.581501319257914
1412	1432	PC	1.72140586979621
1412	1445	PC	.751157440113854
1416	50	PC	2.67248158557228
1416	52	PC	1.01300545406394
1416	54	PC	.653519423148609
1416	56	PC	.795501300905086
1416	58	PC	31.7253974510324
1416	61	PC	.74616008097553
1416	62	PC	13.951481676
1416	4001	PC	324.819521026507
1416	4004	PC	2.56029547201794
1416	4005	PC	9.31251331115998
1416	5101	PC	4.20539760645052
1416	5102	PC	1.49575156523153
1416	5403	PC	1.86502046862887
1416	5404	PC	36.882292689345
1416	5501	PC	1.51821029744222
1416	5605	PC	47.6866261029446
1416	5710	PC	1.80792794296004
1416	5790	PC	2.85225899075683
1416	5810	PC	18.0433454580633
1416	5831	PC	27.4580460007819
1416	5840	PC	13.3809126511253
1416	5860	PC	5.99086681719987
1416	6000	PC	3.31751115949178
1416	6010	PC	16.6327997273531
1416	6020	PC	11.5066624703409
1416	6050	PC	15.8240644804944
1428	230	PC	18.7652371599022
1428	235	PC	.888895662279882
1428	6020	PC	21.2392896485055
1438	58	PC	12.4441376069196
1438	305	PC	2335.45473971319
1438	5810	PC	9.14849237255958
1439	58	PC	73.0378104349285
1439	137	PC	47.9480726748871
1439	226	PC	50.4787627748607
1439	230	PC	14.2448247766771
1439	231	PC	6.01665077958116
1439	301	PC	51.8569499186742
1439	305	PC	1.03197910285919
1439	306	PC	2.20702803588749
1439	309	PC	1.49050618151594
1439	403	PC	45.1394428588163
1439	412	PC	1.74759090553186
1439	1124	PC	1.25264346806774
1439	1149	PC	1.80490044645153
1439	1172	PC	30.27688282953
1439	1243	PC	110.06369704959
1439	1246	PC	1.06986583579247
1439	1271	PC	12.2212354957889
1439	1273	PC	6.63452014044664
1439	1274	PC	1.42033131705462
1439	1439	PC	1.28976061476605
1439	1449	PC	5.96466122939168
1439	1865	PC	33.9119829312388
1439	1871	PC	1.33285095166935
1439	4001	PC	36.1345915799814
1439	4005	PC	118.631641678822
1439	5201	PC	.881359275294034
1439	5403	PC	1.90164081361891
1439	5404	PC	4.59126692246194
1439	5501	PC	13.3228727660726
1439	5700	PC	3.6848560915394
1439	5880	PC	237.662969540625
1439	6000	PC	2.68165515932487
1439	6010	PC	1.13984578109732
1439	6030	PC	11.4531157505263
1439	6050	PC	316.536653729923
1441	58	PC	21.3735317794174
1441	105	PC	4.58782855927335
1441	137	PC	5.23087366592572
1441	211	PC	145.170232798993
1441	231	PC	1.17892231699158
1441	235	PC	2.5547961346229
1441	301	PC	1.69338389150985
1441	309	PC	27.0186201570847
1441	412	PC	25.0423006712588
1441	542	PC	9.55623450523587
1441	602	PC	7.1700456235692
1441	626	PC	12.1175026714202
1441	709	PC	13.7720805789422
1441	926	PC	10.3545105010516
1441	1122	PC	8.56620784636567
1441	1271	PC	.830201985489044
1441	1274	PC	1.24885084996643
1441	1276	PC	20.0573015297638
1441	1502	PC	3.38515612971675
1441	1528	PC	6.88544311825304
1441	1529	PC	1.0166818879427
1441	1531	PC	5.75333708582478
1441	1566	PC	7.37987124237059
1441	1673	PC	11.9312499677892
1441	1677	PC	14.236690796862
1441	1971	PC	1.19816027665404
1441	1973	PC	12.9390629048408
1441	3001	PC	.717385456634679
1441	4001	PC	.68322424441398
1441	5700	PC	1.39833228690061
1502	230	PC	1.39417800477842
1502	301	PC	2.62730969733576
1502	1271	PC	.674933249040874
1502	1502	PC	5.83933090278564
1502	1653	PC	3.65807748993636
1502	1676	PC	1.18862244713547
1503	211	PC	18.6653990993978
1503	226	PC	8.52840911404719
1503	230	PC	2.16101352262484
1503	231	PC	3.42911020045598
1503	235	PC	10.3552299661391
1503	305	PC	.71534286393402
1503	309	PC	25.7640671217438
1503	412	PC	8.17647443134267
1503	542	PC	1.65455281232885
1503	709	PC	10.9012849274557
1503	926	PC	5.17145718973787
1503	1071	PC	2.13952658147122
1503	1106	PC	1.79206032606632
1503	1122	PC	6.30343340795506
1503	1243	PC	3.26649557362575
1503	1247	PC	19.6792624395985
1503	1271	PC	2.58695165148017
1503	1272	PC	.955827968636591
1503	1274	PC	6.09300770061476
1503	1275	PC	4.67918007436321
1503	1276	PC	11.3951747929567
1503	1401	PC	6.3724991071368
1503	1432	PC	1.3218570324856
1503	1445	PC	.6629580216509
1503	1502	PC	1.65553767277606
1503	1531	PC	3.43900939335998
1503	1677	PC	5.96880265248983
1503	1804	PC	7.0605491666477
1503	1865	PC	.90535140919045
1503	1973	PC	2.88123277073185
1503	5201	PC	108.83125724238
1503	5403	PC	9.86855710041002
1503	5404	PC	6.89948061086694
1503	5605	PC	31.39608651975
1503	5880	PC	14.3739179393061
1503	5890	PC	3.119715149547
1503	6030	PC	236.928164177171
1503	6040	PC	15.1443599408529
1503	6050	PC	.862435076358368
1504	50	PC	650.843219673499
1504	51	PC	23.6807486665145
1504	52	PC	248.827890081832
1504	54	PC	183.281147257237
1504	55	PC	4.43148513057582
1504	56	PC	213.835314006489
1504	57	PC	6.30101792003749
1504	58	PC	4319.09158895159
1504	59	PC	51.6325719341387
1504	60	PC	30.8819120037003
1504	61	PC	51.2540492459021
1504	62	PC	17.7259405223033
1504	106	PC	109.192553268888
1504	125	PC	1.52920917820921
1504	211	PC	107.853602746047
1504	213	PC	102.151656792208
1504	217	PC	1.28907411416896
1504	219	PC	6.18230788722486
1504	220	PC	119.062508339608
1504	230	PC	7.61062296302808
1504	231	PC	.876134625024001
1504	235	PC	12.1957379960123
1504	301	PC	54.0298243382029
1504	302	PC	4.23950992505053
1504	303	PC	2.89438080707899
1504	304	PC	13.1484647976169
1504	305	PC	77.849615112085
1504	306	PC	1.76405875465098
1504	307	PC	13.2765242272524
1504	309	PC	7.80059605224659
1504	403	PC	1.8032107368578
1504	417	PC	3.66574984852117
1504	501	PC	1.01027544424584
1504	514	PC	20.0215239390318
1504	517	PC	1.15238271884144
1504	544	PC	.752312699653831
1504	602	PC	.835519911512126
1504	620	PC	1.5709545398356
1504	704	PC	6.06822742383649
1504	706	PC	1.57158451294924
1504	709	PC	3.1435201690212
1504	720	PC	2.72908980209058
1504	806	PC	1.70565093903021
1504	1072	PC	8.15589667586488
1504	1101	PC	3.98184635467444
1504	1102	PC	1.59418527882477
1504	1106	PC	1.65749558945842
1504	1124	PC	21.7530577544776
1504	1130	PC	2.26488241022447
1504	1149	PC	.944333045137244
1504	1172	PC	14.2403952749123
1504	1173	PC	16.5195075546964
1504	1175	PC	2.47729648992828
1504	1235	PC	13.9376037799915
1504	1246	PC	.772149870155666
1504	1260	PC	7.11136873211286
1504	1271	PC	133.536478960087
1504	1272	PC	8.56710746950552
1504	1273	PC	44.9130274995667
1504	1274	PC	164.887649308895
1504	1275	PC	10.0630897483705
1504	1277	PC	11.4998761126139
1504	1401	PC	6.46268177540916
1504	1418	PC	5.12281500673207
1504	1419	PC	3.28452623316825
1504	1420	PC	1.68230386730966
1504	1421	PC	1.67055147138744
1504	1424	PC	.804441128886033
1504	1430	PC	.888699312789293
1504	1432	PC	2.13797124364138
1504	1439	PC	.924933402614595
1504	1445	PC	.782454775333232
1504	1502	PC	.678965040993734
1504	1504	PC	6732.14161878796
1504	1514	PC	9.12332623782858
1504	1515	PC	1.28518588614107
1504	1519	PC	.797559949580883
1504	1528	PC	.849393688042131
1504	1531	PC	13.7182634542047
1504	1539	PC	.716410025987149
1504	1617	PC	15.4605705924933
1504	1653	PC	1.30791913232732
1504	1671	PC	24.5639019004509
1504	1674	PC	1.04332761341656
1504	1676	PC	4.51787909777622
1504	1677	PC	1.69529022471076
1504	1714	PC	.990238184394825
1504	1748	PC	1.47525593975503
1504	1804	PC	18.9782634302792
1504	1805	PC	.690339985361924
1504	1813	PC	.569977107977992
1504	1833	PC	.654175602963701
1504	1870	PC	1.08803011039419
1504	1901	PC	.964938719019193
1504	2012	PC	.68445722710296
1504	3001	PC	478.950065975772
1504	4001	PC	379.398598969525
1504	4002	PC	8.2859539681079
1504	4003	PC	11.6372645981059
1504	4004	PC	98.0696891657117
1504	4005	PC	4.48918675988019
1504	5101	PC	670.417920398715
1504	5102	PC	36.4097280910592
1504	5104	PC	11.2518177143527
1504	5106	PC	61.5145529688056
1504	5201	PC	1627.27019076209
1504	5203	PC	75.5314327594237
1504	5204	PC	317.377425695427
1504	5402	PC	2.07725865495741
1504	5403	PC	1124.95442701581
1504	5404	PC	57.4235074511255
1504	5501	PC	113.64682101272
1504	5605	PC	1099.91191989771
1504	5700	PC	1425.80148994812
1504	5710	PC	31527.8228881008
1504	5720	PC	2607.00461924241
1504	5740	PC	22.6421193390358
1504	5800	PC	1.15403258608745
1504	5810	PC	45.3361701444455
1504	5820	PC	46.5305938710461
1504	5831	PC	1.38483910330494
1504	5840	PC	34.8448599043245
1504	5841	PC	16.6065289137984
1504	5842	PC	1.47716171019194
1504	5860	PC	733.730456136644
1504	5870	PC	1.84645213773992
1504	5880	PC	3799.29107749349
1504	6000	PC	22278.8806583693
1504	6010	PC	27.0620641437508
1504	6020	PC	711.953861237174
1504	6030	PC	180.242579458069
1504	6040	PC	49898.9334058844
1504	6050	PC	105.782088938534
1511	58	PC	18.9344826323315
1511	306	PC	1.10590109735157
1511	5800	PC	.877658701753127
1514	58	PC	28.5107142447934
1514	106	PC	7.86261099386128
1514	128	PC	1949.94211760121
1514	211	PC	228.020106813008
1514	230	PC	274.843784450577
1514	305	PC	19.0840484514702
1514	309	PC	230.767271357181
1514	412	PC	81.0388428455481
1514	542	PC	17.0474710543461
1514	626	PC	89.1619432833594
1514	709	PC	95.5253169203558
1514	926	PC	70.3209517874443
1514	1021	PC	3703.32639734627
1514	1122	PC	83.6491281787433
1514	1276	PC	147.225637204766
1514	1502	PC	22.5054770740347
1514	1531	PC	38.8906377413603
1514	1673	PC	69.0001865969671
1514	1677	PC	2.8049835994897
1514	1973	PC	41.9271610435049
1514	4001	PC	2.4953041520432
1514	5930	PC	3.46933322104766
1514	6030	PC	17.1367163765836
1515	50	PC	24.889941875208
1515	52	PC	2.63871243664339
1515	58	PC	49.3989913465178
1515	219	PC	2.76029277442809
1515	231	PC	1.66289732219192
1515	235	PC	3.11812101631839
1515	301	PC	1.10590109735157
1515	309	PC	9.10123520608881
1515	709	PC	2.29487591667942
1515	720	PC	5.25244270358962
1515	805	PC	1.00517601142651
1515	1004	PC	.975568150873972
1515	1504	PC	2.49648064775912
1515	1529	PC	23.1006374233489
1515	1534	PC	3.78687820889083
1515	1617	PC	8.66586746958821
1515	1653	PC	155.263742942994
1515	1677	PC	4.38635832143408
1515	4001	PC	5.9187467220188
1515	5101	PC	17.1722816311645
1515	5102	PC	43.5834985894112
1515	5404	PC	19.122634301727
1515	5700	PC	2.18783678986041
1515	5710	PC	91.1789873487971
1515	5770	PC	16.7523821738551
1515	5790	PC	13.0742464904296
1515	5860	PC	6.78149096217351
1515	5870	PC	2.03410310876901
1515	5880	PC	16.5779976997813
1515	6000	PC	1.81382798362313
1515	6020	PC	2.32895054190699
1515	6030	PC	12.2528038362397
1515	6050	PC	28.3042063149692
1516	1272	PC	1.12889919926495
1516	1432	PC	1.38034507170549
1516	1445	PC	.634414502515127
1517	1529	PC	1.49380565324196
1517	1534	PC	1.77016009764513
1519	1243	PC	1.93921199003109
1519	1503	PC	6.8938824548039
1519	1504	PC	5.70580298015812
1519	1677	PC	62.2348015294829
1520	230	PC	1246.54477397496
1520	235	PC	51.8372935602656
1520	301	PC	49.9731378317187
1520	1271	PC	.709791339705735
1520	1529	PC	23.8214261514793
1520	5403	PC	31.4155272902362
1525	5501	PC	1.25443342107706
1525	5605	PC	1.5821786755259
1525	5790	PC	6.281399366074
1525	5860	PC	45.936267089211
1525	5870	PC	30.5703232054566
1525	5880	PC	6.42680747192102
1525	6000	PC	5.9328815250756
1525	6010	PC	181.223507156243
1525	6020	PC	371.078024023834
1525	6030	PC	176.556599378106
1525	6040	PC	32.9672488867603
1525	6050	PC	119.278500032827
1529	237	PC	.695536716242
1529	301	PC	.791532066238778
1529	1547	PC	21.9162124813878
1529	1617	PC	1.57886589249539
1529	1676	PC	.999655177834901
1531	50	PC	49.603782647797
1531	52	PC	5.99750734989649
1531	58	PC	4.52957790039325
1531	230	PC	7.16253545709067
1531	235	PC	7.95276948001339
1531	301	PC	1.78445318446579
1531	309	PC	15.5168927509522
1531	310	PC	3.58221741869415
1531	704	PC	.796780951382169
1531	906	PC	1.27530391472335
1531	1071	PC	3.26911188079709
1531	1102	PC	.847205632607129
1531	1106	PC	1.15648660448421
1531	1124	PC	10.0748961108147
1531	1127	PC	1.85933566757157
1531	1146	PC	1.76288562981394
1531	1149	PC	10.5813195082067
1531	1172	PC	2.40493047128643
1531	1173	PC	3.25811552112558
1531	1271	PC	26.3048834266398
1531	1273	PC	29963.6147541656
1531	1277	PC	1.50632568326227
1531	1504	PC	49.1027865206411
1531	1531	PC	8.04641775054465
1531	1653	PC	3.45902880844405
1531	1671	PC	3.52089799754203
1531	1702	PC	.883633714703065
1531	1703	PC	2.21033164525582
1531	1804	PC	.954345457930006
1531	1805	PC	.92686432684887
1531	3001	PC	22.9156250619385
1531	4001	PC	3.42401468292147
1531	4004	PC	.886297026115163
1531	5106	PC	1.89838360411386
1531	5201	PC	.684341323549859
1531	5403	PC	157.081145455294
1531	5501	PC	64.0903537009527
1531	5700	PC	23.2283678927682
1531	5710	PC	499.263347556084
1531	5860	PC	3.5590364954937
1531	5870	PC	1.96993362445128
1531	5880	PC	3.12165814536656
1531	6000	PC	685.495356135947
1531	6010	PC	161.599183029826
1531	6020	PC	35.2049180711838
1531	6030	PC	22.3559192576861
1531	6040	PC	1358.86067575953
1532	123	PC	24.9905820233176
1532	211	PC	49.4738304110499
1532	213	PC	32.6604812240326
1532	219	PC	2.75733518634628
1532	220	PC	55.1135088355091
1532	231	PC	24.8293980633112
1532	235	PC	1.30120613529144
1532	301	PC	22.5797001003764
1532	302	PC	1.77940211647552
1532	303	PC	1.61871873005588
1532	304	PC	5.46590923308625
1532	305	PC	31.3409855146392
1532	307	PC	2.04538541440981
1532	402	PC	.661335851039063
1532	403	PC	1.62770568064467
1532	514	PC	4.79874707794741
1532	517	PC	.605442605336413
1532	602	PC	.679828125946908
1532	620	PC	1.29892777969091
1532	704	PC	2.01491602652503
1532	706	PC	.749777023655926
1532	806	PC	.97272950748977
1532	1072	PC	3.90046303459196
1532	1102	PC	.810027033340996
1532	1106	PC	.781387645602543
1532	1124	PC	8.14801901761328
1532	1127	PC	2.84835443224438
1532	1130	PC	1.10752769804861
1532	1173	PC	6.94049769191078
1532	1175	PC	.835719506330439
1532	1235	PC	3.57450930495632
1532	1271	PC	42.2869653669189
1532	1272	PC	1.40229236904588
1532	1273	PC	2.82016576441448
1532	1274	PC	86.4938727389442
1532	1275	PC	2.82735700733267
1532	1277	PC	3.96237484791937
1532	1418	PC	2.0376194458223
1532	1419	PC	3.71041260131198
1532	1432	PC	.767499386138189
1532	1504	PC	301.484158833408
1532	1531	PC	9.4603584369692
1532	1534	PC	1.29227051503129
1532	1617	PC	457.103148453553
1532	1671	PC	8.72817679302235
1532	1674	PC	1.63274929764747
1532	1714	PC	.808322387160172
1532	1804	PC	1.03411868460083
1532	1865	PC	7.09702143276547
1532	1972	PC	1.88463674387456
1532	5201	PC	6.92419551652471
1532	5720	PC	42.9877138317576
1532	5860	PC	7.95705468107298
1532	6030	PC	50.8870668835262
1532	6050	PC	155.944423357998
1534	105	PC	20.072583658106
1534	106	PC	11.593728048293
1534	211	PC	393.100169228165
1534	215	PC	3.40367978064882
1534	219	PC	1.6772894972716
1534	230	PC	12.7474245754592
1534	231	PC	8.00928956993283
1534	235	PC	128.595254252707
1534	301	PC	21.6637334885893
1534	305	PC	3.20866419986605
1534	306	PC	2.94506975996951
1534	307	PC	.760631415004231
1534	309	PC	249.418041165879
1534	310	PC	1.06013003466215
1534	412	PC	141.140139316001
1534	502	PC	5.51925787851518
1534	542	PC	28.0578040267356
1534	602	PC	43.2225806698343
1534	624	PC	4.33380622561369
1534	626	PC	20.1573079904402
1534	709	PC	160.875933851135
1534	828	PC	3.50679312857981
1534	926	PC	80.0552109022111
1534	1072	PC	6.92858893502408
1534	1122	PC	59.3327815683573
1534	1124	PC	21.7555677548596
1534	1271	PC	1.18895216247308
1534	1274	PC	29.275549919927
1534	1276	PC	118.495826601037
1534	1277	PC	1.21292297220036
1534	1401	PC	.817504770540191
1534	1439	PC	6.40949207410291
1534	1502	PC	19.4443878984904
1534	1503	PC	7.7848262326328
1534	1504	PC	64.6272510480229
1534	1515	PC	1.38768260541063
1534	1525	PC	2.26384852513144
1534	1528	PC	13.1158724778453
1534	1531	PC	52.9287938604895
1534	1566	PC	8.76516409390066
1534	1653	PC	54.5871861094833
1534	1671	PC	24.797696255167
1534	1673	PC	29.6159342468134
1534	1674	PC	6.74142460552411
1534	1677	PC	39.6025894389019
1534	1804	PC	.67062424151533
1534	1870	PC	.725770516421653
1534	1901	PC	3.1256526740075
1534	1931	PC	6.75099433872831
1534	1971	PC	13.852080067478
1534	1973	PC	33.7811350725652
1535	1865	PC	13.7484417049342
1545	230	PC	9.23450006855082
1545	720	PC	28.2071568499978
1545	1502	PC	1.41996449188577
1545	1617	PC	3.24826098319546
1545	1620	PC	43.8515624582474
1545	1653	PC	19.5310853983519
1547	219	PC	.962091340063681
1547	226	PC	3.71412006195356
1547	230	PC	2467.05714199068
1547	231	PC	105.047397464144
1547	235	PC	6271.36056227553
1547	301	PC	737.409251266217
1547	305	PC	7.74290552954737
1547	306	PC	105.987793888935
1547	309	PC	333.263042532097
1547	310	PC	44.2577976593802
1547	403	PC	56.2190738867008
1547	412	PC	15.414807691614
1547	625	PC	.649741018534834
1547	1271	PC	40.1409213636092
1547	1277	PC	1.46724619356712
1547	1502	PC	125.474616185297
1547	1503	PC	1.16498440873063
1547	1511	PC	14.7382778361895
1547	1515	PC	1.08050652783572
1547	1525	PC	79.8429176408312
1547	1528	PC	6.12011762623987
1547	1529	PC	2.19870882485543
1547	1531	PC	50.2273332767595
1547	1545	PC	498.209673591373
1547	1547	PC	62.3500137565715
1547	1548	PC	786.609232941508
1547	1554	PC	244.435778714337
1547	1620	PC	359.7631363397
1547	1671	PC	37.5355028305911
1547	1674	PC	38.4332112906651
1547	1676	PC	5.23319526725122
1547	1677	PC	26.4026153257315
1547	1750	PC	2.39868747003148
1547	6030	PC	2.30557153091343
1548	106	PC	.715741916232613
1548	230	PC	1.54337048499457
1548	301	PC	2.46707915077179
1548	1149	PC	2.36698316105928
1548	1502	PC	1.43307185642625
1548	1504	PC	2.15533986706996
1548	1531	PC	7.56923046573659
1548	1554	PC	1.23368960837928
1548	1617	PC	10.4862066459047
1548	1676	PC	3.61254383933044
1548	1719	PC	.593644979813809
1554	50	PC	1.96635197409708
1554	123	PC	274.790338098489
1554	211	PC	37.1387114825941
1554	213	PC	39.2503227682113
1554	219	PC	2.28596773119733
1554	220	PC	62.7692361778304
1554	230	PC	48.9072417236221
1554	231	PC	.844089535511028
1554	235	PC	8.50361744267846
1554	301	PC	25.2700595467251
1554	302	PC	1.45981814149734
1554	303	PC	1.90017944263775
1554	304	PC	5.69828826344594
1554	305	PC	31.8032993642091
1554	306	PC	487.977923313939
1554	307	PC	3.99019327164852
1554	309	PC	10.9538822641722
1554	310	PC	248.61264281572
1554	514	PC	10.5758208240711
1554	517	PC	.665160800827409
1554	544	PC	133.664729272081
1554	706	PC	.948188852830646
1554	709	PC	.775406160383137
1554	806	PC	.640051872349563
1554	1003	PC	1.56087633537863
1554	1072	PC	1.73725541377568
1554	1102	PC	.85633099482185
1554	1124	PC	6.86270171172829
1554	1130	PC	.887769603082956
1554	1172	PC	.990698415998799
1554	1173	PC	5.3534966857278
1554	1175	PC	.726274910921273
1554	1235	PC	3.9199596710052
1554	1271	PC	47.0864850083426
1554	1272	PC	2.73271138606141
1554	1273	PC	4.89080338421815
1554	1274	PC	74.1551604702399
1554	1275	PC	1.6082535565246
1554	1277	PC	2.73515962412688
1554	1418	PC	3.03561916368245
1554	1419	PC	.961943273064605
1554	1420	PC	.766722905829775
1554	1439	PC	1.35317408601237
1554	1502	PC	8.20851837682486
1554	1504	PC	.700627460891794
1554	1525	PC	6.85001563944539
1554	1528	PC	39.6276146267918
1554	1531	PC	2.34747707523249
1554	1545	PC	1.61575611318075
1554	1554	PC	43.4477179023803
1554	1617	PC	1.28781426012601
1554	1640	PC	.653253946418844
1554	1671	PC	7.70784613881227
1554	1805	PC	.593714011307491
1554	1865	PC	51.0240776414708
1554	1901	PC	.773794267068252
1554	1971	PC	16.604554126294
1554	3001	PC	.841736634525767
1554	4001	PC	2.06984418326008
1554	5402	PC	4.85953417692062
1554	5403	PC	4.11669009781727
1554	5404	PC	6.1773349735962
1554	5700	PC	111.236876148702
1554	5710	PC	187.471537245041
1554	5720	PC	608.591685550221
1554	5810	PC	3.86370914208549
1554	5820	PC	2.59880436342655
1554	5860	PC	38.9947144991848
1554	5880	PC	410.221268766881
1554	6020	PC	1.13496456048761
1567	213	PC	1.51410750708474
1567	214	PC	.743198885236632
1567	235	PC	43.8045896041653
1567	309	PC	39.9395849069612
1567	1653	PC	.848240217092279
1567	1671	PC	2.07591794542665
1567	1676	PC	3.79001780165041
1567	1677	PC	.693751498471632
1567	1719	PC	7.08329213874651
1569	301	PC	519.676381516416
1569	305	PC	250.607774978878
1569	309	PC	17.8230685490692
1569	403	PC	37.1621313749646
1569	1277	PC	35.7910430743362
1569	1502	PC	38.3919148010606
1569	1503	PC	218.741774171777
1569	1504	PC	41.4887097795676
1569	1531	PC	19.8457242473022
1617	58	PC	.964256947115306
1617	211	PC	1.32033778373095
1617	214	PC	1.41602461201708
1617	309	PC	.850581353510364
1617	701	PC	1.11537876919731
1617	906	PC	1.31346199142565
1617	1102	PC	.761315702963204
1617	1121	PC	.718835245721609
1617	1277	PC	4.29706876075327
1617	1515	PC	1.81988641820219
1617	1532	PC	18.3795700236737
1617	1548	PC	1.63914218825386
1617	1671	PC	270.402519420912
1617	1818	PC	.977619622558524
1617	1834	PC	127.026728942091
1617	5101	PC	2.36544282339223
1617	5201	PC	13.7058926160885
1617	5204	PC	12.016125033283
1617	6020	PC	153.19052765956
1620	104	PC	2.73995093949703
1620	214	PC	2.3558538504768
1620	219	PC	28.1374334003602
1620	226	PC	17.7152969528291
1620	230	PC	2442.90494678589
1620	235	PC	6249.06228984608
1620	301	PC	68.0044948327437
1620	305	PC	105.479893742969
1620	306	PC	47.1855183861856
1620	309	PC	93.5701315469662
1620	310	PC	874.907557699152
1620	412	PC	25.5055622918441
1620	420	PC	79.4109091676412
1620	626	PC	21.5867442554906
1620	834	PC	.640174259199346
1620	1175	PC	11.416273288522
1620	1238	PC	2.15920065581294
1620	1245	PC	106.901586783903
1620	1271	PC	12803.5596447967
1620	1272	PC	72.7580404767173
1620	1273	PC	162.706703134847
1620	1277	PC	24.0271141404842
1620	1401	PC	809.976253429041
1620	1439	PC	358.083159612212
1620	1504	PC	230.329291900174
1620	1525	PC	176.917033720774
1620	1528	PC	37.27469656793
1620	1531	PC	2.06563926887218
1620	1545	PC	22.406662171103
1620	1547	PC	764.086166524498
1620	1617	PC	23444.8307806757
1620	1620	PC	66354.086670858
1620	1671	PC	254.492344067862
1620	1674	PC	1.17030731424103
1620	1676	PC	88.9957678857385
1620	1677	PC	11.5034113210969
1620	1749	PC	864.418278135824
1620	1804	PC	206.790910472341
1620	1813	PC	1.09933856159942
1620	1820	PC	22.764052183088
1620	1824	PC	2.3293883800846
1620	1860	PC	412.404727076345
1620	1901	PC	.925669232351284
1620	1931	PC	4379.1945709954
1620	2028	PC	26.7291534824552
1620	6020	PC	7.09401054482306
1621	52	PC	183.570650804068
1621	58	PC	7052.84253860373
1621	1102	PC	1.16268592347852
1621	3001	PC	566.513607834577
1621	4001	PC	3288.12788820995
1621	5101	PC	446.827054097314
1621	5104	PC	19.2256525996406
1621	5403	PC	133.02320584418
1621	5840	PC	229.027875361385
1621	5842	PC	34.3315224993582
1622	230	PC	26.4153239476044
1627	50	PC	12.9944812660071
1627	230	PC	.973485890429066
1627	1554	PC	1.02113760776753
1627	1671	PC	25.1123702294463
1630	58	PC	35.7391149218319
1630	213	PC	1.53355372660888
1630	412	PC	1.22033940078679
1630	423	PC	.762915655185683
1630	604	PC	1.2284906494768
1630	617	PC	1.58968846921342
1630	704	PC	.702635919121906
1630	821	PC	2.61309030834971
1630	914	PC	1.11946243396677
1630	940	PC	.71039060637764
1630	1221	PC	.705214428985029
1630	1235	PC	2.09498125350006
1630	1260	PC	1.17300518350687
1630	1273	PC	.680451394289363
1630	1277	PC	1.39056824446055
1630	1504	PC	.943952092034779
1630	1624	PC	1.17496548573829
1630	1677	PC	.679641935310975
1630	1702	PC	.644873157117383
1630	1833	PC	1.9519427320401
1630	1837	PC	2.76990335919922
1630	1860	PC	.862321509428138
1630	1901	PC	.655649560278723
1630	2025	PC	2.67807427377627
1630	3001	PC	10.6427719748011
1630	5605	PC	2.05989134996149
1630	5880	PC	12.3021288956034
1630	6030	PC	21.8863455933409
1632	104	PC	.815798948875552
1632	230	PC	38.1278804852001
1632	235	PC	60.1111191321729
1632	1531	PC	7.99729366514341
1632	1677	PC	1.99738492014903
1632	1813	PC	.669383456748829
1632	1820	PC	.87084703013832
1632	1824	PC	1.56664161219185
1653	720	PC	2.11869049237356
1671	104	PC	9.70231224024664
1671	211	PC	483.963773299797
1671	219	PC	2.50516746387818
1671	230	PC	7.70271297420344
1671	301	PC	42.0403317128662
1671	309	PC	159.508334084194
1671	310	PC	12.5913414306521
1671	412	PC	58.2474281179004
1671	542	PC	14.7101365987858
1671	706	PC	4.11539034901333
1671	709	PC	83.9701246717522
1671	926	PC	38.2078539923127
1671	1071	PC	.665031581208024
1671	1072	PC	5.21169938469038
1671	1074	PC	14.3244603127557
1671	1122	PC	55.5981015522245
1671	1127	PC	5.22727303779537
1671	1243	PC	24.2747661172629
1671	1274	PC	8.79331409229276
1671	1275	PC	.865862437971935
1671	1276	PC	100.877784370608
1671	1502	PC	14.8429540247873
1671	1504	PC	1.76613227933133
1671	1531	PC	43.764138202313
1671	1532	PC	3.41941270091933
1671	1534	PC	23.3408009619415
1671	1545	PC	.777414866665854
1671	1547	PC	2.57446254320414
1671	1548	PC	2.60069346934058
1671	1554	PC	.955262178757588
1671	1617	PC	909.570705970176
1671	1675	PC	8.77651233071114
1671	1677	PC	41.395047301537
1671	1702	PC	1.14714656355486
1671	1703	PC	.853355487177036
1671	1750	PC	26.2733788992283
1671	1804	PC	.807823319734675
1671	1813	PC	14.3643563452389
1671	1815	PC	6.40328477856796
1671	1818	PC	30.3925616298455
1671	1827	PC	6.45564081418399
1671	1856	PC	.855643557883392
1671	1857	PC	1.08554236969693
1671	1860	PC	3.64268662222273
1671	1865	PC	.557515417154768
1671	1868	PC	4.69066846512613
1671	1870	PC	4.75381836552687
1671	1971	PC	4.47051609334533
1671	1973	PC	35.2162238459513
1675	1617	PC	25.601663821387
1676	211	PC	383.980548674774
1676	230	PC	5.05023940725995
1676	309	PC	156.603766400287
1676	412	PC	53.985231576053
1676	542	PC	15.9917198587585
1676	709	PC	87.8762561630569
1676	926	PC	35.4713473045475
1676	1072	PC	2.38588649752982
1676	1074	PC	1.14266594709283
1676	1122	PC	37.1713035036667
1676	1127	PC	.641645626570626
1676	1274	PC	2.64569078269202
1676	1276	PC	81.5901574007595
1676	1502	PC	10.035988201292
1676	1531	PC	42.3152950071083
1676	1671	PC	8.46306546175717
1676	1673	PC	30.8121657407937
1676	1749	PC	11.0467578526438
1676	1971	PC	2.74679757796109
1676	1973	PC	23.552443712344
1676	2014	PC	4.97162689434116
1677	1677	PC	11.3074578808921
1677	1971	PC	3.04315109599283
1749	1504	PC	6.78907355746156
1750	111	PC	3.08898863944819
1750	230	PC	161.564218353114
1750	235	PC	49.6643470394315
1750	704	PC	743.955950701335
1750	1034	PC	2556.52860087392
1750	1071	PC	635.719420091065
1750	1124	PC	252.607657566115
1750	1224	PC	.988008544208004
1750	1245	PC	249.977621232136
1750	1260	PC	90.7583016480188
1750	1271	PC	17046.7366431118
1750	1272	PC	126.905749135495
1750	1401	PC	159.675906187782
1750	1439	PC	768.738877720463
1750	1444	PC	672.461909653257
1750	1504	PC	5519.38763599527
1750	1511	PC	107.391176508746
1750	1515	PC	82.0266437645242
1750	1525	PC	251.868241052716
1750	1531	PC	397.314692420293
1750	1532	PC	20.0460522809939
1750	1547	PC	224.716481257867
1750	1548	PC	577.707044474534
1750	1617	PC	75.8999166983795
1750	1621	PC	6.81443831093126
1750	1671	PC	750.357427554791
1750	1674	PC	.802349687291265
1750	1676	PC	980.289518079884
1750	1677	PC	739.943151833139
1750	1703	PC	6.8130414821693
1750	1749	PC	.524857255695914
1750	1750	PC	639.181910719444
1750	1804	PC	104.770380977864
1750	1813	PC	6.84633844529056
1750	1815	PC	34.2814753675437
1750	1828	PC	4.06260012293262
1750	1837	PC	1.38017005768221
1750	1971	PC	238.339786067835
1750	1972	PC	1.66174913056457
1750	1973	PC	.85964944200202
1750	5102	PC	9.75332955903255
1750	5404	PC	34.1526875822394
1750	5700	PC	495.982462677806
1750	5920	PC	39.8104433386533
1750	6010	PC	65.0825159137604
1804	106	PC	15.5122295695863
1804	213	PC	2154.38737561869
1804	214	PC	1800.05321606663
1804	230	PC	18.6353370002341
1804	235	PC	219.608553288257
1804	301	PC	84.9771648020462
1804	305	PC	1.1129017830631
1804	306	PC	5.35411802211183
1804	309	PC	7.41675071389015
1804	417	PC	14.7750784625225
1804	602	PC	19.1876386675036
1804	1102	PC	1189.56231996308
1804	1172	PC	21.1755483964965
1804	1271	PC	1.94378786088092
1804	1273	PC	122.393342801845
1804	1275	PC	3.74771433382768
1804	1277	PC	1011.33412825939
1804	1401	PC	2326.19390319127
1804	1439	PC	15.7732701152264
1804	1504	PC	16.9199427984388
1804	1617	PC	1.50297384676767
1804	1653	PC	57.4927734761703
1804	1671	PC	1.04273361679526
1804	1677	PC	1838.19815050011
1804	1719	PC	.692541388272273
1804	1804	PC	1133.06126618348
1804	1805	PC	774.988994910954
1804	1813	PC	.830268685531378
1804	1815	PC	.866913175845895
1804	1828	PC	.96654175494122
1804	1833	PC	1.31568980655022
1804	1837	PC	1498.35671194675
1804	1857	PC	9.14720153158444
1804	1860	PC	3.07420409899367
1804	1865	PC	3.92872258625103
1804	1931	PC	1.7166709361248
1804	1933	PC	2808.18486483248
1804	1971	PC	4.65176058639015
1804	1972	PC	1.14483851149433
1804	2014	PC	126.178384960695
1804	5201	PC	1.06268328909125
1804	5710	PC	24.1256589812226
1804	5860	PC	1.93527452431489
1804	6020	PC	2.32920022630562
1804	6040	PC	96.8209828584758
1805	213	PC	3.54984911844548
1805	214	PC	1.78454807163164
1805	1102	PC	1.83274321231069
1805	1677	PC	3.79410020952889
1813	1617	PC	137.641063120436
1813	1627	PC	7.4331921247816
1813	1677	PC	5.3322317625154
1813	1750	PC	325.416226593917
1815	1677	PC	24.1155453440315
1815	1804	PC	32.3297630880943
1815	1815	PC	18.2908093875033
1815	1820	PC	1.12726962961325
1815	1837	PC	1.10028302748014
1815	1860	PC	1.29827535546252
1815	1865	PC	4.24338813623038
1815	1931	PC	.935712142751455
1818	123	PC	45.7276094174477
1818	211	PC	21.6926908530152
1818	230	PC	48.0205926545776
1818	235	PC	15623.9443318356
1818	305	PC	672.897168691804
1818	306	PC	39.8590259155778
1818	310	PC	208.739345642114
1818	1133	PC	.99268504757846
1818	1243	PC	19.5474270034562
1818	1245	PC	572.523772345791
1818	1260	PC	85.9078605760696
1818	1271	PC	3.59623526840961
1818	1401	PC	9.94770800677384
1818	1504	PC	784.462948411314
1818	1511	PC	208.555908185249
1818	1525	PC	171.463090356852
1818	1532	PC	266.403771229084
1818	1545	PC	17.4640346346316
1818	1547	PC	37.3987319783666
1818	1617	PC	154.476509258317
1818	1671	PC	45.4429424751279
1818	1677	PC	14.1169597278802
1818	1804	PC	2.83839285763054
1818	5101	PC	6.97093924183126
1820	1671	PC	18.4428003277509
1820	1677	PC	14.9070324476032
1820	1815	PC	2.228416542089
1820	1818	PC	3.64521459958007
1820	1820	PC	23.7915481164092
1820	1827	PC	1.01003557655904
1820	1834	PC	11.8217490662032
1820	1835	PC	156.973927396338
1822	720	PC	.6840647602078
1827	1617	PC	21.5529809163801
1828	1677	PC	3.64372705381781
1828	1815	PC	.778294121072382
1828	1820	PC	.706888173139718
1833	101	PC	2.95642643164927
1834	58	PC	3.25196593716148
1834	230	PC	136.104779039892
1834	235	PC	9133.37004081836
1834	1124	PC	69.5212620709708
1834	1245	PC	20.7300590008615
1834	1401	PC	15820.5817450816
1834	1532	PC	22.785258246057
1834	1617	PC	598.495762099786
1834	1837	PC	11834.1986279667
1834	1838	PC	1.54278600798113
1834	1868	PC	1661.93805374746
1834	1933	PC	6606.54964791368
1835	61	PC	1.88967127486896
1835	1865	PC	7.60143243778257
1835	4001	PC	1.2472513839551
1835	5201	PC	25.2115635912897
1835	5204	PC	275.307677400304
1835	5605	PC	24.8584604597591
1835	5700	PC	300.226507105131
1835	5710	PC	239.705769403134
1835	6000	PC	146.01384009973
1837	1416	PC	158.527384189512
1837	1503	PC	32.053073796429
1837	1504	PC	76.8510867314547
1837	1671	PC	578.192913869622
1837	1677	PC	28.5184469966359
1838	235	PC	22.9027553563074
1848	1841	PC	69.6020088283342
1848	5800	PC	20.8780622055084
1850	106	PC	12.4274356802549
1850	1805	PC	5.29440052240055
1851	226	PC	.598177969829213
1851	625	PC	15.5831875694494
1856	235	PC	252.343868383747
1856	309	PC	4.28559393777601
1856	1172	PC	13.5617041432254
1856	1275	PC	1.72736131254842
1856	1677	PC	14.1262170930737
1856	1804	PC	1.03528025675437
1856	1805	PC	139.543413687232
1856	1841	PC	69.5192387384643
1856	1854	PC	3.78286920869768
1856	1860	PC	4.00644122716703
1856	1865	PC	1.80379422895757
1856	1866	PC	2.85264124558154
1856	1867	PC	1.90658401430417
1856	1868	PC	1.92235414961449
1856	1870	PC	1.02225846108303
1856	1871	PC	1.58836256584039
1856	1901	PC	6.74015239188968
1856	1911	PC	1.74480069314868
1856	1913	PC	2.51851819919966
1856	1922	PC	1.51087879582092
1856	1923	PC	2.68574732417087
1856	1924	PC	.604329955453736
1856	1933	PC	2.27986591134929
1856	1938	PC	2.23684593102895
1856	1940	PC	3.12564171627122
1856	1941	PC	2.3859381982702
1856	1942	PC	3.50918911337238
1856	1943	PC	1.86818937438351
1856	1971	PC	6.52113199070018
1856	1974	PC	.762406907820056
1856	2003	PC	1.27353710489512
1856	2004	PC	5.36657559378123
1856	2012	PC	13.3481229985214
1856	2014	PC	1.33856961713038
1856	2017	PC	.895027479394277
1856	2021	PC	.827286396206222
1856	2023	PC	1.24990317780788
1856	2025	PC	2.83831331007697
1856	2027	PC	.818542596332177
1856	2030	PC	.696656526044622
1856	5710	PC	35.3959361042884
1856	5880	PC	893.00063210123
1856	6030	PC	.926295820770019
1857	50	PC	2.15220831443108
1857	230	PC	60.7911414584601
1857	1271	PC	1.83478693873104
1857	1504	PC	630.679196841023
1857	1671	PC	.706233464294222
1857	1674	PC	3.11190969251454
1857	1677	PC	9.13255771465873
1857	1804	PC	12156.5074666018
1857	1805	PC	95.7348343738116
1857	1813	PC	2.24757494382115
1857	1820	PC	3.15499548353382
1857	1828	PC	2.0881426726406
1857	1834	PC	1413.48771259603
1857	1854	PC	5.69953823469338
1857	1857	PC	284.515189612088
1857	1860	PC	6.84046037655689
1857	1865	PC	241.38691317965
1857	1866	PC	3.30800519443665
1857	1867	PC	2.42059614817967
1857	1868	PC	21.5133262172924
1857	1870	PC	1.71000162379655
1857	1871	PC	.89878485309595
1857	1874	PC	1.64794806958439
1857	1901	PC	7.44437031706988
1857	1911	PC	1.69753035528493
1857	1913	PC	1.48696826140111
1857	1922	PC	1.54437943430919
1857	1923	PC	2.84217691290149
1857	1924	PC	1.02949966004836
1857	1929	PC	502.091769268284
1857	1931	PC	1.19211434902234
1857	1933	PC	1.49085885311208
1857	1938	PC	1.274660227434
1857	1940	PC	3.73820466569121
1857	1941	PC	2.22540963746492
1857	1942	PC	3.9253230436307
1857	1943	PC	2.10654641375657
1857	1971	PC	658.330948539591
1857	1974	PC	.915223492232759
1857	2003	PC	.708855558385021
1857	2004	PC	5.53538826294483
1857	2012	PC	13.8765153464242
1857	2015	PC	27.4688380598381
1857	2017	PC	1.5231831927807
1857	2021	PC	1.00514712070883
1857	2022	PC	.927450928157424
1857	2023	PC	1.52291357012871
1857	2025	PC	2.55483632530024
1857	2027	PC	.90674298121948
1857	2030	PC	1.81130696771602
1857	3001	PC	.720452305043348
1857	4001	PC	.961746648478501
1857	5101	PC	1.62959449950281
1857	5404	PC	3.97392342861212
1857	5605	PC	40.1394855667008
1857	5700	PC	2.44725068697264
1857	5770	PC	71.1532419361859
1857	5880	PC	808.422962214403
1857	6000	PC	5.14608789316677
1857	6030	PC	84.7617854758936
1859	58	PC	102.235612810913
1859	1805	PC	1.447632213521
1859	1841	PC	8.81498229377375
1859	1865	PC	.795545004341684
1859	1901	PC	1.54191506493704
1859	1923	PC	.689900330570341
1859	1941	PC	.81693644300219
1859	1942	PC	.729251689413058
1859	2003	PC	.696841057395445
1859	2004	PC	1.51514580841901
1859	2012	PC	1.34576076601674
1859	2020	PC	.72539103159157
1859	2030	PC	.784015042802599
1859	4001	PC	25.8447969745709
1859	5403	PC	23.9979232084677
1859	5404	PC	3.16770299201599
1859	5605	PC	89.6631483003631
1859	5710	PC	95.7229526883388
1859	5720	PC	42.7697082676527
1859	5770	PC	43.455853320075
1859	5880	PC	130.453328091778
1859	6000	PC	1014.65529347078
1859	6030	PC	168.843143774802
1859	6050	PC	10.0062820144909
1860	52	PC	358.85386241683
1860	211	PC	2.6117247603494
1860	219	PC	.721952548490961
1860	230	PC	652.771863534004
1860	235	PC	192.82217483182
1860	301	PC	83.849319517126
1860	309	PC	243.473661202712
1860	1004	PC	1.07820606768665
1860	1224	PC	.677051091934581
1860	1504	PC	.865317275823333
1860	1671	PC	4.76231792468636
1860	1676	PC	33.3834769306768
1860	1677	PC	234.336522551985
1860	1750	PC	1.2155836056843
1860	1804	PC	5.77655697828401
1860	1805	PC	88.4973710857627
1860	1813	PC	4.9926319983802
1860	1815	PC	8.87160773143436
1860	1820	PC	3.53986018081596
1860	1828	PC	3.52502756310321
1860	1837	PC	4.19341086856898
1860	1841	PC	31.9245304693428
1860	1857	PC	14.8759038630787
1860	1865	PC	71.5567754992418
1860	1901	PC	2.07572233439748
1860	1931	PC	4.90802813643371
1860	1971	PC	102.83093209971
1860	1972	PC	7.67527131333829
1860	2012	PC	1.13279525758985
1860	2019	PC	1.43826393319957
1860	3001	PC	1.1355700617588
1860	4001	PC	32.408917976077
1860	5201	PC	2.07673235866464
1860	5404	PC	1.82972013979263
1860	5605	PC	3.90873964863201
1860	5700	PC	25.1129089186538
1860	5710	PC	2665.73642529019
1860	5880	PC	662.667455878522
1860	6000	PC	386.128128250613
1860	6040	PC	27150.6213517623
1865	50	PC	5.1140677907204
1865	51	PC	5.84366869646271
1865	55	PC	402.709967017484
1865	58	PC	926.483367084348
1865	62	PC	18.8689889416115
1865	104	PC	91.7046052570374
1865	105	PC	1.09549666438974
1865	106	PC	108.759886853108
1865	231	PC	97.5727685012926
1865	301	PC	2.35661146761104
1865	303	PC	10.5994518783105
1865	305	PC	44.4588120451357
1865	306	PC	501.799015279601
1865	605	PC	2.26310430582658
1865	625	PC	45.7571639607553
1865	709	PC	347.278975216288
1865	720	PC	414.373040162593
1865	1074	PC	1.49542150757321
1865	1243	PC	38.6570378929113
1865	1271	PC	41.5925420554494
1865	1273	PC	402.385872312571
1865	1503	PC	161.973150528115
1865	1504	PC	5573.53398133523
1865	1531	PC	28.7883291166464
1865	1620	PC	4.1119090950917
1865	1638	PC	33.9450022678137
1865	1657	PC	136.95726806902
1865	1671	PC	132.058909383675
1865	1674	PC	2.97178980328944
1865	1677	PC	135.340260624807
1865	1804	PC	434.317530596607
1865	1813	PC	6.38002065710691
1865	1820	PC	765.813620027978
1865	1828	PC	1598.34480651006
1865	1832	PC	12.7981853969172
1865	1833	PC	472.581901977928
1865	1837	PC	15.1113905173657
1865	1841	PC	82.8250971467688
1865	1856	PC	7.60563593259535
1865	1857	PC	17.2871508604979
1865	1865	PC	1070.74807270407
1865	1866	PC	39.5051945393977
1865	1871	PC	23.0352341288143
1865	1901	PC	141.260022651304
1865	1931	PC	.94304554286728
1865	1971	PC	523.275589869116
1865	1972	PC	156.228470551177
1865	1973	PC	19.1544484966961
1865	2003	PC	20.5247725238601
1865	2017	PC	68.7320680378727
1865	2021	PC	.88111266809517
1865	2028	PC	242.294101672106
1865	3001	PC	73.3500496790244
1865	4001	PC	61.6958759636328
1865	4004	PC	58.3566367085112
1865	4005	PC	906.294692491911
1865	5403	PC	53.5879285941767
1865	5404	PC	.771913183975016
1865	5605	PC	232.03710310289
1865	5700	PC	25.2581429547499
1865	5710	PC	1448.00392422909
1865	5880	PC	88.2039464888785
1865	6000	PC	5508.10145355
1865	6030	PC	1.71536263105559
1866	230	PC	118.998639775068
1866	235	PC	62.402391451315
1866	1245	PC	14.6645475484829
1866	1525	PC	22.3051331832681
1866	1617	PC	29.9219789360856
1867	1841	PC	20.2293925790414
1867	2002	PC	13.3724987288293
1867	5605	PC	.76884216546281
1867	5880	PC	112.364858700602
1868	55	PC	47.4381311217705
1868	59	PC	192.950907895407
1868	230	PC	67.0536707852099
1868	231	PC	19.7533577835674
1868	307	PC	.707337926297023
1868	1271	PC	2.52465412775758
1868	1439	PC	5.76006036729912
1868	1502	PC	3.54046011980647
1868	1503	PC	10.6354338324916
1868	1504	PC	2.54804036582633
1868	1677	PC	35.0558987447233
1868	1805	PC	5.66679810613438
1868	1813	PC	17.370181711335
1868	1815	PC	15.6759841059162
1868	1828	PC	11.5422097670898
1868	1841	PC	128.554527034553
1868	1901	PC	8.05014249583147
1868	1931	PC	8.8336837511339
1868	1936	PC	3.75053742767079
1868	1943	PC	.894360971834206
1868	2002	PC	4.4450925683465
1868	2003	PC	1.13286475285409
1868	2004	PC	1.12005815367128
1868	2011	PC	2.49018565379171
1868	2012	PC	17.0204646148882
1868	2023	PC	1.68250647972862
1868	2025	PC	3.10735869056917
1868	2027	PC	2.45099207459557
1868	2030	PC	11.3574450775354
1868	4001	PC	3.41707629094582
1868	4005	PC	1.18458644752788
1868	5101	PC	25.2294132814833
1868	5605	PC	15.0009649172521
1868	5700	PC	459.109258248038
1868	5710	PC	1348.64483635791
1868	5770	PC	45.514317169968
1868	5880	PC	61.5073732370248
1868	6000	PC	63.2500821454071
1870	213	PC	58.8634832741313
1870	214	PC	33.3780486715269
1870	230	PC	245.340824175499
1870	233	PC	3.68644707974303
1870	235	PC	189.403064045257
1870	625	PC	.947517382124821
1870	1102	PC	5.79332619892508
1870	1172	PC	8.16828908873532
1870	1173	PC	.911154473397096
1870	1251	PC	1.04001870917325
1870	1272	PC	.914211095231804
1870	1275	PC	4.52051901466697
1870	1277	PC	11.1505557309293
1870	1439	PC	3.62743213008841
1870	1503	PC	2.64728214061185
1870	1504	PC	1.07017695364706
1870	1671	PC	8.21431338837076
1870	1677	PC	37.4254821419169
1870	1729	PC	.626629592337352
1870	1804	PC	2.72998244229492
1870	1805	PC	24.4788623525862
1870	1813	PC	4.82948439113421
1870	1828	PC	2.01269850031103
1870	1870	PC	4.1733667561792
1870	1971	PC	11.1479114438715
1870	1974	PC	7.31832676370967
1870	4001	PC	28.6066236823681
1870	4004	PC	80.056402369709
1870	5102	PC	15.2105455964302
1870	5710	PC	99.1510246835142
1871	1860	PC	119.648457170541
1871	1865	PC	122.081797364268
1871	1901	PC	50.5983960083116
1871	5710	PC	1127.9199323697
1874	58	PC	79.0210385372942
1874	105	PC	.827099981614255
1874	301	PC	43.066750698451
1874	709	PC	2.35026834460543
1874	904	PC	1.68444455758683
1874	1504	PC	9.10144234075015
1874	1531	PC	194.770319471583
1874	1554	PC	1.54161887551956
1874	1671	PC	2.47701156595678
1874	1805	PC	1.02517355805866
1874	1841	PC	158.84836336145
1874	1857	PC	12.2976857618393
1874	1972	PC	6.03077810918476
1874	4001	PC	7.71913183975016
1874	5710	PC	17.3857720532921
1874	5770	PC	73.932129398496
1874	5880	PC	217.490827991538
1874	6000	PC	319.924279292567
1901	1504	PC	1.81419981653773
1901	1677	PC	3.17872705896614
1901	1804	PC	3.6422291904403
1901	1805	PC	.601640527291857
1901	1833	PC	1.35089016659523
1901	1865	PC	1.15347346969727
1901	1924	PC	2.2296523180954
1901	1931	PC	4.53039268495641
1901	1973	PC	2.26858642926021
1915	1677	PC	4.18083423348767
1915	1815	PC	6.8532994705513
1919	230	PC	57.3473168477662
1923	230	PC	21.0118112049853
1923	231	PC	38.6143216677953
1923	1245	PC	38.5429220438352
1925	6000	PC	1.81145506602674
1928	1627	PC	.948877877630968
1928	1841	PC	1.34013931988144
1928	1971	PC	1.58027002835439
1928	1974	PC	2.51406595420017
1929	1529	PC	1.58785470248891
1929	5700	PC	2.28719073993276
1931	58	PC	104.638976351924
1931	1931	PC	3351.08544673551
1931	5700	PC	24.8754864875087
1931	5710	PC	1802.8552288446
1931	6030	PC	49.7258138768781
1936	58	PC	51.9073265931272
1936	1936	PC	247311.882381592
1936	1972	PC	338.279868530706
1936	1973	PC	152.683676894197
1936	2021	PC	.694820694441822
1936	4001	PC	109.786292528826
1936	5710	PC	2398.72139449764
1938	50	PC	34.6883342272566
1938	52	PC	3.90912698502223
1938	55	PC	7.44732329549623
1938	56	PC	3.48996383886092
1938	58	PC	22.1972724716494
1938	1106	PC	21.2424962108574
1938	1149	PC	162.865218234807
1938	5101	PC	2.06710592627498
1941	58	PC	9.06012034978634
1941	123	PC	25.193482965626
1941	230	PC	402.449249200597
1941	235	PC	47.7301094517452
1941	310	PC	24.0558718175245
1941	1101	PC	9.97206177144319
1941	1271	PC	1931.98148876571
1941	1272	PC	69.0432925636092
1941	1274	PC	4.5675080167077
1941	1401	PC	625.740616825207
1941	1416	PC	29.5026308928448
1941	1439	PC	127.492085898502
1941	1503	PC	27.6638142011102
1941	1504	PC	189.824675402326
1941	1515	PC	61.9073628838201
1941	1525	PC	964.69876246618
1941	1532	PC	45.3487352716066
1941	1545	PC	72.3890352608228
1941	1547	PC	354.780143960944
1941	1554	PC	45.0904676200642
1941	1620	PC	527.971622236482
1941	1622	PC	26.3032391168959
1941	1627	PC	.983659719448451
1941	1676	PC	32.563381950534
1941	1750	PC	17.6180354297329
1941	1804	PC	156.563994211782
1941	1901	PC	4.97489401018682
1941	1929	PC	45.9806539607239
1941	1931	PC	191.103007015059
1941	1971	PC	227.660424187854
1941	1972	PC	7.55213092605734
1941	1973	PC	133.422570201957
1941	1974	PC	1.45173642979178
1941	5710	PC	13.4824982994179
1942	4001	PC	14.1867058677952
1942	5101	PC	1.65226694845808
1942	5102	PC	2.30747625560525
1942	5201	PC	1.02554500249122
1942	5403	PC	20.9894877176537
1942	5404	PC	1.85737594895632
1942	5770	PC	13.1041861429434
1942	5880	PC	24.9948106996055
1943	235	PC	112.861687877296
1971	50	PC	222.425191235912
1971	51	PC	4.63031727485594
1971	52	PC	71.0590630000648
1971	54	PC	9.40762874891366
1971	55	PC	7.87567357910765
1971	56	PC	13.0193221589886
1971	58	PC	1785.41680813276
1971	59	PC	.661473896407992
1971	60	PC	7.27621286048791
1971	61	PC	.661473896407992
1971	62	PC	1.98442168922398
1971	1865	PC	4.70383672629483
1971	1901	PC	1.4396677406761
1971	1971	PC	2.19400735671247
1971	1972	PC	2.19400735671247
1971	2019	PC	1.84085250388393
1971	2021	PC	.915354752837035
1971	3001	PC	1280.4159399907
1971	4001	PC	169.367175677159
1971	4004	PC	17.212102012783
1971	4005	PC	2.37372663867243
1971	5201	PC	209.834219360535
1971	5204	PC	36.6314137979551
1971	5403	PC	7.19812219216197
1971	5501	PC	4.5235168019984
1971	5605	PC	83.1125873346104
1971	5700	PC	1419.80089259942
1971	5710	PC	8077.88706795331
1971	5720	PC	41.3421185254995
1971	5810	PC	1.92240851143573
1971	5820	PC	29.0313543423508
1971	5860	PC	30.1843400923397
1971	5880	PC	.709706368021075
1971	5900	PC	44.7872950692911
1971	6000	PC	537.912639664905
1971	6020	PC	116.192024115916
1971	6030	PC	437.566130866068
1971	6040	PC	143.549022657984
1972	709	PC	2.21718731633138
1972	904	PC	1.70260911255457
1972	937	PC	.677197543081399
1972	1034	PC	.855979116084556
1972	1253	PC	.862502888844461
1972	1271	PC	1.87847501066906
1972	1276	PC	1.2022240068282
1972	1750	PC	.734048517189276
1972	1870	PC	1.72731505738381
1972	1971	PC	5.61305224574822
1972	1972	PC	17.1012354242383
1973	50	PC	1.44697414839248
1973	5710	PC	852.234470029916
1974	50	PC	4.65213672629996
1974	51	PC	24.1162358065414
1974	58	PC	2.72283786177665
1974	1750	PC	1.49930658017742
1974	1860	PC	23.607601553232
1974	1865	PC	58.6612012626569
1974	1866	PC	23.315504931615
1974	1922	PC	.715799295839317
1974	1933	PC	4.89823945115386
1974	1971	PC	150.731010346723
1974	1972	PC	76.3737567459045
1974	1973	PC	42.7763510495559
1974	1974	PC	15.0923061127674
1974	2028	PC	.520689136128951
1974	3001	PC	.865887704672962
1974	4004	PC	1.33443171462862
2002	50	PC	7.68609578458933
2002	52	PC	1.57966120362444
2002	58	PC	60.0203168532304
2002	1860	PC	163.998486242623
2002	1865	PC	31.8456161427813
2002	1866	PC	35.2367632272987
2002	1936	PC	3.76781324264504
2002	1941	PC	.795471078683178
2002	1971	PC	3.38219571744652
2002	1972	PC	1.93974133556952
2002	2019	PC	7.75982249156688
2002	2022	PC	33.1570550434935
2002	2028	PC	14.6727923688782
2002	2030	PC	2.17404186331264
2002	4001	PC	1.60462711345184
2002	4003	PC	21.057610125327
2002	4004	PC	13.6245778812608
2002	5101	PC	1.69768186826305
2002	5201	PC	3.34429710278824
2002	5403	PC	25.452745069032
2002	5501	PC	4.13639733276659
2002	5605	PC	193.346219030116
2002	6010	PC	.798909114476729
2002	6020	PC	207.788997865266
2002	6030	PC	4.99999084997794
2004	230	PC	59.8362926536089
2004	235	PC	25.2005735068401
2004	301	PC	41.7067772557379
2004	1671	PC	1.23285822151905
2004	1857	PC	5.13266101966189
2004	1865	PC	12.0976960256116
2004	1971	PC	4.71294773471598
2004	4001	PC	24.0483592719477
2004	5710	PC	77.2778841980191
2004	6000	PC	48.2196872859706
2012	230	PC	2.07863439756476
2012	1627	PC	2.32510251994192
2012	2019	PC	.823438283866907
2014	1865	PC	17.6126628456681
2014	2021	PC	1.15067550566162
2015	1273	PC	3.92081313121729
2015	1275	PC	141.184916479561
2015	1504	PC	1103.5314032121
2015	1627	PC	581.27562998548
2015	1857	PC	411.787352198205
2015	1859	PC	324.833928916549
2015	1865	PC	177.672045346331
2015	1866	PC	18.0773477081053
2015	1971	PC	2676.01076733703
2015	2017	PC	269.751152574605
2015	2018	PC	551.813375409979
2015	2022	PC	1.3736242453808
2015	2030	PC	2.03217801596476
2015	5700	PC	6.24511818454345
2015	5710	PC	886.719837896318
2017	1860	PC	33.7982035813325
2017	2004	PC	17.5838822429327
2017	5850	PC	166.679575485082
2017	6000	PC	3776.65471899538
2018	1504	PC	9358.58401243676
2018	1671	PC	3.51981022243688
2018	1677	PC	3.365702944747
2018	1805	PC	4.48576215611078
2018	1865	PC	136.515845225442
2018	1901	PC	8.9086635501636
2018	1924	PC	.552880644503087
2018	1931	PC	7.18673153239371
2018	1936	PC	4.53355417865811
2018	1943	PC	.893651436812245
2018	2002	PC	2.05516743795307
2018	2003	PC	1.78237177038716
2018	2004	PC	2.23377970669307
2018	2011	PC	1.5541493278593
2018	2012	PC	21.556048578181
2018	2023	PC	.635928072635698
2018	2025	PC	1.85810366141099
2018	2027	PC	2.94965964556823
2018	2030	PC	10.5857561306706
2018	4001	PC	22.8266420474413
2018	5201	PC	9.05072713662763
2018	5404	PC	15.9688574778214
2018	5700	PC	9.67923404056755
2018	5710	PC	2341.22920675691
2018	5720	PC	70.7297986825146
2018	5831	PC	5.58255317032146
2018	6000	PC	2274.92172839124
2018	6010	PC	4.73885096774993
2018	6020	PC	35.1428724458437
2018	6030	PC	.789049428315882
2019	1271	PC	.794648165035047
2019	1504	PC	2.44057289663284
2019	1835	PC	5.46556355108975
2019	1865	PC	5.00808695388376
2019	1866	PC	4.37809312755661
2019	2002	PC	11.0972336372344
2019	2019	PC	2098.7436115918
2019	2022	PC	18.5606545077431
2019	2023	PC	34.6428312393195
2019	2028	PC	19.3553567122806
2019	3001	PC	3.30990864085753
2019	4001	PC	99.5238405189941
2019	5404	PC	14.0913069622473
2019	5700	PC	26.1809560673815
2019	5710	PC	673.445147571628
2019	6000	PC	40.3747369813581
2019	6020	PC	381.672203412155
2019	6030	PC	8.59756455009124
2019	6040	PC	286.927064842139
2022	1504	PC	1.73665054314481
2022	1865	PC	17.4051169123712
2022	1868	PC	6.91683479344172
2022	1973	PC	5.1897254519356
2022	2028	PC	6.12415583474505
2023	231	PC	296.183644773167
2023	301	PC	34.4636721300999
2023	1173	PC	.847672604699765
2023	1515	PC	227.074362337423
2023	1805	PC	25.9263779910397
2023	1865	PC	582.119304401017
2023	1901	PC	.824097221494731
2023	1931	PC	.629839389308892
2023	1941	PC	20.1476219566372
2023	1942	PC	1.66694299761358
2023	1971	PC	77.2856679613009
2023	2004	PC	90.7030763112997
2023	2012	PC	1.94424846379747
2023	2019	PC	16.3491039088836
2023	2022	PC	546.853941689658
2023	2023	PC	55.5652036894634
2023	2025	PC	.816154393050145
2023	2028	PC	70.0141145537643
2023	2030	PC	3.68316818396392
2023	5831	PC	.800435422952475
2023	6020	PC	3.03436757065199
2023	6030	PC	1.30369638588988
2025	1004	PC	7.8272639023102
2025	1101	PC	4.98604143912803
2028	54	PC	1.52519012763739
2028	58	PC	161.143599795022
2028	1504	PC	565.533558969974
2028	1865	PC	15.7162631380848
2028	1870	PC	7.82750808603633
2028	2018	PC	5.69056609810736
2028	4001	PC	3.48955330542037
2028	5101	PC	2.28097630695771
2028	5102	PC	2.28778519145609
2028	5201	PC	28.6608644818527
2028	5203	PC	.762595063818696
2028	5404	PC	8.33407462601861
2028	5605	PC	4.58691852374281
2028	5700	PC	63.1115504154955
2028	5880	PC	6.09849088238344
2028	6020	PC	30.5117462513293
2028	6030	PC	73.5314133261849
2030	58	PC	35.0958543783019
2030	1548	PC	1.26271520771114
2030	1865	PC	.648229883291189
2030	3001	PC	3.05752843061253
2030	5101	PC	3.70332415520919
2030	5102	PC	.836676938769485
2030	5201	PC	1.39560456589828
2030	5403	PC	2.02425527125786
2030	5404	PC	4.22338973873394
2030	5501	PC	8.05930204270988
2030	5605	PC	35.1084273924091
2030	5700	PC	79.7883475242386
2030	5831	PC	44.1884295803665
2030	5880	PC	38.2711119410091
2030	5920	PC	2.13055439052776
2030	6010	PC	17.9176881040307
2030	6020	PC	176.546835089339
2030	6030	PC	17.4764896089965
3001	1621	PC	99.4134193785566
3001	1971	PC	3.53897847429243
4001	104	PC	3395.95388886947
4001	106	PC	1659.77046663345
4001	211	PC	4.8816339252826
4001	217	PC	317.670877150414
4001	219	PC	797.0134445227
4001	220	PC	15.2401831264735
4001	226	PC	34.6492980516667
4001	231	PC	43.3161273008575
4001	301	PC	179.684668909049
4001	302	PC	1185.80409521632
4001	304	PC	13.6383147585805
4001	306	PC	126.320601270499
4001	307	PC	69.9246589278268
4001	309	PC	292.319838449215
4001	310	PC	7.01428309926843
4001	502	PC	2.7865509094271
4001	602	PC	3.18883836661533
4001	822	PC	53.3333582245653
4001	1004	PC	25.8655648990647
4001	1071	PC	11.7603726994911
4001	1101	PC	13.3272429693583
4001	1124	PC	1.47964757701926
4001	1149	PC	24.636264885676
4001	1172	PC	2.02675432114214
4001	1271	PC	37.5072740171429
4001	1273	PC	66.4090813757851
4001	1275	PC	15.0810002657676
4001	1277	PC	.698270971209512
4001	1401	PC	3.50515208416826
4001	1439	PC	140.059314859891
4001	1504	PC	634.119313956686
4001	1515	PC	24.3079702773384
4001	1525	PC	7.53909820832654
4001	1531	PC	78.7173106216753
4001	1534	PC	3.20946628853101
4001	1554	PC	1.91580737823934
4001	1621	PC	73.0122224856474
4001	1671	PC	6.70707045316052
4001	1860	PC	23.1738603515181
4001	1931	PC	143.484121134097
4001	1972	PC	.724662847339667
4001	1973	PC	15.702069541278
4001	2028	PC	88.9703155464811
4002	104	PC	86.7243213055475
4002	302	PC	48.4649268582046
4002	309	PC	40.9630855294894
4002	1122	PC	1.24225856928783
4002	1504	PC	15.7665902273539
4002	1653	PC	4.69372701721671
4002	1870	PC	19.6598901998898
4003	104	PC	145.131532432959
4003	226	PC	6.92985961033335
4003	1271	PC	2.67739401978558
4003	1531	PC	6.48975397687574
4003	1630	PC	257.953636904572
4004	104	PC	66.9328889713543
4004	106	PC	10.3459684693143
4004	220	PC	564.941604526033
4004	226	PC	.886914292160931
4004	302	PC	14.7558064147285
4004	304	PC	270.012000888033
4004	309	PC	4.22004181790099
4004	602	PC	.576296090352168
4004	1002	PC	6.07056436985846
4004	1149	PC	2.44172844772688
4004	1271	PC	1.97189243201029
4004	1439	PC	.881898072466464
4004	1504	PC	13.7388792968956
4005	104	PC	6.65518252983201
4005	211	PC	8.64698978573948
4005	217	PC	294.115628527937
4005	1071	PC	17.7681544799606
4005	1439	PC	6.46304012165801
4005	1504	PC	2.54955573849641
4005	1671	PC	1.29230644569567
5101	104	PC	18.7847188541776
5101	106	PC	.907325012586695
5101	136	PC	1.92736510217023
5101	211	PC	2.9281473118376
5101	219	PC	.622608159273321
5101	301	PC	11.3080732207832
5101	302	PC	6.01663243649281
5101	305	PC	15.6592231339976
5101	306	PC	74.7838527103807
5101	307	PC	8.20449877703565
5101	309	PC	13.0544740216379
5101	310	PC	7.60836665615741
5101	625	PC	1.98979171938821
5101	1271	PC	7.5745873252653
5101	1273	PC	.69413919031478
5101	1439	PC	1.01368632075726
5101	1677	PC	2.41553613141282
5102	217	PC	41.572265601837
5102	306	PC	.829668415655291
5102	1101	PC	.855963068729922
5106	106	PC	1.42462343605241
5106	217	PC	1.80567250552922
5106	307	PC	1.28752246725765
5106	309	PC	2.22781333833365
5106	1271	PC	525.243349735644
5106	1439	PC	.591241798838827
5201	106	PC	9.36577006770768
5201	211	PC	3.67684500643619
5201	220	PC	883.750163848488
5201	305	PC	2.33946007574899
5201	309	PC	20.7796088251838
5201	1071	PC	9.37531964826732
5201	1149	PC	8.41233586633522
5201	1271	PC	12.8890905011129
5201	1504	PC	10.9223331914959
5204	302	PC	33.5390896323664
5302	309	PC	2.23293474830683
5403	104	PC	128.150817791512
5403	219	PC	1.05309135850685
5403	231	PC	66.0194243365563
5403	301	PC	543.161377525636
5403	302	PC	2.04549114328841
5403	305	PC	10.6125857464253
5403	306	PC	174.681051365251
5403	309	PC	2.3425329217329
5403	822	PC	10.82269764557
5403	1101	PC	1.98364572482481
5403	1106	PC	16.104653656201
5403	1173	PC	.626220541814273
5403	1175	PC	5.52385754958468
5403	1216	PC	9.2446534959781
5403	1271	PC	42.7639322604642
5403	1504	PC	203.776352230304
5403	1520	PC	.728013488403594
5403	1554	PC	8.72272904789275
5403	1671	PC	.81738382690251
5403	1972	PC	.585144425581743
5404	220	PC	79.5368866346688
5404	231	PC	25.8596948823066
5404	301	PC	5.75953765583913
5404	309	PC	.624812016728058
5404	1106	PC	.745472087693903
5404	1149	PC	3.7672381764929
5404	1271	PC	33.0087975680047
5404	1504	PC	2.0631073806159
5404	2028	PC	18.3544911838944
5501	104	PC	17.5199744607283
5501	211	PC	5.29190776627264
5501	220	PC	12.0627355519562
5501	231	PC	2.41231586244024
5501	301	PC	114.595645277899
5501	306	PC	27.9198786097924
5501	307	PC	29.3825532981329
5501	309	PC	1.00174779075416
5501	310	PC	28.5364963705634
5501	1271	PC	22.9902618435061
5501	1504	PC	68.083554887472
5605	217	PC	.994791797027671
5605	220	PC	816.785481140603
5605	301	PC	33.4059329730638
5605	302	PC	95.393430724455
5605	305	PC	6.85449510810519
5605	306	PC	161.713641313157
5605	309	PC	9.7921358687217
5605	310	PC	1.32542090105919
5605	1004	PC	12.8798003802579
5605	1071	PC	8.54594934856193
5605	1102	PC	1.64796476742667
5605	1246	PC	18.1510877713309
5605	1271	PC	.597042339288606
5605	1273	PC	2.85402765303533
5605	1274	PC	20.4626448811545
5605	1277	PC	1.79422585353687
5605	1504	PC	25.4834214591958
5700	104	PC	14.2197441645028
5700	105	PC	2.64249260324369
5700	211	PC	1.02256068998027
5700	220	PC	4.79857394921608
5700	301	PC	2.00964127347615
5700	305	PC	5.99921964258399
5700	309	PC	12.6468097877727
5700	1149	PC	8.95300430833188
5710	211	PC	16.019423273581
5710	220	PC	1.74774571638807
5710	1504	PC	21.2378700945754
5770	305	PC	1.98608278759951
5790	305	PC	8.02012801800113
5800	302	PC	161.10009639837
5800	305	PC	74.0135926504143
5800	306	PC	193.540131450492
5800	1271	PC	3.61014355677107
5800	1439	PC	3.06091746543887
5800	1504	PC	139.731026642243
5800	1931	PC	309.589633178741
5810	217	PC	1.22990540451845
5810	2002	PC	37.6927689604512
5810	2022	PC	67.5977611709091
5820	104	PC	40.5101527709134
5820	106	PC	53.597864431309
5820	302	PC	20.2439093419891
5820	306	PC	21.5017276314023
5820	307	PC	23.8944503708723
5820	1101	PC	.53602020988721
5820	1271	PC	3.45623471844235
5830	1931	PC	68.2820779452487
5830	2018	PC	4.34159734575864
5831	2018	PC	26.6839083620815
5840	104	PC	2.07744373184171
5840	217	PC	17.3210807011877
5840	219	PC	24.6618585069254
5840	305	PC	1441.39113277389
5840	309	PC	20.6894720096558
5840	1175	PC	1.09377033823642
5840	1271	PC	90.5552089245921
5840	1439	PC	31.8747029016743
5840	1504	PC	197.733672524824
5840	1621	PC	.735567865407
5842	219	PC	1.23288744410559
5842	1504	PC	29.7775165268895
5850	104	PC	420.054545834541
5850	219	PC	.844527899212327
5850	305	PC	1.35512507890364
5850	307	PC	75.7251678634513
5850	1224	PC	7.15266364437219
5850	1504	PC	17.0985080804279
5850	1653	PC	1.63312666836148
5850	1856	PC	3.07717041464261
5850	1860	PC	1.4439309890683
5850	1901	PC	7.1468074787668
5850	1931	PC	63.3553388726424
5850	1973	PC	9.4133287396522
5860	1554	PC	.592158644183068
5880	211	PC	14.0721844851257
5880	305	PC	.654516194572506
5880	306	PC	1.08881176029824
5880	628	PC	2.92450200252787
5880	1172	PC	.784891287206402
5930	302	PC	30.8104023986557
5930	1441	PC	1.39168172852765
5930	1931	PC	2557.98055119529
5930	1971	PC	16.8671524811819
6020	104	PC	91.378670815871
6020	106	PC	38.1281782438581
6020	138	PC	.860906354948554
6020	211	PC	170.117861427777
6020	220	PC	13.624041765227
6020	231	PC	17.8103629311869
6020	301	PC	20.4856398927232
6020	302	PC	1385.67121654768
6020	303	PC	33.5022154805596
6020	305	PC	247.209435123443
6020	306	PC	564.746071998605
6020	307	PC	69.5917672795701
6020	309	PC	93.4319307047267
6020	1124	PC	1.23063606145851
6020	1246	PC	8.27799899097621
6020	1271	PC	178.559043146688
6020	1273	PC	15.8081937032402
6020	1504	PC	637.59322270787
6020	1534	PC	.736598820318592
6020	1617	PC	52.7387588059385
6020	1676	PC	26.2015131864797
6030	104	PC	213.802589124394
6030	231	PC	2.98046747482964
6030	301	PC	689.86621477139
6030	302	PC	213.519776037865
6030	307	PC	15.2822873599715
6030	309	PC	.967946484931172
6030	709	PC	4.42681187639635
6030	1004	PC	7.02457842362664
6030	1071	PC	201.21504974166
6030	1149	PC	315.417054814141
6030	1246	PC	42.5101960674698
6030	1504	PC	118.105818250229
6030	1531	PC	170.411124681372
6030	1534	PC	15.8851043215135
6030	1931	PC	692.229097696246
6040	1071	PC	1.8962644012199
6040	1515	PC	268.359991861816
6050	307	PC	.983310714850715
6050	309	PC	1.65933683131058
