50	602	PC	4.6721743181379
50	625	PC	4.84907426348944
52	220	PC	2.89454058123102
58	104	PC	197.338746686454
58	220	PC	69.6125998467276
58	230	PC	17.8179196236661
58	231	PC	3.27982750970248
58	301	PC	20.9863540112216
58	626	PC	25.5702084774373
58	1106	PC	1.48269424301359
58	1146	PC	1.25323021307113
58	1271	PC	19.0181042746165
58	1416	PC	1.33929927738501
58	1439	PC	1.7875477669612
58	1504	PC	15.0196105421528
58	1531	PC	3.73190103416804
62	220	PC	4.21972885924086
62	301	PC	15.2070894656171
62	926	PC	3.23784494204822
62	1102	PC	1.84318020700007
62	1271	PC	1.73703513561387
62	1277	PC	2.31340144845891
62	1416	PC	2.07469633514914
104	211	PC	6139.47302856749
104	230	PC	2721.88886013657
104	235	PC	810.655215825621
104	309	PC	3664.49559559358
104	412	PC	2370.18442582962
104	542	PC	590.320192700687
104	626	PC	519.85817051335
104	709	PC	1358.86819210315
104	926	PC	1452.32813290707
104	1122	PC	2151.1391142096
104	1172	PC	1587.04176687684
104	1274	PC	628.353148289124
104	1275	PC	754.933807598416
104	1276	PC	3436.05873180037
104	1401	PC	1.721929148228
104	1502	PC	514.855989310788
104	1531	PC	831.046380072878
104	1677	PC	3741.05259122737
104	1805	PC	253.710660163137
104	1870	PC	183.581590374554
104	1971	PC	717.420664871594
104	1973	PC	1254.25263716313
104	4001	PC	2.02957236135385
104	6010	PC	1.18498214572463
104	6020	PC	151.976283683587
105	1124	PC	503.329826717874
105	1503	PC	842.765821994649
106	104	PC	4090.35196425229
106	105	PC	540.041127045619
106	231	PC	13.7168222033561
106	301	PC	3300.34612026395
106	305	PC	20.5992962383402
106	602	PC	1296.68313885349
106	701	PC	1223.78983225859
106	702	PC	706.542836207176
106	706	PC	294.849147397565
106	805	PC	1970.85341433331
106	906	PC	1077.20303698507
106	1002	PC	790.610117051307
106	1071	PC	1141.47699759893
106	1106	PC	1631.98852661666
106	1124	PC	3306.24082406142
106	1159	PC	1217.02910894005
106	1251	PC	1901.71490189329
106	1263	PC	1240.33287670933
106	1271	PC	1003.00595120406
106	1401	PC	935.872825961038
106	1439	PC	968.888099732095
106	1502	PC	2060.61838236044
106	1503	PC	4277.03654662284
106	1671	PC	2734.28332303314
106	1804	PC	2.47889752871397
106	1866	PC	3585.02696855267
106	1868	PC	1505.29795220485
106	1901	PC	843.930817844161
106	1971	PC	906.461106835638
137	219	PC	17.3953644620167
211	542	PC	375.988984611471
211	626	PC	504.612914013093
219	1866	PC	4.45984341435173
219	6000	PC	21.7710980507698
219	6020	PC	4.47849629486044
220	58	PC	19.165823317361
230	104	PC	16.9254256353137
230	213	PC	1.32667686087544
230	230	PC	1.71425550342686
230	1525	PC	5.29534461393412
301	50	PC	1.54960634535318
301	58	PC	14.2603457428925
301	4001	PC	275.548713261096
301	5404	PC	1.68029603712995
301	5501	PC	.939332159645563
301	5700	PC	2.17271612578887
301	5842	PC	1.75030837201037
301	6020	PC	13.2404993981344
302	522	PC	8.28473848493771
302	709	PC	2.91183162949056
302	1004	PC	3.0400400620849
302	1420	PC	7.0390200969235
302	1504	PC	5.32751708731756
302	1519	PC	4.75059917494703
302	1525	PC	1.46785821642492
302	1532	PC	.536037660516524
302	1671	PC	5.97069912407414
302	1870	PC	.644418477882898
302	1871	PC	.49378417751989
302	1901	PC	1.13905121525894
302	1973	PC	2.4551873864908
302	2002	PC	2.32051343646987
303	312	PC	.841196705959479
303	831	PC	5.06962818580673
303	1018	PC	12.3156964441623
303	1502	PC	12.0768530957439
303	1933	PC	2.19246176967561
305	125	PC	1.26232188871165
305	1173	PC	.985998706970689
305	1273	PC	.964955738795409
305	1865	PC	3.11609982368082
306	302	PC	.879050557727656
309	1865	PC	2.54044138256926
626	58	PC	213.453669931944
626	5403	PC	333.350575277355
626	6020	PC	5908.75443137681
704	101	PC	1.10192325572476
704	104	PC	.892679474257273
704	105	PC	1.73312869298227
704	106	PC	2.170237369103
704	125	PC	1.74764533830205
704	136	PC	.631902667393322
704	211	PC	5274.26644798338
704	213	PC	2.24127885051666
704	214	PC	.66052357801483
704	215	PC	.731637603151039
704	219	PC	3.7232129586786
704	220	PC	1.38915202986728
704	221	PC	2.01549145835337
704	230	PC	2723.18042350303
704	231	PC	3.60025750783245
704	235	PC	881.798781090387
704	236	PC	1.52580533475585
704	301	PC	3.84516015729766
704	302	PC	3.34245956530463
704	303	PC	1.23011833603592
704	304	PC	2.58840867731509
704	305	PC	181.018737890822
704	306	PC	1.45638353957768
704	307	PC	.957128610582751
704	309	PC	6376.85450338411
704	311	PC	.547644022403
704	403	PC	1.28840573346594
704	412	PC	4190.52397124994
704	415	PC	.651849366264839
704	417	PC	.746925728981353
704	425	PC	.461696991524569
704	427	PC	1.14529274984483
704	428	PC	.848249742781292
704	501	PC	3.3466995206197
704	502	PC	1.37260216504803
704	512	PC	1.02979681262282
704	515	PC	.67257552424512
704	532	PC	4.4555738042792
704	534	PC	.863021512090397
704	538	PC	.750136658173868
704	542	PC	1002.01406164475
704	602	PC	1.94235251553169
704	604	PC	.671698390329938
704	620	PC	2.3404762809812
704	623	PC	1.41432628699958
704	624	PC	1.14697135547791
704	626	PC	2405.05218631821
704	704	PC	4.43666536728964
704	706	PC	6.13005305200174
704	709	PC	3542.75693722445
704	711	PC	3.08868871171652
704	716	PC	.761682553179581
704	719	PC	.621551937767142
704	720	PC	1.06547069925991
704	723	PC	1.42264214386609
704	805	PC	1.66021669977834
704	806	PC	10.2947162781128
704	807	PC	.98688481047003
704	815	PC	1.30352831362022
704	834	PC	1.53785440596256
704	904	PC	2.38015247313449
704	906	PC	1.40034536333825
704	926	PC	2159.85674473489
704	1002	PC	.607232316339386
704	1018	PC	1.77325947979697
704	1032	PC	.760341703125944
704	1071	PC	3.34736434058579
704	1072	PC	.950311062793422
704	1073	PC	.531102534264317
704	1074	PC	2.5641063004393
704	1102	PC	4.88633041240236
704	1106	PC	1.04917471946743
704	1122	PC	2661.33109392493
704	1124	PC	1.99036813291171
704	1149	PC	1.47059726458369
704	1172	PC	1384.71614141462
704	1173	PC	4.42276925857757
704	1219	PC	.736039154947877
704	1224	PC	.659241772637165
704	1231	PC	.701265919972394
704	1246	PC	1.22527374547212
704	1271	PC	4.33267952707781
704	1272	PC	.700568008228174
704	1273	PC	.702653032062187
704	1274	PC	730.539183330186
704	1275	PC	700.19322519401
704	1276	PC	5046.36856944319
704	1277	PC	.861114843447131
704	1432	PC	1.02663664417511
704	1449	PC	.610699358162458
704	1502	PC	641.00690760194
704	1503	PC	1.25052996408972
704	1504	PC	9.64939311658354
704	1528	PC	.714243969410107
704	1531	PC	1570.73393661226
704	1554	PC	.850789554996461
704	1612	PC	.537932995668418
704	1634	PC	1.21611041868669
704	1638	PC	.623769051746972
704	1640	PC	2.55517637480468
704	1671	PC	9.46623840532509
704	1673	PC	992.31437889266
704	1677	PC	3528.69715015851
704	1702	PC	2.74979845011518
704	1714	PC	3.32052154221817
704	1719	PC	2.71150102512852
704	1804	PC	10.8939171204802
704	1805	PC	527.642860933927
704	1818	PC	1.02677264837455
704	1833	PC	2.54553850031809
704	1837	PC	2.19544557396856
704	1865	PC	.805214143392541
704	1866	PC	1.4532459762518
704	1870	PC	1.93609912356618
704	1871	PC	1.12686567259143
704	1901	PC	2.04263843680365
704	1931	PC	.645585294798821
704	1971	PC	731.59075448588
704	1972	PC	3.25655893276066
704	1973	PC	1544.01568196212
704	2003	PC	.745475615104951
704	2004	PC	2.61762935955869
704	2012	PC	1.66534405404262
704	2028	PC	.893253576128361
704	2030	PC	1.35135263573145
709	104	PC	143.42624070424
709	1865	PC	51.7233559967001
822	4001	PC	.919828892645025
1071	301	PC	81.5760066993067
1071	709	PC	285.944409909082
1071	805	PC	11.5996666138154
1101	301	PC	53.4849397135572
1101	602	PC	43.3732578668786
1101	706	PC	48.1895466867472
1101	805	PC	328.065698664639
1101	926	PC	449.374999646285
1101	1002	PC	23.4990207517399
1101	1004	PC	1629.53772414836
1101	1101	PC	1716.18288404184
1101	1102	PC	186.274273443371
1101	1106	PC	2960.12293021989
1101	1111	PC	10.6931685991125
1101	1124	PC	2498.73438262879
1101	1130	PC	264.035438362012
1101	1149	PC	6.59055593028847
1101	1172	PC	184.147388757788
1101	1173	PC	72.0224990416877
1101	1244	PC	196.158935557851
1101	1271	PC	2341.59366185263
1101	1401	PC	536.607468652926
1101	1504	PC	117.900410336215
1101	1515	PC	394.957329999496
1101	1826	PC	67.9693569454097
1101	1868	PC	1918.78451541661
1101	1971	PC	163.405239834425
1101	4001	PC	25.4371027718605
1101	4002	PC	26.1793116515767
1101	4004	PC	19.3459110793838
1101	4005	PC	22.4128613024103
1101	5101	PC	7994.03519072963
1101	5102	PC	996.891565906865
1101	5103	PC	115.429063719474
1101	5106	PC	46.1716254877896
1101	5403	PC	11429.4430651831
1101	5404	PC	15536.2440887608
1101	5700	PC	161.889261866562
1101	5760	PC	325.509959688917
1101	5790	PC	470.027147465698
1101	5800	PC	13949.9105460986
1101	5810	PC	7897.65653968641
1101	5820	PC	28.8572659298685
1101	5835	PC	24.2401033810895
1101	5840	PC	1383.47619750039
1101	5841	PC	9234.56519001047
1101	5842	PC	23.0858127438948
1101	5920	PC	538.072580528328
1101	6000	PC	12918.4514384796
1101	6010	PC	416.339935639134
1101	6020	PC	32722.2130533974
1101	6030	PC	1101.42412601122
1111	211	PC	1.31167620247545
1119	1119	PC	29128.1111574069
1124	1101	PC	391.463737464048
1124	1106	PC	275.525056333165
1124	1124	PC	1584.78849270225
1124	1130	PC	545.489148873502
1124	1135	PC	578.252557364505
1124	1159	PC	2056.77568869539
1124	1271	PC	25003.7853895134
1124	1502	PC	1206.88385827632
1124	1671	PC	512.001597383501
1124	1702	PC	372.749036878284
1124	4001	PC	5.80069262597958
1124	5820	PC	17.3556723369309
1124	6000	PC	13.341593039753
1124	6020	PC	305.447071606207
1127	1106	PC	303.077561966482
1133	1101	PC	.75364550703334
1141	235	PC	10.9176353977389
1141	309	PC	18.9473032540724
1141	1172	PC	2.13508656659428
1141	1275	PC	10.2060767630868
1141	5101	PC	16.8138876456644
1141	5102	PC	212.49677296751
1141	5104	PC	2.79361356867177
1141	5106	PC	4.12313231854628
1141	5501	PC	4.05584428408492
1141	5820	PC	106.745505841801
1141	5841	PC	11.079322915621
1141	5860	PC	192.977442281089
1141	6010	PC	367.372945804114
1141	6020	PC	616.983710331167
1149	104	PC	24217.9001363249
1149	1004	PC	8409.27833692986
1149	1102	PC	113.741012833861
1149	1106	PC	1805.85048133551
1149	1124	PC	25.0919805440682
1149	1172	PC	221.777082196268
1149	1221	PC	3725.41719241345
1149	1224	PC	152.999139740593
1149	1244	PC	11876.7893944693
1149	1271	PC	7437.26233542201
1149	1401	PC	1711.1034801746
1149	1411	PC	372.427694571117
1149	1416	PC	26.6137539763517
1149	1439	PC	171.33740841946
1149	1502	PC	144.685821490288
1149	1503	PC	277.721115825615
1149	1504	PC	1151.08951722002
1149	1750	PC	269.814377948422
1149	1804	PC	9.11967949475899
1149	1813	PC	82.2145112588693
1149	1868	PC	2882.37981954113
1149	1901	PC	13484.5345178544
1149	2004	PC	12621.4968515318
1171	4001	PC	56.5915572590568
1171	4004	PC	28.7667948707579
1171	4005	PC	6.13945307533679
1172	1124	PC	409.332200995168
1173	104	PC	741.758685499277
1173	709	PC	660.91042740833
1173	1101	PC	105.968153407387
1173	1106	PC	289.301309149823
1173	1271	PC	193.226644157557
1173	1671	PC	691.894050518244
1173	6020	PC	17.2814234713184
1219	104	PC	81.6841657606007
1219	230	PC	73.9411395084516
1219	235	PC	3.33820188502551
1219	627	PC	.749735526348547
1219	1102	PC	3.78079985656316
1219	1149	PC	29.9031396081054
1219	1274	PC	14.070223527595
1219	1504	PC	.652239549853442
1219	1804	PC	19.282940124544
1219	1805	PC	2.75398129839738
1219	3001	PC	53.7001065112531
1219	5101	PC	65.1182856755312
1219	5102	PC	100.138537046269
1219	5104	PC	45.3137218279358
1219	5404	PC	56.5052649357505
1219	5605	PC	35.2994177125829
1219	5800	PC	166.558045699395
1219	5810	PC	23.140297888341
1219	5820	PC	24.5142386675252
1219	5840	PC	56.4606670533221
1219	5841	PC	175.999278016759
1219	5920	PC	42.4146583829035
1219	6020	PC	288.043456978303
1243	4001	PC	37.5083882797238
1243	5605	PC	391.325800335085
1243	5820	PC	43.1918992810033
1243	6000	PC	25.0984031438416
1243	6010	PC	414.636432412796
1243	6020	PC	271.545138904364
1243	6030	PC	60.0626110549584
1243	6050	PC	11.4818755622909
1244	50	PC	4.93058210970357
1244	58	PC	44.1664143332741
1244	1219	PC	13.0256722079523
1244	5402	PC	6.1904908558537
1244	5403	PC	5.13824662679461
1244	5404	PC	4.4282428029973
1244	5790	PC	10.1790417483621
1244	5800	PC	24.6552308224518
1244	5820	PC	21.8198560751305
1244	5831	PC	83.5356623080483
1244	5840	PC	23.0913661909505
1244	5880	PC	5.34243073298469
1244	6000	PC	290.441449822682
1244	6010	PC	467.447027287106
1244	6020	PC	1538.09566919051
1244	6050	PC	21.3024349878534
1245	5840	PC	23.3036712559095
1245	5930	PC	25.0334354736903
1245	6020	PC	521.969984324691
1246	105	PC	4.2207410031152
1246	805	PC	12.6530318702353
1246	1106	PC	8.26574058808725
1246	1124	PC	30.8400559132587
1246	1271	PC	2.71098066745299
1246	1971	PC	6.98332242047068
1246	2004	PC	56.2929766834472
1246	2030	PC	1597.74581591186
1246	2303	PC	107.889856192819
1246	4001	PC	54.9255245651308
1246	4004	PC	52.8303172027485
1246	4005	PC	12.3658999311365
1246	5101	PC	3.39108035450906
1246	5201	PC	8.16852438457007
1246	5404	PC	18.5320279106835
1246	5605	PC	21.2293463589331
1246	5790	PC	45.2221389732341
1246	5800	PC	141.034370665961
1246	5810	PC	42.474934635404
1246	5820	PC	26.7910429786787
1246	5831	PC	246.192665764751
1246	5860	PC	1.6566755888604
1246	5880	PC	1.86201983201746
1246	5900	PC	21.4706548480668
1246	6000	PC	193.017787882807
1246	6010	PC	1565.20458969814
1246	6020	PC	2289.79365544445
1246	6030	PC	113.561167150693
1246	6050	PC	34.8354327077809
1253	5201	PC	29.9849000487996
1253	5840	PC	28.887410478028
1253	5842	PC	20.9079884190771
1253	6020	PC	1236.70484667339
1253	6050	PC	215.814479284143
1260	235	PC	8.77617113523843
1260	1271	PC	54.8347047404975
1263	805	PC	3.53107866146102
1263	1124	PC	10.9342016419735
1271	50	PC	1413.25449030978
1271	52	PC	60.0336076307836
1271	56	PC	484.187803720758
1271	58	PC	5027.96632698657
1271	62	PC	10.6094525631151
1271	105	PC	6.93407450511783
1271	301	PC	9.85687902396398
1271	1106	PC	64.4727765870805
1271	1260	PC	34.2854582704157
1271	1271	PC	38.8573895668262
1271	1439	PC	117.528587720686
1271	1504	PC	83.4614474413713
1271	1671	PC	.707228609959413
1271	1845	PC	9.19290590311243
1271	1971	PC	5.16158613686964
1271	2004	PC	202.179000764493
1271	2012	PC	1.76038991487824
1271	2030	PC	403.91970653464
1271	3001	PC	70.9853005991605
1271	4001	PC	192.378552413996
1271	4003	PC	1.48961586561397
1271	4004	PC	38.6998489448216
1271	4005	PC	83.360481626033
1271	5101	PC	242.15886953053
1271	5102	PC	146.99167399145
1271	5103	PC	25.5230132737596
1271	5106	PC	98.2380780907009
1271	5201	PC	512.724852834756
1271	5403	PC	2804.05568976046
1271	5404	PC	1904.44140035239
1271	5501	PC	151.845687061332
1271	5605	PC	983.746262117155
1271	5700	PC	453.825859157687
1271	5710	PC	241.970927341878
1271	5720	PC	5.58257908515143
1271	5750	PC	4000.84834435852
1271	5790	PC	4604.99083005505
1271	5800	PC	13147.3368684023
1271	5810	PC	1055.61906749606
1271	5820	PC	1183.94529782562
1271	5831	PC	2373.56598569376
1271	5835	PC	2363.5308009293
1271	5840	PC	25.7248771060157
1271	5841	PC	1304.6413073233
1271	5842	PC	683.058482602025
1271	5860	PC	121.165864969306
1271	5880	PC	50.8476431261642
1271	5900	PC	3363.47489537956
1271	5920	PC	2866.61375543141
1271	6000	PC	4925.57959910191
1271	6010	PC	3037.73627833624
1271	6020	PC	32861.8599057026
1271	6030	PC	3400.42989832603
1271	6040	PC	315.74519720968
1271	6050	PC	1485.47649691575
1272	6030	PC	38.4260566206121
1273	52	PC	97.5338749517385
1273	58	PC	31.8817239898268
1273	4001	PC	57.1622686374857
1273	4004	PC	16.2883230165266
1273	4005	PC	72.5828092027045
1273	5605	PC	41.7649308116067
1273	5760	PC	2.73560296816024
1273	5800	PC	136.645572519841
1273	5810	PC	67.8366888707522
1273	5820	PC	31.2076844120061
1273	5920	PC	384.07610442837
1273	6010	PC	21.6841200499928
1273	6020	PC	586.465478730515
1275	5840	PC	23.0263985207992
1275	5841	PC	24.3628763067706
1275	6020	PC	290.966991868728
1276	4001	PC	28.0799551490036
1277	4001	PC	4.85169279594831
1277	4005	PC	21.0066000612712
1277	5820	PC	23.1586541350359
1277	5920	PC	89.1263623519687
1277	6020	PC	50.4056309417413
1401	54	PC	14.102216381468
1401	58	PC	512.797612259649
1401	1251	PC	48.048329327825
1401	1271	PC	15.2929551850117
1401	1439	PC	7.75685970707419
1401	1503	PC	208.305683668864
1401	1971	PC	664.096300479075
1401	4001	PC	92.2723686968762
1401	4005	PC	70.0620901292147
1401	5101	PC	52.8078147165435
1401	5201	PC	41.7038150057537
1401	5605	PC	64.4816009477966
1401	5700	PC	22.2820716692398
1401	5800	PC	66.0177454069658
1401	5820	PC	20.5282687592536
1401	5831	PC	128.225898138114
1401	5840	PC	8.17073870344447
1401	5842	PC	105.322759161569
1401	5860	PC	64.05540063049
1401	5900	PC	23.0079796963102
1401	6010	PC	96.1640106316408
1401	6020	PC	2915.77311945928
1401	6030	PC	51.7685241032183
1401	6050	PC	107.356897039623
1411	230	PC	.864758953423164
1411	309	PC	4.99538723557697
1411	6020	PC	1251.27517393981
1416	50	PC	.664596023540958
1416	58	PC	1.92027972256456
1416	4001	PC	9.2440141779174
1416	5106	PC	10.397270076936
1416	5403	PC	631.769723751449
1416	5404	PC	3.04968440445409
1416	5605	PC	1212.65138515959
1416	5790	PC	12.7913709305949
1416	5800	PC	26.3373552634687
1416	5920	PC	85.1219638883227
1416	6000	PC	9.80322850982449
1416	6010	PC	308.253680958628
1416	6020	PC	1321.30146643355
1416	6030	PC	2893.55856990947
1416	6050	PC	60.8304637427439
1428	309	PC	602.225482380581
1428	1271	PC	2549.91187525164
1428	1432	PC	47.6482704935847
1428	1534	PC	161.117682980143
1428	5403	PC	25.6336254378515
1428	5404	PC	12.6966550996858
1432	1438	PC	1.49102729556115
1438	104	PC	92.7408997837423
1438	5810	PC	9.36729039641751
1439	50	PC	.774320810335844
1439	58	PC	2022.96663623487
1439	106	PC	257.056838210692
1439	1106	PC	156.852434311904
1439	1149	PC	514.457641082912
1439	1271	PC	1048.69175303762
1439	1401	PC	231.407241391166
1439	1439	PC	2911.77927251871
1439	1441	PC	281.084564729992
1439	1504	PC	289.758581781711
1439	1517	PC	725.197673460007
1439	1671	PC	15.1039405697563
1439	1702	PC	59.1077185638844
1439	1804	PC	479.547193024848
1439	1813	PC	1.99159319048902
1439	1820	PC	1.59198902908584
1439	1865	PC	73.1134660691157
1439	1868	PC	53.0241274329595
1439	1870	PC	18.5206631779302
1439	1901	PC	2.93331319824491
1439	1931	PC	4.46784124214537
1439	1971	PC	698.843384062034
1439	2014	PC	12.990209249593
1439	2019	PC	3.30494187072623
1439	2023	PC	25.9817549264988
1439	2028	PC	522.816854277969
1439	2030	PC	339.462400307331
1439	4001	PC	661.30641065318
1439	4002	PC	1.53725454993145
1439	4004	PC	12.121536802978
1439	4005	PC	27.9575360814201
1439	5101	PC	19679.9179450305
1439	5102	PC	2330.4334881202
1439	5103	PC	99.0675154400271
1439	5104	PC	52.3805254050718
1439	5106	PC	254.296063770884
1439	5201	PC	1342.05738330238
1439	5302	PC	125.554980688883
1439	5402	PC	11.5920380135572
1439	5403	PC	8827.42348906143
1439	5404	PC	4960.51204923426
1439	5501	PC	1019.31819214025
1439	5605	PC	2319.37322631021
1439	5700	PC	298.882139254266
1439	5710	PC	27.2674795945619
1439	5720	PC	114.553931646744
1439	5730	PC	680.377476728922
1439	5750	PC	869.266206167907
1439	5760	PC	1673.63749618723
1439	5770	PC	78.5707881076078
1439	5790	PC	15648.8698514324
1439	5800	PC	12665.1863052077
1439	5810	PC	1263.7792429128
1439	5820	PC	186.38812870443
1439	5830	PC	1271.89025340107
1439	5831	PC	1716.76602661586
1439	5835	PC	20062.1511646891
1439	5840	PC	958.078525699281
1439	5841	PC	20558.1776596691
1439	5842	PC	558.313771928994
1439	5860	PC	24.1610866966264
1439	5900	PC	12462.5886813046
1439	5920	PC	15742.8336817667
1439	5930	PC	105.027508265465
1439	6000	PC	46550.8223043366
1439	6010	PC	8795.61598436273
1439	6020	PC	106394.030770253
1439	6030	PC	3491.75642334067
1439	6040	PC	444.551241698696
1439	6050	PC	44.6373173017134
1441	5101	PC	40.7486326439238
1441	5102	PC	11.0875907797649
1441	5605	PC	1061.30687678779
1441	5700	PC	25.0868555478073
1441	5800	PC	54.3607370067983
1441	5841	PC	1.4905675598965
1441	5850	PC	905.979260941492
1441	6000	PC	30.7450909986291
1441	6020	PC	2320.1145246154
1441	6030	PC	1350.00783609321
1444	4004	PC	16.7446875235126
1444	5605	PC	92.4607369965439
1444	6020	PC	621.936752275898
1449	50	PC	120.154093036791
1449	58	PC	.702582264672376
1449	59	PC	34.7214561011185
1449	62	PC	.742437012263192
1449	3001	PC	1.04761050810144
1449	4001	PC	113.875262230626
1449	5101	PC	118.818389638961
1449	5102	PC	705.409674337176
1449	5103	PC	43.4986102276901
1449	5104	PC	157.746229671522
1449	5201	PC	242.748435333213
1449	5204	PC	5.12418183310485
1449	5402	PC	43.9540930572994
1449	5404	PC	34.1395767862926
1449	5501	PC	141.040258188526
1449	5605	PC	193.024513531838
1449	5800	PC	481.054774370661
1449	5810	PC	21.4099704057861
1449	5820	PC	7.73523715384028
1449	5831	PC	295.29179584987
1449	5840	PC	58.8552138279683
1449	5900	PC	841.160638166863
1449	6000	PC	90.0967811108715
1449	6010	PC	277.154469574827
1449	6020	PC	7373.87074131313
1449	6030	PC	9.12787590537077
1503	1124	PC	2725.57923198093
1503	1244	PC	1686.26033354872
1503	1502	PC	3022.08270184968
1503	1503	PC	8690.228441112
1503	1504	PC	1299.64523161086
1503	1702	PC	6.55031066571816
1503	1750	PC	49.4120979923426
1503	1804	PC	85.9644784900287
1503	1820	PC	818.010135137716
1503	1860	PC	471.381260344941
1503	1865	PC	424.383473058023
1503	1866	PC	10762.4200626992
1503	1868	PC	1204.4473326926
1503	1971	PC	116.022796136853
1504	50	PC	1.78875050843555
1504	58	PC	71.9585478728971
1504	105	PC	5.19482615620965
1504	211	PC	14.7523164300514
1504	219	PC	3.77521566287016
1504	228	PC	35.9049963991942
1504	230	PC	5.35814111410282
1504	231	PC	1.70628488062063
1504	301	PC	2.73192657564629
1504	302	PC	1.09015417703956
1504	303	PC	2.89739956300729
1504	304	PC	.865426219719853
1504	305	PC	1.76960007335795
1504	306	PC	15.547430913778
1504	310	PC	1.6160446352375
1504	412	PC	.76273520458784
1504	604	PC	1.13343811921923
1504	1071	PC	.664001161153047
1504	1101	PC	936.165467623702
1504	1102	PC	.89686861078335
1504	1106	PC	299.459653599069
1504	1119	PC	4.75263112620427
1504	1120	PC	3.00452377551458
1504	1124	PC	1035.30271335807
1504	1135	PC	.710678861440447
1504	1149	PC	.825632309491563
1504	1154	PC	.760828220313624
1504	1172	PC	29.463788896164
1504	1173	PC	.944906769193056
1504	1211	PC	1.32843462128576
1504	1221	PC	3220.36017985678
1504	1224	PC	1.16603981799274
1504	1228	PC	3.6267217417229
1504	1232	PC	.599788866891177
1504	1238	PC	5.10593541770233
1504	1244	PC	67.4443055689192
1504	1247	PC	.705197762570544
1504	1263	PC	1.32227687835359
1504	1271	PC	7847.47239568806
1504	1273	PC	4.38148048519114
1504	1275	PC	2.27895881509439
1504	1277	PC	124.36746445833
1504	1401	PC	1154.57302885772
1504	1438	PC	183.926452642717
1504	1439	PC	71.9258524792226
1504	1502	PC	2485.75894453363
1504	1503	PC	1375.9846130217
1504	1504	PC	29227.9778253555
1504	1511	PC	1043.23272366464
1504	1514	PC	17.9916840177043
1504	1517	PC	844.431615673338
1504	1520	PC	1011.53450281359
1504	1525	PC	1.3842911304596
1504	1531	PC	39.2283564594015
1504	1534	PC	188.266542219189
1504	1563	PC	1253.26061317345
1504	1671	PC	647.804729893419
1504	1677	PC	1.28611261688835
1504	1702	PC	132.590255146186
1504	1703	PC	150.707500894596
1504	1750	PC	1474.55655993989
1504	1804	PC	426.720600373603
1504	1805	PC	254.075803396887
1504	1813	PC	4.13497366587111
1504	1820	PC	11.3025649317501
1504	1824	PC	12.8482804625993
1504	1851	PC	7.41705687449481
1504	1860	PC	480.586864169187
1504	1865	PC	310.445453701773
1504	1866	PC	240.583625850576
1504	1868	PC	1131.1838615448
1504	1870	PC	318.604622542617
1504	1901	PC	402.181867251118
1504	1931	PC	169.623550289287
1504	1941	PC	6.58737333995299
1504	1971	PC	1266.33158428175
1504	1972	PC	.677656780224165
1504	2002	PC	1.13269394326661
1504	2003	PC	1.01036403298432
1504	2004	PC	120.091223989179
1504	2012	PC	6.48772758297134
1504	2014	PC	68.6908265171873
1504	2018	PC	4.0889806848451
1504	2019	PC	10.28858726765
1504	2022	PC	2.43099237681779
1504	2028	PC	4.02737761533152
1504	2030	PC	6.2664744943016
1504	2301	PC	14504.2792457284
1504	4001	PC	2725.38066579292
1504	4002	PC	11.309519343657
1504	4004	PC	64.5831256152121
1504	4005	PC	146.391341610365
1504	5101	PC	4905.76713474087
1504	5102	PC	216.078753353843
1504	5104	PC	31.0792515759212
1504	5106	PC	48.8075001633967
1504	5201	PC	612.505103131087
1504	5204	PC	52.7439053145409
1504	5302	PC	414.496192010202
1504	5403	PC	7895.94403950931
1504	5404	PC	316.3676471826
1504	5501	PC	26.7608616387819
1504	5605	PC	7055.17129085013
1504	5700	PC	791.997561408199
1504	5710	PC	1081.00425000725
1504	5720	PC	2.91970244280125
1504	5730	PC	121.865841090835
1504	5750	PC	624.452802494851
1504	5760	PC	68.5495356135946
1504	5770	PC	12.1173421539182
1504	5790	PC	5255.70558985275
1504	5800	PC	13887.1376771273
1504	5810	PC	111.24874129883
1504	5820	PC	646.85488305598
1504	5831	PC	37.1021476427116
1504	5835	PC	5811.36189376058
1504	5840	PC	1765.04667911731
1504	5841	PC	614.892796551702
1504	5842	PC	25.3887168939239
1504	5850	PC	169.350819910575
1504	5860	PC	1.73104887913118
1504	5880	PC	13.0694190374404
1504	5890	PC	16.5026659810506
1504	5900	PC	664.076511338163
1504	5920	PC	17847.115097875
1504	6000	PC	20109.9410386427
1504	6010	PC	2357.62394755185
1504	6020	PC	89275.9331629433
1504	6030	PC	2734.91874511693
1504	6040	PC	179.428986484877
1511	50	PC	272.27496914191
1511	52	PC	94.7366600731584
1511	56	PC	34.8768948147648
1511	58	PC	2304.05256916785
1511	5102	PC	97.8847587367017
1511	5201	PC	53.2790458946604
1511	5204	PC	24.7809515789118
1511	5404	PC	30.7409998868955
1511	5605	PC	263.888452658491
1511	5800	PC	137.207310374072
1511	5810	PC	24.7809515789118
1511	5820	PC	76.6373872903384
1511	5920	PC	100.064564662625
1511	6010	PC	113.279924905101
1511	6020	PC	500.747311835539
1511	6030	PC	5827.48398423182
1511	6050	PC	36.5312527859125
1515	50	PC	5.10074586665935
1515	230	PC	158.883500376713
1515	235	PC	65185.1225087915
1515	305	PC	35.1253565418427
1515	306	PC	17.7591056827105
1515	602	PC	.824904353408044
1515	624	PC	91.06810388774
1515	1245	PC	462.381407388878
1515	1401	PC	1.56914242999453
1515	1439	PC	915.24162129778
1515	1504	PC	1138.50570880871
1515	1511	PC	245.173513029354
1515	1525	PC	1393.99701914549
1515	1529	PC	4.80071791810635
1515	1531	PC	89.2271809702972
1515	1532	PC	733.545608273961
1515	1545	PC	67.9173560932311
1515	1547	PC	229.554022192977
1515	1671	PC	35.8958397213705
1515	3001	PC	28.3466551672108
1515	4001	PC	449.447300268361
1515	4002	PC	57.1545113776958
1515	4005	PC	27.0307407477195
1515	5101	PC	46.3025196654307
1515	5102	PC	50.1928996100645
1515	5204	PC	33.9717017223684
1515	5402	PC	2.20275125145883
1515	5403	PC	347.006747146481
1515	5605	PC	1485.54576938033
1515	5700	PC	273.180162234306
1515	5710	PC	158.141478126869
1515	5730	PC	115.644440701589
1515	5790	PC	13.6191979719103
1515	5800	PC	51.0522020513888
1515	5810	PC	5.9979080951181
1515	5820	PC	48.4777365262463
1515	5840	PC	51.4101491297508
1515	5841	PC	660.632634703146
1515	5850	PC	216.4811155685
1515	5860	PC	36.3453956490707
1515	5900	PC	18.8266396023122
1515	5920	PC	88.3945720949999
1515	5930	PC	955.169158680112
1515	6010	PC	224.386927481939
1515	6020	PC	5197.49483178202
1515	6030	PC	969.861050620831
1515	6040	PC	37.4364458783089
1515	6050	PC	13.840620363333
1517	626	PC	.691926023868461
1517	1119	PC	3.45221350909706
1517	1677	PC	3.44367016629291
1517	1719	PC	6.88573684900531
1517	1804	PC	5.64726991313174
1520	6050	PC	10.9847321603608
1525	58	PC	68.3094968356885
1525	104	PC	81.9609974919453
1525	214	PC	1410.90605607058
1525	227	PC	1.74458102266404
1525	230	PC	.779760460527233
1525	231	PC	73.7689041496775
1525	305	PC	23.6796295795853
1525	306	PC	9.89603755043991
1525	310	PC	34.2412196181539
1525	906	PC	1.74138772004793
1525	1124	PC	855.346774597467
1525	1271	PC	30.4511383559771
1525	1274	PC	4.57452940132978
1525	1277	PC	688.555291987343
1525	1401	PC	64.3785006800401
1525	1503	PC	60.2163846270306
1525	1504	PC	261.159923577441
1525	1515	PC	1.02656077129732
1525	1525	PC	14.455253306945
1525	1526	PC	.817028302030363
1525	1531	PC	3.25987845538728
1525	1547	PC	3.758630440558
1525	1653	PC	347.546625745092
1525	1671	PC	128.162213459029
1525	1674	PC	.876885026307052
1525	1677	PC	947.12767173108
1525	1804	PC	.83137850867102
1525	1805	PC	306.598815908818
1525	1860	PC	122.482871680812
1525	1926	PC	7.79974801847766
1525	1972	PC	.85624121296224
1525	5101	PC	444.936109533432
1525	5102	PC	51.412151710196
1525	5104	PC	24.927103859489
1525	5106	PC	32.5621834490436
1525	5201	PC	561.260286145874
1525	5402	PC	40.0091557270659
1525	5501	PC	22.4932491354305
1525	5700	PC	50.1946473318737
1525	5720	PC	9.37997685971881
1525	5790	PC	30.0267738574094
1525	5800	PC	48.192400795012
1525	5820	PC	319.769735246386
1525	5860	PC	29.5778551814214
1525	5880	PC	107.186546595803
1525	5920	PC	520.159415592369
1525	6000	PC	57.706245434717
1525	6010	PC	293.873244014584
1525	6020	PC	735.447656624743
1525	6030	PC	2730.72383666651
1525	6040	PC	30.4456876861592
1525	6050	PC	1314.13383482054
1531	826	PC	3613.44792683939
1531	1271	PC	6.29233755341098
1531	1426	PC	22.386351840757
1531	1503	PC	20.7272344368162
1531	1504	PC	2379.61837681413
1531	1515	PC	47.3842840871921
1531	1531	PC	14003.9762146436
1531	1532	PC	38.2813958095297
1531	5404	PC	27.0043625144464
1531	5790	PC	1597.18109914503
1531	5820	PC	63.1486631107054
1531	5831	PC	45.0072708574106
1531	5835	PC	1127.65140116949
1531	5860	PC	.933612362144749
1531	5900	PC	206.964203988924
1531	5920	PC	68.2033258377684
1531	6000	PC	3581.03235658453
1531	6010	PC	265.490966592349
1531	6020	PC	27744.4205312526
1531	6030	PC	215.804093598354
1532	58	PC	19.3427401754118
1532	5102	PC	123.38916410447
1532	5800	PC	5.17006598567178
1532	5920	PC	23.911555183732
1532	6010	PC	47.1122262944342
1532	6030	PC	3422.83295355333
1532	6050	PC	371.056097404699
1545	5403	PC	48.2001016915699
1545	5605	PC	946.559335126394
1545	5750	PC	351.172169467152
1545	5800	PC	672.406337676495
1545	5810	PC	105.305745981392
1545	5820	PC	340.253698812543
1545	5840	PC	50.4953446292637
1545	5920	PC	354.954729828471
1545	6000	PC	216.900457612065
1545	6020	PC	140.009819199322
1547	6020	PC	488.198172847472
1547	6030	PC	126.837419979897
1548	50	PC	12.9945178917535
1548	56	PC	591.667724478709
1548	58	PC	31.235961139075
1548	538	PC	38.1973726511272
1548	545	PC	132.435940225308
1548	719	PC	25.4646719438946
1548	1026	PC	37.4096338373407
1548	1106	PC	268.448267889799
1548	1221	PC	124.5248819008
1548	1417	PC	34.2983177652016
1548	1502	PC	12.0150841621104
1548	1528	PC	298.90156426282
1548	1636	PC	26.8167000867653
1548	1702	PC	903.331747065387
1548	1822	PC	21.9650421987418
1548	1824	PC	28.1880801282206
1548	1867	PC	139.908758600983
1548	3001	PC	23.5798687662025
1548	4001	PC	572.720935281389
1548	4002	PC	4.80068506315414
1548	4004	PC	40.3647126730219
1548	4005	PC	197.141791236995
1548	5101	PC	1699.88561019275
1548	5102	PC	79.7551015989843
1548	5103	PC	71.1754834978849
1548	5106	PC	168.156383344261
1548	5201	PC	323.79451170634
1548	5204	PC	10.9253563834225
1548	5402	PC	25.0525766649279
1548	5403	PC	995.870334399808
1548	5404	PC	2173.14634200171
1548	5501	PC	32.8414835739918
1548	5605	PC	8093.7725522631
1548	5700	PC	398.147759051462
1548	5710	PC	1468.47003624271
1548	5720	PC	74.8559055484769
1548	5730	PC	191.377356144909
1548	5750	PC	159.28985987595
1548	5760	PC	601.228558935672
1548	5790	PC	1464.53369460457
1548	5800	PC	3073.2052028319
1548	5820	PC	53.5640844369603
1548	5831	PC	739.880741937349
1548	5835	PC	1332.15900103748
1548	5840	PC	315.081769514855
1548	5841	PC	1024.69973331871
1548	5842	PC	197.505654788552
1548	5850	PC	212.219309640638
1548	5900	PC	151.394224170283
1548	5920	PC	6143.3301896414
1548	6000	PC	2793.70084647277
1548	6010	PC	816.180355293635
1548	6020	PC	40832.5933525163
1548	6030	PC	1252.9857435232
1548	6040	PC	45.4526958951504
1548	6050	PC	4.00749416921338
1554	50	PC	6.06004380321146
1554	54	PC	1.56963183897223
1554	58	PC	2.4838130199121
1554	62	PC	1.49488746568784
1554	137	PC	16.9928611871472
1554	211	PC	176.977419502474
1554	301	PC	10.3621389941605
1554	306	PC	33.1588447813137
1554	309	PC	103.621389941605
1554	822	PC	59.4226153741726
1554	1071	PC	135.03601962135
1554	1106	PC	78.6518399736515
1554	1119	PC	22.2394444576267
1554	1124	PC	21746.2762254726
1554	1221	PC	138.156096558118
1554	1244	PC	4834.37577319524
1554	1263	PC	135.891771776601
1554	1271	PC	1186.49976490342
1554	1401	PC	230.08537468542
1554	1416	PC	560.381880978177
1554	1439	PC	987.276481079517
1554	1502	PC	14856.771982348
1554	1503	PC	137439.07443653
1554	1504	PC	3466.30525336069
1554	1515	PC	35.411364598874
1554	1520	PC	85.4317881755798
1554	1554	PC	3328.10548327878
1554	1671	PC	222.251924041352
1554	1702	PC	23928.2848618684
1554	1703	PC	10835.6086337827
1554	1719	PC	259.944711882496
1554	1750	PC	7583.27467888482
1554	1804	PC	2987.83872405176
1554	1813	PC	162.429332427865
1554	1820	PC	3476.95072058204
1554	1837	PC	381.605383545835
1554	1865	PC	330.453264354514
1554	1866	PC	31558.9330826721
1554	1901	PC	7.88494048981405
1554	1971	PC	976.827343516787
1554	2030	PC	4.8131505530909
1554	3001	PC	11.961399552373
1554	4001	PC	216.997864519246
1554	4004	PC	1.05217079315721
1554	4005	PC	2.68619778449753
1554	5501	PC	.691097974521839
1554	5605	PC	29.9494954183382
1554	5810	PC	177.63402780738
1554	5860	PC	272.960701667423
1554	6010	PC	38.0621347032826
1554	6050	PC	.910731440634436
1557	1401	PC	131.127783891814
1557	1502	PC	1891.5565452486
1557	1503	PC	74.6853515707368
1557	1504	PC	267.2294691711
1557	1702	PC	24.8623416623501
1557	1703	PC	12.1066210196661
1563	1124	PC	201.603097936311
1563	1244	PC	5783.60554642131
1563	1502	PC	740.979467682565
1563	1503	PC	20723.4371053646
1563	1504	PC	425.586669733517
1563	1563	PC	1.27600203383626
1563	1702	PC	2976.33886981803
1563	1703	PC	107.119693010924
1563	1719	PC	3.6587841798034
1563	1804	PC	158.355822848018
1563	1820	PC	819.311169074401
1563	1865	PC	403.603456278871
1563	1866	PC	836.752138559414
1563	1901	PC	5.86435112243544
1569	1124	PC	964.290368574002
1569	1244	PC	760.722983966425
1569	1401	PC	110.713829096063
1569	1502	PC	2229.41872835411
1569	1503	PC	193.121313639826
1569	1504	PC	201.699327442982
1569	1702	PC	1888.45456492654
1569	1750	PC	74.1181469885139
1569	1820	PC	562.008292180995
1569	1837	PC	510.246112388209
1569	1866	PC	7741.22763807748
1569	1868	PC	1183.31667773308
1573	5101	PC	171.797067210587
1573	5102	PC	222.255268744727
1573	5201	PC	23.9181994510054
1573	5403	PC	5066.10462640997
1573	5404	PC	1312.28121218689
1573	5501	PC	5.97954986275135
1573	5750	PC	214.619843535368
1573	5800	PC	2858.79979111272
1573	5841	PC	37.2571952986815
1573	5920	PC	336.349679779763
1573	6000	PC	1212.58371735986
1573	6020	PC	5099.774091791
1573	6040	PC	22.9982687028898
1612	1101	PC	39.793019101685
1612	1244	PC	869.537023987758
1612	1504	PC	688.940926921016
1612	1833	PC	66.6853132879559
1612	1866	PC	4118.843232025
1617	52	PC	18.8609586025895
1617	58	PC	48.0146647380289
1617	235	PC	807.217011913761
1617	305	PC	37.5972617809504
1617	402	PC	26.024986460856
1617	720	PC	76.5414807599016
1617	1124	PC	36.6936461565084
1617	1244	PC	50.8614624257485
1617	1245	PC	32.7244360234236
1617	1271	PC	5.71738840716471
1617	1401	PC	3.7577171484064
1617	1502	PC	15.7588020122045
1617	1503	PC	15721.1355915999
1617	1504	PC	50.9689591133245
1617	1520	PC	27.9892733562196
1617	1671	PC	1.91040201815898
1617	1702	PC	2636.80343515231
1617	1866	PC	883.941961349384
1617	1870	PC	34.8036741876414
1617	4001	PC	29.3402991264075
1617	4005	PC	3.9810367948811
1617	5101	PC	431.53395790102
1617	5605	PC	213.021975850459
1617	5800	PC	66.060872578813
1617	5810	PC	46.1035352839506
1617	5820	PC	83.9958200026224
1617	5841	PC	13.624765228711
1617	5900	PC	89.7037111859672
1617	5920	PC	1.33280707834447
1617	6010	PC	22.3250980436083
1617	6020	PC	183.065108579982
1617	6030	PC	644.729778153002
1620	301	PC	573.46894520807
1620	1274	PC	.867839377171739
1620	1620	PC	69480.6442712111
1620	1677	PC	12.5655824379853
1620	1971	PC	5.92132433344909
1620	6020	PC	2.08497385560148
1632	1525	PC	42.89037078736
1640	62	PC	1.14432044561676
1663	5102	PC	131.397101493528
1663	5403	PC	57.8732695252433
1663	5800	PC	94.9617213638498
1663	5850	PC	199.511091220477
1663	6020	PC	255.276930763009
1671	1102	PC	111.623182572588
1671	1124	PC	10.9503972477844
1671	1130	PC	7.16583368879712
1671	1271	PC	230.896650125849
1671	1401	PC	9.18209514138787
1671	1416	PC	16.4858113932136
1671	1439	PC	1.57636045836927
1671	1502	PC	33.6137583721422
1671	1503	PC	16.4757109425885
1671	1504	PC	25.0202072905272
1671	1531	PC	918.214387870237
1671	1703	PC	49.3839981005229
1671	1750	PC	134.858373419627
1671	1804	PC	692.068148919036
1671	1805	PC	235.036494645615
1671	1813	PC	3.2331348687033
1671	1820	PC	185.944064972312
1671	1860	PC	386.12478195561
1671	1865	PC	354.695954355673
1671	1868	PC	5.41230976745322
1671	1870	PC	82.1105401557163
1671	1901	PC	164.460264954498
1671	1931	PC	612.71838675772
1671	1971	PC	7377.01825246104
1671	2003	PC	150.69908343058
1671	2004	PC	38.9862567673749
1671	2012	PC	7.2852660745884
1671	2014	PC	20.9913135538849
1671	2028	PC	7.542999992067
1671	2030	PC	22.5069454716487
1675	1251	PC	43.3975656835642
1675	1271	PC	41.7898884993399
1675	1416	PC	24.3165718049901
1675	1503	PC	79.137431248827
1675	1702	PC	122.999603758938
1675	1719	PC	32.9043030719435
1675	1750	PC	151.442898306183
1675	1804	PC	514.248503538415
1675	1805	PC	10.5544251940192
1675	1820	PC	40.9076942939086
1675	1860	PC	275.933511633372
1675	1870	PC	76.3818978192709
1675	1901	PC	278.728111383921
1675	1931	PC	403.067583718742
1675	1941	PC	8.48641220012305
1675	1971	PC	6695.16757390715
1675	2012	PC	212.183374422387
1675	2014	PC	18.7817016008444
1675	2018	PC	2.70221766108974
1675	2025	PC	605.335208417848
1675	2030	PC	61.5496059836924
1750	50	PC	2.85412859961748
1750	4001	PC	34.9898979988262
1750	5102	PC	22.041196261576
1750	5403	PC	51.2702619821103
1750	5605	PC	1.54409757579696
1750	5700	PC	19.4115996589999
1750	5710	PC	463.59238361968
1750	5790	PC	30.9229565633958
1750	5800	PC	399.933469002523
1750	5831	PC	286.323671883295
1750	5835	PC	2299.54557952287
1750	5920	PC	1800.44218882153
1750	6000	PC	2183.51806531826
1750	6020	PC	925.311065130556
1750	6030	PC	109.311506156917
1804	235	PC	218.483723578216
1804	309	PC	5.00268031933885
1804	1172	PC	10.8493811526946
1804	1275	PC	7.56750009715206
1804	1677	PC	32.6107201474054
1804	1971	PC	3.0511444811051
1804	5700	PC	21.6544622809436
1804	5880	PC	19.9150054747694
1804	5900	PC	21.9980021373308
1804	6020	PC	319.577951404248
1805	1503	PC	30.2778859257556
1805	1866	PC	28.5922447240722
1813	1502	PC	82.1476784278304
1813	1820	PC	34.6519002378712
1818	1845	PC	52135.7254508593
1834	4001	PC	67.8288334823219
1834	4004	PC	2.03319061220078
1834	5700	PC	41.6593352664602
1834	5831	PC	22.0564162547092
1834	6020	PC	130.018268241391
1835	1627	PC	3241.02551959597
1835	1834	PC	3884.50594378156
1835	5404	PC	27.5420442593921
1835	5800	PC	855.967552524731
1835	5840	PC	130.875967138303
1835	5841	PC	240.884678245502
1835	6030	PC	8.70000554397176
1841	1804	PC	.964252635612352
1841	1974	PC	.905756071037627
1848	5201	PC	1.54134882232417
1848	5700	PC	329.310435535699
1848	5800	PC	174.040726644349
1848	5810	PC	21.0624285951029
1848	5831	PC	214.019604864989
1848	5842	PC	23.3000181930386
1848	5920	PC	66.0833267746532
1848	6000	PC	45.524756635585
1848	6010	PC	89.5722918887048
1848	6020	PC	1240.115899251
1851	58	PC	19.9725209081954
1851	101	PC	1.5509604226742
1851	625	PC	1.66257682104775
1851	3001	PC	10.1817063076897
1851	4001	PC	499.874159254898
1851	4005	PC	26.9395703642212
1851	5102	PC	33.8431666678173
1851	5201	PC	17.7420200782548
1851	5204	PC	2.31072577450686
1851	5403	PC	659.409437127235
1851	5404	PC	3488.84262638569
1851	5605	PC	547.783711585413
1851	5710	PC	415.054196318156
1851	5730	PC	19.2749451259159
1851	5760	PC	1.81411248243914
1851	5790	PC	28.6992594721872
1851	5800	PC	45.3528120609785
1851	5810	PC	.816350617097614
1851	5820	PC	93.1750847386773
1851	5830	PC	89.8892735048595
1851	5835	PC	136.058436182936
1851	5840	PC	37.7210676114174
1851	5841	PC	196.167919468255
1851	5900	PC	89.4538865090741
1851	5920	PC	222.868253748855
1851	6000	PC	173.20465690148
1851	6010	PC	412.864789315912
1851	6020	PC	10200.0197731999
1851	6030	PC	222.834239139809
1851	6040	PC	132.523184482782
1856	4002	PC	23.0544737613871
1857	1804	PC	.702542135169185
1857	1874	PC	1.02311929615658
1857	5605	PC	325.85028539532
1857	5800	PC	21.2704966250893
1857	5835	PC	13943.1993532758
1857	5920	PC	3052.0189361776
1859	101	PC	38.8418764425064
1859	104	PC	169.631473965584
1859	235	PC	19.7978838317863
1859	303	PC	9.2745203935217
1859	305	PC	100.989222062792
1859	306	PC	607.383806361766
1859	309	PC	1.03050226594686
1859	1074	PC	5.23397527650623
1859	1273	PC	131.565215482365
1859	1504	PC	27.9805105818705
1859	1671	PC	12.4598478731667
1859	1871	PC	.768396686019691
1859	1971	PC	626.51507438373
1859	1972	PC	152.098292594077
1859	2028	PC	398.101087804438
1860	1504	PC	13137.6392773232
1860	1866	PC	1534.83118298292
1860	2004	PC	93.9588391387325
1860	2028	PC	1.32890205752554
1860	5710	PC	28.5367727302408
1860	5880	PC	7.03298678732792
1865	55	PC	36.2513302696415
1865	1106	PC	7.12927298555809
1865	1422	PC	124.841072499445
1865	1439	PC	181.629020667149
1865	1804	PC	13056.126900603
1865	1805	PC	1.02427790071792
1865	1834	PC	61.4488184039154
1865	1860	PC	13.0297451445006
1865	1865	PC	377.525734380131
1865	1868	PC	103.06693785537
1865	2018	PC	499.197475735942
1865	2028	PC	189.843151075078
1865	4001	PC	349.590904209129
1865	5403	PC	1.37229010484447
1865	5710	PC	18.5922437704679
1865	5840	PC	103.05441257347
1865	5841	PC	105.477648183608
1865	5842	PC	58.0398664093096
1866	58	PC	126.481939883929
1866	104	PC	12.975294141026
1866	106	PC	.727537538585346
1866	211	PC	623.848175823882
1866	213	PC	32.8300010494127
1866	214	PC	37.1253249541119
1866	215	PC	2.8272346956068
1866	230	PC	4.56287450214015
1866	233	PC	1.1468266869312
1866	235	PC	177.095263706716
1866	306	PC	1.01595368645341
1866	309	PC	877.101468513594
1866	412	PC	370.807938873286
1866	542	PC	82.679776045183
1866	709	PC	322.505442352296
1866	926	PC	166.509166829999
1866	1102	PC	19.8102021714151
1866	1122	PC	188.669882358152
1866	1124	PC	.584514739935199
1866	1173	PC	7.56593275655952
1866	1271	PC	42.917493461745
1866	1276	PC	382.942883698778
1866	1277	PC	26.704344675874
1866	1502	PC	67.5521297216812
1866	1504	PC	56.7678202652489
1866	1531	PC	107.880963112578
1866	1653	PC	14.1772975798271
1866	1671	PC	2.19627104949091
1866	1673	PC	79.7066431020599
1866	1677	PC	390.861527820246
1866	1805	PC	6.5158488073305
1866	1901	PC	2.34559318540238
1866	1925	PC	.686615461470547
1866	1971	PC	118.585110118262
1866	1972	PC	1.98177014290897
1866	1973	PC	70.1624771359743
1866	4001	PC	14.5202961856591
1866	5201	PC	1483.41204722196
1866	5404	PC	5.90470783075438
1866	5700	PC	533.847550883605
1866	5800	PC	178.194833445673
1866	5820	PC	48.3174587539739
1866	5831	PC	1050.44570065051
1866	5900	PC	170.30708234074
1866	5920	PC	44.419713731435
1866	6000	PC	67.2799541178626
1866	6010	PC	404.098886065531
1866	6020	PC	1058.73097163063
1866	6030	PC	347.299104932
1867	441	PC	2909.91364791791
1867	1833	PC	145.022689641646
1867	1857	PC	1443.45656870498
1868	59	PC	28.5622016905858
1868	1439	PC	1.55217707133877
1868	1677	PC	.966750520336294
1868	1971	PC	1.37848332658111
1868	1974	PC	1.22220178664895
1868	2019	PC	1.03787658562123
1868	4001	PC	78.2669934186837
1868	5101	PC	68.7606871772724
1868	5403	PC	1866.51299947963
1868	5605	PC	28.8082311835339
1868	5800	PC	22.0401420766005
1868	5830	PC	33.6695917201195
1868	6020	PC	10995.5375695567
1868	6030	PC	293.710236486527
1870	50	PC	22.1039275006982
1870	51	PC	5.51288308272592
1870	1271	PC	5.19815223276375
1870	1504	PC	26.4139129922887
1870	1835	PC	.445789207164848
1870	1931	PC	3.19563886375837
1870	1971	PC	11.4325957288834
1870	1973	PC	.727310243530439
1870	4001	PC	405.733387558034
1870	4005	PC	53.0558045440854
1870	5201	PC	117.70688796878
1870	5204	PC	80.2432025402807
1870	5403	PC	1169.10595290447
1870	5605	PC	614.478022070193
1870	5700	PC	22.7417817416748
1870	5710	PC	268.579918417481
1870	5800	PC	181.680251262438
1870	5831	PC	773.119205953643
1870	5840	PC	221.546141323472
1870	5841	PC	41.1245131615329
1870	5842	PC	25.5882062920326
1870	5930	PC	1.04676437045974
1870	6020	PC	12720.6200594049
1870	6030	PC	128.888700618185
1871	1531	PC	60.1427139902797
1917	1525	PC	7.61405256637258
1919	1919	PC	9463.57268727681
1923	1525	PC	4.0467223677291
1928	1971	PC	32406.8545706226
1929	231	PC	39.9336239348186
1929	1504	PC	17.1447260140359
1929	1674	PC	5.88923756696856
1929	1901	PC	3.56281105443875
1931	58	PC	134.955689609732
1931	1926	PC	2.0350407092501
1931	1931	PC	13.6391162427256
1931	1938	PC	7338.4189467657
1931	1971	PC	1618.09684427743
1931	3001	PC	1.34787614989402
1931	4001	PC	227.153808159181
1931	4004	PC	1.50375298355523
1931	5101	PC	30.1577535013834
1931	5102	PC	2.1053590761081
1931	5201	PC	35.442307705998
1931	5204	PC	38.9245556075456
1931	5403	PC	58.5020023069625
1931	5404	PC	8.57662403712187
1931	5501	PC	60.5716723656392
1931	5605	PC	858.653100022848
1931	5700	PC	51.7522648724585
1931	5710	PC	43.6876303234556
1931	5790	PC	19.8825491022355
1931	5800	PC	2.28719073993276
1931	5820	PC	172.259770578036
1931	5840	PC	73.606372392516
1931	5841	PC	118.159704411036
1931	5842	PC	17.3826496234889
1931	5850	PC	40.4798453106999
1931	5920	PC	151.272508348413
1931	6010	PC	103.783567015189
1931	6020	PC	2061.77093858183
1931	6030	PC	1230.6504239097
1936	4001	PC	86.7036096854226
1938	1243	PC	.897043544163921
1938	1439	PC	25.7248636643771
1938	1503	PC	8.01674307634826
1938	1671	PC	1.88928744439698
1938	1804	PC	23.1870780476137
1938	1813	PC	8.13123261407314
1938	1815	PC	3.0507177391288
1938	1828	PC	12.0044445317107
1938	1860	PC	1.02921936134534
1938	1874	PC	3.34738824863149
1938	1901	PC	1.88278085970535
1938	1931	PC	3.37081378591877
1938	1941	PC	.664847845530544
1938	1971	PC	1.57377950990703
1938	1974	PC	1.15332655214362
1938	2003	PC	4.93713470676581
1938	2028	PC	1.25546273608599
1973	58	PC	31.8093150288281
1973	1101	PC	393.513336933759
1973	1119	PC	46.4391395240805
1973	1271	PC	611.547975695593
1973	1439	PC	72.9576394338544
1973	1504	PC	16.3481444036275
1973	1515	PC	41.2586041888811
1973	1627	PC	8985.98100289846
1973	1971	PC	124.12671757839
1973	3001	PC	49.4968514046543
1973	4001	PC	547.585547007691
1973	4004	PC	1232.36950791098
1973	4005	PC	111.751191550969
1973	5101	PC	1724.83452700236
1973	5102	PC	690.086087604181
1973	5104	PC	27.561412350333
1973	5201	PC	2359.50724668402
1973	5403	PC	956.200710984097
1973	5404	PC	49.9516147084348
1973	5501	PC	214.208445178969
1973	5605	PC	1443.24187380338
1973	5700	PC	29.5802858049949
1973	5710	PC	4121.91601746516
1973	5730	PC	124.026355576499
1973	5750	PC	44.7872950692911
1973	5790	PC	30.6620712397455
1973	5800	PC	5658.3315425032
1973	5810	PC	588.564773603911
1973	5830	PC	1817.16181319944
1973	5831	PC	1603.23587249706
1973	5835	PC	16854.3629192209
1973	5840	PC	136.247545169509
1973	5841	PC	1405.49651958959
1973	5850	PC	336.483502679041
1973	5900	PC	4014.64125863676
1973	5920	PC	8731.18096685418
1973	6000	PC	4300.97447476
1973	6010	PC	30.4323928034927
1973	6020	PC	13668.1304380294
1973	6030	PC	137.807061751665
1973	6050	PC	32.8509067372344
1974	227	PC	201.550439562707
1974	1972	PC	2.78759153883673
1974	3001	PC	66.2025124654999
1974	4001	PC	1.03355296313749
1974	4004	PC	1.12772112200113
1974	5840	PC	23.1045022948479
1974	5842	PC	24.3355787131628
2002	1504	PC	5.54313322646099
2002	1860	PC	150.690572447895
2002	1865	PC	2.04262533258607
2002	1866	PC	38.561148718128
2002	1941	PC	.874808852057105
2002	1971	PC	1.0525728177509
2002	1974	PC	11.4260538555495
2002	2002	PC	33.4268976819286
2002	2004	PC	1.46987623164531
2002	2028	PC	67.0400206286189
2004	1504	PC	14020.5587183224
2004	2022	PC	1949.66621864465
2004	2028	PC	39.423578124902
2004	5605	PC	37.878926957017
2004	5710	PC	55.5795942190642
2004	5800	PC	8907.46172051324
2004	5840	PC	8180.57982291315
2004	5841	PC	1707.39251872759
2004	5842	PC	21.8611097022582
2004	6020	PC	5121.48984210673
2012	58	PC	4.26011541098405
2014	1938	PC	.922735425480636
2014	1971	PC	1.97005546373304
2014	5403	PC	107.004420111975
2014	5710	PC	345.760356245074
2018	720	PC	3.00832385707746
2018	1149	PC	140.909249167363
2018	1271	PC	5.28109926346209
2018	1504	PC	1252.31549428364
2018	1620	PC	3.05834590581373
2018	1865	PC	7.74871936623324
2018	1971	PC	2.32786720432481
2018	2002	PC	1.40810819566116
2018	2004	PC	13.4540354605399
2018	2018	PC	31.9018828634219
2018	2019	PC	36.4855886636585
2018	5800	PC	64.6553705438923
2019	2028	PC	.689912617185785
2019	3001	PC	.873305788626669
2022	1504	PC	494.868992172372
2022	1860	PC	138.04750668898
2022	1865	PC	67.3852490699524
2022	1866	PC	109.202271716053
2022	1868	PC	13.9521823325655
2022	1971	PC	1.58528590975525
2022	1974	PC	27.5401708769718
2022	2002	PC	106.761981112698
2022	2004	PC	74.1460790960954
2022	2019	PC	21.9950634887908
2022	2028	PC	318.737738968279
2023	1860	PC	4.93647394899946
2024	4001	PC	24.8546980472576
2028	50	PC	42.3444526954328
2028	52	PC	27.5147022579585
2028	54	PC	2.61007239104613
2028	56	PC	132.638204842549
2028	58	PC	1662.4946879895
2028	301	PC	31.0150725169754
2028	2002	PC	429.799459960654
2028	2028	PC	6461.92251891828
2028	3001	PC	191.661020116767
2028	4001	PC	497.166589046467
2028	4002	PC	20.4266534951436
2028	4004	PC	186.403426469933
2028	4005	PC	34.2237231170301
2028	5101	PC	16.3061435595399
2028	5102	PC	106.10852120869
2028	5103	PC	132.489544197668
2028	5201	PC	2579.99527858862
2028	5204	PC	147.836769857019
2028	5402	PC	401.361044897911
2028	5403	PC	2110.46368209291
2028	5404	PC	632.531752130618
2028	5501	PC	227.877476763656
2028	5605	PC	5074.96688163186
2028	5700	PC	695.541169278638
2028	5710	PC	675.525318481563
2028	5800	PC	22.7360001541779
2028	5840	PC	36.8462784629899
2028	5841	PC	9.78663665233993
2028	5842	PC	25.1610978496847
2028	5860	PC	4.4938637689316
2028	5880	PC	10.1475075307541
2028	6000	PC	23.1263761987518
2028	6010	PC	255.953911992731
2028	6020	PC	2877.17244696271
2028	6030	PC	1546.57569903272
2030	1971	PC	109.599009681957
2030	2028	PC	.688382452836694
2030	2301	PC	97.0841611596784
2030	5830	PC	571.500641235987
2030	5831	PC	20.4025728921247
3001	1974	PC	1.01593431510719
4001	104	PC	60.3340216018364
4001	211	PC	35.4548589036141
4001	217	PC	51.9298653503442
4001	219	PC	154.149969121221
4001	231	PC	29.8663080807756
4001	301	PC	9.30191073076365
4001	302	PC	7.63649883702604
4001	306	PC	34.9224971291075
4001	307	PC	10.31906129079
4001	309	PC	33.4252987225696
4001	310	PC	5.24511294590014
4001	402	PC	9.74101820463819
4001	502	PC	2.07087084880545
4001	822	PC	13.4930979801088
4001	1122	PC	1.13418431982348
4001	1271	PC	11.1751575115307
4001	1273	PC	3.86294392808705
4001	1401	PC	1.54781855684266
4001	1439	PC	3.74154033084604
4001	1504	PC	587.772411699483
4001	1525	PC	10.0030407684648
4001	1534	PC	.730577649337524
4001	1554	PC	5.06161597080123
4001	1671	PC	2.74595840962371
4001	1860	PC	13.8104957836157
4001	1865	PC	18.9098592287821
4001	1972	PC	36.6376312062278
4001	2028	PC	3.77845851541633
4002	1653	PC	7.14119561275071
4003	219	PC	4.87136280893488
4004	1071	PC	1.94179847473313
4005	1504	PC	34.6303811355702
5101	106	PC	21.5676636142309
5101	211	PC	19.5210234902137
5101	219	PC	3.25612664968303
5101	301	PC	3.54133657262575
5101	305	PC	1.09191210989294
5101	306	PC	32.4632356203395
5101	307	PC	.685642108644486
5101	402	PC	40.2267974006355
5101	625	PC	.764386090796365
5101	1071	PC	5.89137886751558
5101	1260	PC	4.65591661453035
5101	1504	PC	175.106086770118
5101	2028	PC	24.4336270467491
5102	312	PC	3.54133657262575
5102	1504	PC	59.8006609596706
5106	309	PC	1.29750637202594
5106	1271	PC	28.0425523778029
5201	402	PC	219.732116204996
5201	602	PC	.59958801713517
5201	1504	PC	5.73045151310795
5402	1271	PC	.779731362988294
5402	1504	PC	21.1618775538299
5403	106	PC	390.347111116793
5403	211	PC	2.90015205541085
5403	220	PC	1.24475777558727
5403	228	PC	.750328352243832
5403	231	PC	12.5180083286978
5403	301	PC	172.336193193022
5403	305	PC	3.78037679127799
5403	306	PC	25.9097955517749
5403	309	PC	21.4231188551788
5403	822	PC	.511235747874517
5403	1101	PC	.562879678325118
5403	1106	PC	5.41718765654294
5403	1175	PC	4.4374492364058
5403	1216	PC	.667634219586817
5403	1271	PC	39.1631485344172
5403	1504	PC	419.461280655756
5403	1514	PC	123.070228720771
5403	1531	PC	43.1861743386972
5403	1545	PC	59.9978439682189
5403	1677	PC	.610212979916379
5403	2028	PC	29.5480892536514
5404	231	PC	1.90826327837235
5404	309	PC	1.57392736561144
5404	1216	PC	.667634219586817
5404	1271	PC	4.42145379750487
5605	301	PC	2.16611753692275
5605	305	PC	1.93691436430559
5605	309	PC	3.29737783095598
5605	1173	PC	2.74089698713893
5605	1277	PC	.557517844782979
5605	1504	PC	682.338459347321
5605	1548	PC	1204.46448296077
5605	2028	PC	14.8592185118255
5700	301	PC	1.34275678378726
5700	1504	PC	248.099412628525
5700	1532	PC	134.215607517451
5700	1868	PC	152.297138493485
5700	1871	PC	1.67661734527449
5800	1439	PC	31.4754046182479
5800	1504	PC	23.0723518125219
5810	704	PC	2.14724483162484
5830	1504	PC	219.419959699872
5831	1504	PC	3403.3646880462
5831	1545	PC	911.670399771413
5831	1868	PC	2275.35949302707
5831	1972	PC	12.8731676896555
5840	1244	PC	1.98087884497396
5840	1271	PC	43.4407587598695
5840	1439	PC	5.48574309860837
5840	1504	PC	.787694267310263
5842	1504	PC	3.21002411030878
5842	2028	PC	39.1437428935217
5850	104	PC	17.0581063893444
5850	219	PC	.805151317012531
5850	220	PC	74.7620670137341
5850	307	PC	6.66951721177849
5850	402	PC	11.3807562690856
5850	1271	PC	20.6628811191898
5850	1439	PC	4.87371170992039
5850	1441	PC	27.4025010433041
5850	1504	PC	166.809558494699
5850	1567	PC	83.5434152922904
5850	1663	PC	115.548237508839
5850	1804	PC	95.9711031726831
5850	2028	PC	97.6536713625813
5930	106	PC	127.749963638223
5930	402	PC	318.206594684848
5930	1271	PC	26.3878552868812
5930	1504	PC	900.296668279866
5930	1514	PC	524.626930834576
5930	1515	PC	85.8909207634527
5930	1804	PC	1199.63878965854
5930	1860	PC	429.365379537221
6020	104	PC	145.689529530772
6020	211	PC	400.51499906197
6020	219	PC	42.1471060124881
6020	220	PC	1299.27050611015
6020	301	PC	136.509671533291
6020	305	PC	4.02335182834426
6020	307	PC	67.8313509348358
6020	309	PC	6.18258343304246
6020	310	PC	11.2683362331744
6020	1271	PC	114.51833182189
6020	1503	PC	19.6065908695258
6020	1504	PC	722.361292483022
6020	1531	PC	273.34251414954
6020	2028	PC	121.563974313374
6030	220	PC	5.80440125816158
6030	402	PC	140.920063360432
6030	1271	PC	23.8085912362838
6030	1504	PC	720.917024449125
6030	1972	PC	24.9313880694563
6040	302	PC	18.2732967147489
6040	306	PC	54.7529982312082
6040	1439	PC	16.7311696907619
6050	211	PC	22.0951584524991
