50	231	PC	580.400286302786
50	233	PC	.532148638069802
50	301	PC	133.14935434019
50	412	PC	299.494601881153
50	1034	PC	.86106214634912
50	1102	PC	8.24680542359352
50	1253	PC	1.37763062841871
50	1277	PC	19.8219366281557
50	1416	PC	4.14886344114195
51	125	PC	104.141222035426
51	301	PC	13.5067310144239
51	1840	PC	45.8605893875173
51	1866	PC	1.65152045778674
51	1868	PC	.776488778719511
51	1922	PC	69.6526477009733
51	1931	PC	1.62227282139854
51	1933	PC	4.50650408456667
51	1939	PC	2005.93472004108
51	2004	PC	20.4875247224002
51	2020	PC	98.5128200871417
52	104	PC	73.7382146389808
52	106	PC	24.9392682054915
52	219	PC	14.8438710541184
52	230	PC	115.994140305042
52	231	PC	17.9468773025376
52	301	PC	57.9708895139072
52	605	PC	2.11354132160196
52	628	PC	26.5255479298471
52	704	PC	55.6900025514021
52	805	PC	200.511496731487
52	1721	PC	61429.1656606156
52	1804	PC	1.32366421903844
54	417	PC	24.8971178217238
54	1719	PC	35409.2775869264
55	106	PC	187.126079057803
55	301	PC	4988.25187132296
55	412	PC	40.0770353331019
55	426	PC	10222.707142061
55	428	PC	20.245349775957
55	1702	PC	120.950879425269
56	138	PC	3.02713468651626
56	235	PC	.830938350811026
56	301	PC	245.939562797972
56	1130	PC	1492.95248063942
56	1663	PC	1.63504537146267
56	1901	PC	.761139860095281
57	301	PC	25.2125645602578
57	432	PC	49.8692833980018
57	602	PC	2144.45419051002
58	101	PC	388.202705702419
58	104	PC	70.2754757109149
58	105	PC	127793.573247697
58	106	PC	172.770196133301
58	118	PC	35.4184478177785
58	124	PC	12.9316924700845
58	128	PC	210.390137836361
58	211	PC	16.8311482037724
58	213	PC	13.7213159911339
58	219	PC	690.185612750152
58	220	PC	1.10762699174272
58	230	PC	637.648111177168
58	231	PC	20.940899621759
58	235	PC	319.080326711434
58	301	PC	3717.880788005
58	402	PC	11.5398045200991
58	412	PC	110.718964443587
58	427	PC	6.7345954423788
58	501	PC	28.6711867336883
58	502	PC	33.6970499761722
58	513	PC	1.7111977180645
58	528	PC	1.58948879130778
58	529	PC	34.8294017476237
58	602	PC	30.9598113356483
58	604	PC	3.25786238302576
58	605	PC	6.19836637585191
58	617	PC	12.2574901822128
58	626	PC	9.14386079531593
58	627	PC	2.44962525147607
58	628	PC	316.778354289778
58	704	PC	10.16519251648
58	706	PC	24.818759286703
58	709	PC	15.400207698531
58	806	PC	21.4719711170027
58	906	PC	45.9874805956312
58	1032	PC	2.69138461526844
58	1034	PC	36.5292040284505
58	1101	PC	8.68334623691391
58	1102	PC	11.7837089440272
58	1106	PC	16.3488211901555
58	1121	PC	4.04247396730907
58	1173	PC	55.1141730960387
58	1221	PC	6.33282883190518
58	1241	PC	180.020592387755
58	1247	PC	2.49176735772311
58	1271	PC	40.8009432413043
58	1274	PC	1.81147841912811
58	1416	PC	481.268159172466
58	1420	PC	3.78817741673398
58	1449	PC	235.639335013265
58	1502	PC	3.7330140027544
58	1516	PC	2.3294944761595
58	1640	PC	127.320460498268
58	1663	PC	3.22283509635128
58	1677	PC	32.0963456409369
58	1702	PC	39.136051145842
58	1703	PC	846.590560686927
58	1719	PC	88.7104963235814
58	1729	PC	62.0685203182551
58	1804	PC	25.9261698368995
58	1805	PC	11.5130832287071
58	1828	PC	22.9933754966162
58	1833	PC	595.410849055192
58	1841	PC	8.17855666158021
58	1901	PC	21.5685795238628
58	1925	PC	22.5566960443306
58	1931	PC	3.18776609404814
58	1939	PC	518.588453781575
58	1971	PC	24.50127028312
58	2012	PC	14.7643261045093
59	106	PC	36.6849905982659
59	118	PC	9.45166578908719
59	125	PC	12.7932104655588
59	128	PC	158.996968556358
59	135	PC	35.3277067435715
59	214	PC	10.219825910905
59	230	PC	6.78745796199816
59	235	PC	1264.67662912395
59	237	PC	17.4455017672869
59	301	PC	24.2670933892482
59	402	PC	114.828070053722
59	412	PC	20.6785685993892
59	415	PC	16.5936316241517
59	515	PC	13.9986771223804
59	605	PC	313.982821334138
59	706	PC	33.483296552475
59	709	PC	27.1745681242707
59	719	PC	198.79224863232
59	1102	PC	219.162659661102
59	1149	PC	14.5911516487453
59	1211	PC	186.901687046171
59	1504	PC	48.0647190379674
59	1702	PC	258.408647749674
59	1743	PC	1.06533475888081
60	101	PC	110795.295001379
60	105	PC	11.8325578893176
60	106	PC	54.2322026103882
60	111	PC	.928614911168437
60	118	PC	149.769436486606
60	119	PC	226.663522521725
60	125	PC	461.543122831141
60	127	PC	137.24962672423
60	128	PC	318.274263490607
60	135	PC	610.245988873898
60	136	PC	92.7114682399697
60	137	PC	47.5221340209061
60	211	PC	44.0899100556201
60	213	PC	163.566519689445
60	219	PC	1902.92295534682
60	221	PC	13.1392285969421
60	231	PC	14.7544039362208
60	233	PC	27.0584053255832
60	235	PC	2995.03649982535
60	237	PC	40.8081912685073
60	301	PC	719.098359207926
60	402	PC	3110.22284592247
60	412	PC	7774.3638853135
60	415	PC	115.874008902921
60	417	PC	484.85825521293
60	420	PC	17251.1536441028
60	427	PC	142.637218077349
60	430	PC	59.0732860605165
60	437	PC	78.3994944975467
60	438	PC	45.672951678776
60	439	PC	19.4934053937009
60	511	PC	48.5402201146403
60	513	PC	15.2792189689475
60	516	PC	65.7182809552388
60	517	PC	50.7079993133468
60	522	PC	53.7998989401358
60	528	PC	52.1445822889616
60	538	PC	65.4855894026781
60	542	PC	72.4380946516393
60	605	PC	78.0587713103186
60	612	PC	29.3392498578739
60	706	PC	50.2249448287126
60	709	PC	24219.2133006208
60	719	PC	1066.64429212994
60	720	PC	114.126030524329
60	805	PC	.98387218006956
60	904	PC	41.3600416409468
60	906	PC	1.9561136940473
60	1102	PC	134.178479123289
60	1149	PC	28.4143479475566
60	1211	PC	54.5806031626546
60	1260	PC	34.9301129894964
60	1271	PC	52.3431905506179
60	1273	PC	47.8002682324903
60	1416	PC	73.8469940928344
60	1449	PC	49.9801268668901
60	1502	PC	1.33146888938505
60	1529	PC	13.9038195124688
60	1624	PC	248.844227654681
60	1640	PC	50.4353194879142
60	1644	PC	16.3293309194605
60	1812	PC	22.4021916887738
60	1826	PC	870.268081860182
61	426	PC	26.7544051851901
61	1640	PC	51.1281364309754
61	1833	PC	1302.91745183205
62	101	PC	271.707006086443
62	104	PC	32.6050734328637
62	105	PC	763.777181806805
62	106	PC	23.1345869003517
62	118	PC	17.5979087871763
62	119	PC	25.0857609504768
62	123	PC	34.5426708011155
62	125	PC	22.5160504193834
62	127	PC	190.573665137444
62	128	PC	116.345829283175
62	135	PC	32.5476570935802
62	211	PC	250.953819397931
62	213	PC	413.712610703229
62	215	PC	.709570390076759
62	216	PC	1.73244872363651
62	219	PC	10.5222377092485
62	220	PC	61.9513763586699
62	221	PC	1741.29355826843
62	231	PC	1.94136893897642
62	235	PC	351.290728615789
62	301	PC	346.483668469344
62	403	PC	10.0749957860342
62	412	PC	62175.3156770257
62	417	PC	18.9754775618567
62	419	PC	32.2056870941212
62	420	PC	15.3088910227636
62	425	PC	64.0868911316151
62	428	PC	319.406545126036
62	432	PC	17.5120299989418
62	434	PC	9.27934339412417
62	436	PC	99.4657190638605
62	437	PC	399.793251025297
62	502	PC	17.5340674758642
62	514	PC	93.7509640654826
62	516	PC	48.3209321963613
62	522	PC	23.3998098460386
62	602	PC	341.70757826073
62	605	PC	8.02739251954591
62	701	PC	17.9572686233557
62	706	PC	174.935538830299
62	806	PC	14.526904935228
62	815	PC	24.9897020141416
62	941	PC	31.7828028818971
62	1120	PC	1283.63513967961
62	1416	PC	64.5918371856715
62	1432	PC	17.0784931826134
62	1449	PC	17.3129200833524
62	1504	PC	97.5910552630542
62	1519	PC	24.9821071169504
62	1520	PC	54.9503643309895
62	1535	PC	676.133651528904
62	1621	PC	62.7949594867218
62	1634	PC	51.3214146559167
62	1636	PC	53.7339242216527
62	1638	PC	166.63002608522
62	1640	PC	51.2596839518098
62	1653	PC	54.5193238740303
62	1663	PC	26.9357185472174
62	1664	PC	27.9072080948973
62	1665	PC	22.9495834062523
62	1677	PC	369.17676031313
62	1702	PC	1125.96688705423
62	1703	PC	108.204176660803
62	1711	PC	857.500438216715
62	1714	PC	123.556730503782
62	1719	PC	439.954778155895
62	1721	PC	134.571772897477
62	1725	PC	129.238874744917
62	1729	PC	58.9650943023423
62	1738	PC	336.297415190865
62	1743	PC	19.9217599910712
62	1804	PC	92.6388464764366
62	1805	PC	226.686731223245
62	1812	PC	46.0558394809467
62	1828	PC	151.614780582303
62	1833	PC	25.6302080610753
62	1838	PC	2.11270678308444
62	1840	PC	231.090573993304
62	1848	PC	157.841384515611
62	1865	PC	16.3895504110088
62	1866	PC	3.30304091557347
62	1870	PC	98.4566134288754
62	1871	PC	22.9990560927161
62	1931	PC	12.1670461604891
62	1933	PC	60.3420896923478
62	1940	PC	8.73169125891604
62	1971	PC	5.59596913873728
62	1973	PC	24.910514449069
62	2011	PC	8.09921416325813
62	2012	PC	156.311299298474
62	2020	PC	13.1160614027389
62	2021	PC	5.17696284610399
62	2025	PC	24.2037638589245
101	54	PC	50.6688289181146
101	58	PC	36458.401711053
101	101	PC	64353.3851193302
101	105	PC	8508.47484802556
104	58	PC	988.065945671958
104	101	PC	302.156029315876
104	105	PC	929.402853152892
104	136	PC	1242.44808381329
105	51	PC	245.933571651612
105	58	PC	20163.8202801916
105	101	PC	1584.23205559418
105	105	PC	53313.6317644824
106	58	PC	7629.40591168113
106	101	PC	916.27097958508
106	105	PC	10576.1278026333
106	106	PC	15533.0933968063
106	5850	PC	15.3981741806315
111	58	PC	460.44229803663
111	105	PC	167.304409345245
111	106	PC	287.995195699089
118	58	PC	20625.7547394357
118	101	PC	49041.8963745595
118	105	PC	6776.82330217413
119	60	PC	36277.0367303785
119	101	PC	7440.16768404002
119	105	PC	24554.6837132447
119	125	PC	40990.8774764705
119	4002	PC	19.300723207235
119	5101	PC	16426.2714227846
121	60	PC	10689.2369292465
121	101	PC	2562.84985292021
121	105	PC	7502.50465142918
121	221	PC	16982.695446777
122	60	PC	6580.42809285958
122	101	PC	2201.56871026991
122	105	PC	16288.4769932381
122	122	PC	25473.061611213
123	58	PC	4933.59988631845
123	101	PC	3851.72082099788
123	105	PC	11903.7590690865
123	138	PC	16068.5686847903
124	58	PC	1931.85616536556
124	101	PC	1304.93435274414
124	105	PC	5376.98862097545
124	124	PC	5771.53209000041
125	58	PC	9871.33061261987
125	101	PC	3993.25286982511
125	105	PC	15484.8160223117
125	125	PC	20067.5808012354
127	58	PC	2740.12385536526
127	101	PC	679.541541337603
127	105	PC	3870.36064183495
127	124	PC	4467.22176017131
128	58	PC	19465.6421962251
128	101	PC	4923.89663257859
128	105	PC	13908.4995822377
128	128	PC	42368.1538592226
135	58	PC	4189.89989620387
135	105	PC	12898.1780233692
136	58	PC	2351.34680742188
136	101	PC	666.433934267018
136	105	PC	3003.93377463055
136	136	PC	3988.67430691443
137	58	PC	18177.0781566656
137	101	PC	4436.80088940573
137	105	PC	19738.5188003163
137	137	PC	31743.2410676136
137	5810	PC	73.5421235512799
138	58	PC	6040.66500175246
138	101	PC	4341.15677923166
138	105	PC	9666.54062098936
138	138	PC	13371.2332230425
211	58	PC	5209.02965700933
211	101	PC	9146.05638819889
211	105	PC	7600.26886323492
211	213	PC	22468.8783977174
213	60	PC	11570.7840605701
213	101	PC	1213.39571622555
213	105	PC	1367.28947037184
213	213	PC	10641.9998521406
214	60	PC	5119.65220444938
214	101	PC	7120.33129157478
214	105	PC	6588.09123733652
214	213	PC	14690.4875296362
215	58	PC	1568.2949878878
215	101	PC	5584.96095709636
215	105	PC	2190.50210493714
215	213	PC	7006.12016342248
216	60	PC	6844.81160419337
216	101	PC	967.561236365842
216	105	PC	233.992958084797
216	213	PC	5580.24919335526
217	60	PC	682.899598465834
217	101	PC	428.044627998736
217	105	PC	1186.51446754111
217	213	PC	1435.91231492685
219	50	PC	16475.3349284599
219	54	PC	17756.2687175915
219	56	PC	1535.10281241913
219	60	PC	715.353787746783
219	62	PC	184.299162873694
219	101	PC	3147.95943614044
219	105	PC	931.789986124916
219	220	PC	16199.6051811074
219	6030	PC	3699.2254936211
220	60	PC	510.576940109345
220	101	PC	3494.83626628581
220	105	PC	275.784150808565
220	220	PC	4212.22551156852
221	60	PC	62536.9177909934
221	101	PC	27203.6273511857
221	105	PC	35056.7211060514
221	221	PC	91825.867310053
226	54	PC	31.2402127718332
226	60	PC	9877.66944512664
226	101	PC	14230.7476241666
226	105	PC	543.291297475098
226	227	PC	18152.7441698554
227	60	PC	5136.55758820784
227	101	PC	6460.82021043636
227	105	PC	2013.81913988245
227	227	PC	9325.47272176954
228	60	PC	176.538272896887
228	101	PC	1020.63555272934
228	105	PC	602.737153721021
228	227	PC	1639.60269921274
229	60	PC	17454.2684260061
229	101	PC	2366.18631993282
229	105	PC	1553.73355920655
229	138	PC	16478.7517973917
230	60	PC	185.012109995938
230	101	PC	1049.65507305389
230	105	PC	60.5164889222604
230	227	PC	1731.62121804611
231	50	PC	23794.2097437119
231	52	PC	29292.7555297294
231	55	PC	128.350385926953
231	56	PC	11743.7213588322
231	60	PC	5987.29552529794
231	101	PC	845.977107569625
231	227	PC	4705.95718033681
231	4003	PC	34.9171465280007
233	60	PC	2409.39434849672
233	101	PC	10244.5060467099
233	105	PC	406.375728102824
233	227	PC	12326.7636037185
234	60	PC	422.279548769355
234	101	PC	4818.32429700643
234	105	PC	230.986029607051
234	235	PC	8434.19554383594
235	60	PC	7072.47290661335
235	101	PC	1602.515030816
235	105	PC	11709.0611511587
235	235	PC	19803.8938858419
235	5800	PC	35.2360742102325
235	5810	PC	159.419817142574
236	60	PC	109147.046908394
236	101	PC	11127.2458946115
236	105	PC	1745.96030968013
236	236	PC	100245.186209659
236	5800	PC	74.5697664716452
236	5810	PC	25.4215112971518
237	60	PC	9215.4700491689
237	101	PC	1298.9841986326
237	105	PC	37599.7583172845
237	237	PC	67658.0801932822
238	60	PC	4594.6324605335
238	101	PC	24678.2729592352
238	105	PC	1343.64348031364
238	235	PC	40057.4220930072
239	60	PC	38317.4658747025
239	101	PC	4583.46085900207
239	105	PC	3485.71848288497
239	239	PC	47124.1904048645
301	50	PC	12278.8794242064
301	54	PC	8888.99214816906
301	56	PC	5034.01113482476
301	60	PC	579.03067044527
301	101	PC	1686.41828714687
301	105	PC	6768.14736164142
301	308	PC	18525.6232030573
301	4004	PC	20.6661488504255
301	6000	PC	12.4488294264122
301	6030	PC	2723.79568847964
307	5101	PC	5460.01290632115
402	50	PC	69445.8084594482
402	54	PC	2166.82291240435
402	55	PC	51797.2863491355
402	56	PC	2776.11379174495
402	60	PC	77963.8509437857
402	101	PC	77630.1689842141
402	105	PC	17776.9873260955
402	402	PC	123415.512052398
403	60	PC	14090.4313400413
403	101	PC	22306.873330998
403	105	PC	8081.75946225102
403	403	PC	39367.9793419964
412	55	PC	279494.063854678
412	60	PC	21015.2968767353
412	101	PC	24397.1985051582
412	105	PC	90189.9911728557
412	412	PC	141836.421568654
412	4001	PC	80.8644716059953
415	101	PC	1719.43971696882
415	105	PC	4460.09886820579
415	415	PC	61323.1087189722
415	426	PC	39696.1713495074
417	60	PC	44068.4325278893
417	101	PC	56091.6115317898
417	105	PC	6593.1330809641
417	417	PC	81330.7040425178
417	3001	PC	90.573617193471
417	5605	PC	6536.02642615381
417	5850	PC	1.20350133326648
417	6010	PC	985.789294327267
418	60	PC	23726.5192067801
418	101	PC	29961.4302762235
418	105	PC	16763.7925530017
418	402	PC	70436.3216292564
419	60	PC	32076.0119251902
419	101	PC	28650.7826012564
419	105	PC	20842.4840179194
419	236	PC	68866.5727509034
420	59	PC	135953.060811566
420	60	PC	47059.0946469222
420	101	PC	35969.7706439481
420	105	PC	10421.3025576604
420	420	PC	75154.1255814486
423	50	PC	6.60979474224987
423	57	PC	621.6511955086
423	59	PC	1651.12672661402
423	101	PC	19561.2097484219
423	105	PC	36359.1722813568
423	423	PC	100844.114387308
423	426	PC	39251.9882823029
423	4001	PC	157.313114865547
423	4004	PC	62.1320705771488
423	4005	PC	700.638242678486
423	5101	PC	429.187192203769
423	6020	PC	811.39134178336
425	101	PC	48815.3764673934
425	105	PC	33896.6961641684
425	426	PC	194908.374321562
426	101	PC	8020.26178524903
426	105	PC	376.242427514649
426	426	PC	116103.65113734
427	54	PC	10575.0303412147
427	55	PC	2886.38423815619
427	59	PC	1799.17950845069
427	101	PC	19835.5928809199
427	105	PC	4263.87849377828
427	426	PC	140575.911630559
427	427	PC	168933.974498158
427	5101	PC	70960.5939236406
428	60	PC	126257.896388122
428	101	PC	18702.0877713771
428	428	PC	141539.370454946
429	60	PC	35294.0650454542
429	101	PC	58998.094031889
429	423	PC	91762.1773625914
430	60	PC	56260.8737359857
430	101	PC	8046.01003206086
430	430	PC	53362.836577749
432	101	PC	6515.28347112911
432	430	PC	48809.8294110414
432	1719	PC	64026.4824293599
434	434	PC	10129.5304800677
434	1719	PC	10217.1280292846
436	436	PC	1473.10243669516
436	1719	PC	2543.34811352003
437	437	PC	16720.255795731
437	1719	PC	38571.7475899185
438	438	PC	17028.8541921984
438	1719	PC	40504.8056985202
439	438	PC	1026.33833521959
439	1719	PC	7510.82489773885
441	1640	PC	48.622683983213
441	1719	PC	229.923211155271
501	60	PC	68805.125857575
501	521	PC	51598.9823474219
502	101	PC	16086.6325603831
502	105	PC	4432.79095704108
502	502	PC	190753.822248405
511	512	PC	3747.95553059745
511	1719	PC	4533.80808345665
512	512	PC	425.050595241494
512	1719	PC	2395.29751059601
513	513	PC	6267.88289993864
513	1438	PC	7109.87768689804
514	513	PC	729.505509051549
514	1719	PC	1518.63242746721
515	515	PC	4842.46575557444
515	1719	PC	10104.4279423932
516	519	PC	11370.9348900744
516	1719	PC	14522.3772355086
517	517	PC	10904.2546296514
517	1719	PC	20449.075923313
519	519	PC	6672.0518572645
519	1719	PC	11306.0376902096
520	60	PC	25023.095989044
520	519	PC	14134.5780753961
521	60	PC	32345.171163094
521	521	PC	19042.1242151414
522	60	PC	38705.9797598766
522	101	PC	6495.27259580689
522	522	PC	29669.1387203232
528	60	PC	42728.5349256826
528	101	PC	6862.68256810297
528	105	PC	3538.22388124116
528	605	PC	63386.9978627574
529	60	PC	23238.894488432
529	101	PC	4654.3627218538
529	105	PC	1080.32518101886
529	529	PC	39328.6835159048
532	60	PC	20671.3041426973
532	101	PC	2693.82662083597
532	532	PC	19325.0034974888
533	60	PC	11267.9504442786
533	101	PC	17515.6445069639
533	532	PC	30996.6085917226
534	60	PC	17627.5439805716
534	101	PC	29458.5783214811
534	534	PC	37198.0781693839
536	60	PC	71162.5111038705
536	101	PC	9640.97025089227
536	105	PC	2502.29913049549
536	536	PC	74956.6594694328
538	60	PC	78455.5545713559
538	101	PC	2040.70607883469
538	105	PC	12171.4748997964
538	538	PC	72327.799070067
540	58	PC	53991.4153847449
540	101	PC	11021.7196074425
540	540	PC	39358.7664408248
541	60	PC	13041.6242706881
541	101	PC	2492.39136906546
541	541	PC	13006.2705418384
542	101	PC	5399.42868581409
542	542	PC	17735.6537488571
542	1719	PC	30927.8101968548
543	101	PC	2818.05179946877
543	542	PC	6301.53544727102
543	1719	PC	13893.5074629455
544	101	PC	876.839380718862
544	544	PC	1622.25899526441
544	1719	PC	4386.85480717252
545	545	PC	697.348120781666
545	1719	PC	1535.65439424189
602	101	PC	1710.94903554427
602	105	PC	68.1301612889607
602	624	PC	16210.8906881815
602	5820	PC	32.653074206719
604	101	PC	6018.05780729995
604	105	PC	152.874533900181
604	624	PC	43749.5271535145
604	631	PC	37423.3709147724
605	57	PC	20491.2434034923
605	60	PC	83169.8797423463
605	101	PC	70844.1196411471
605	105	PC	7363.8550781752
605	605	PC	154305.945400491
605	5101	PC	143069.217034498
605	5605	PC	.736746175627712
605	5870	PC	3779.06537074876
605	6020	PC	7434.37499595782
612	60	PC	2933.87311009234
612	101	PC	8283.25340563245
612	105	PC	166.513074217283
612	605	PC	9458.41829964686
615	58	PC	9441.87561486383
615	101	PC	4637.52991244036
615	616	PC	9764.42591485395
616	58	PC	34864.0764972752
616	101	PC	705.400233341391
616	616	PC	20633.7361780078
617	617	PC	16259.4444772001
617	1719	PC	24741.1051692044
618	617	PC	2116.11278295327
618	1719	PC	3975.56619273316
619	617	PC	21956.7420351339
619	1719	PC	42574.4762941476
620	617	PC	9244.41089123927
620	1719	PC	21295.4323748843
621	60	PC	42612.0009794071
621	101	PC	7187.7328499581
621	621	PC	45438.8654676764
622	60	PC	29125.7266961359
622	101	PC	3745.75663920832
622	622	PC	29042.1767718436
623	60	PC	56237.158288938
623	101	PC	7090.15064859161
623	105	PC	1251.28333877177
623	623	PC	58250.310536889
624	101	PC	6691.29916284427
624	624	PC	88555.9832948587
625	101	PC	3127.58909407341
625	624	PC	11660.3543890473
626	60	PC	24761.7665868168
626	101	PC	1547.00508012716
626	105	PC	4503.19436718201
626	220	PC	21498.7116688978
627	57	PC	154.109973641394
627	60	PC	7763.28992218523
627	101	PC	1522.5018412065
627	105	PC	98.7048335861018
627	220	PC	7056.72050114256
628	52	PC	19694.3891586921
628	60	PC	14779.376799616
628	101	PC	1625.15784506243
628	105	PC	789.825258742522
628	220	PC	11766.2028008978
631	60	PC	24407.0640467784
631	101	PC	3866.70115041487
631	631	PC	24482.8086711424
632	58	PC	17860.9367595518
632	101	PC	2809.10613305815
632	631	PC	20766.4000121696
633	58	PC	27586.0268556681
633	101	PC	4009.52524696173
633	633	PC	21303.0217606175
701	58	PC	1743.19363002725
701	101	PC	2672.43032548014
701	105	PC	410.856684217593
701	714	PC	1989.28187039475
702	58	PC	40762.9626853121
702	714	PC	24780.4424208067
704	58	PC	2846.79823033227
704	101	PC	3647.46700159686
704	105	PC	563.180631545085
704	714	PC	4112.16534857424
706	58	PC	75078.8402266284
706	709	PC	58423.1052369452
709	58	PC	79646.8999428799
709	59	PC	28624.2483762857
709	709	PC	66813.5593490042
709	4001	PC	300.922628192235
709	4002	PC	216.338970538201
709	4003	PC	40.2585678257179
709	4004	PC	96.1054699947273
709	4005	PC	56.2535543692691
709	5101	PC	32.5321760207822
709	5700	PC	4.25220972786434
711	58	PC	3999.69066760732
711	105	PC	748.824962928633
711	714	PC	4140.50759521058
713	60	PC	7720.44246418114
713	101	PC	999.377041252727
713	105	PC	981.446185061018
713	714	PC	8117.58631920405
716	58	PC	26683.5428447992
716	101	PC	4078.98440299008
716	105	PC	874.519489776915
716	701	PC	14182.5442242105
720	50	PC	291.488297146208
720	54	PC	18663.3569512158
720	57	PC	442.884911302923
720	4001	PC	24.8871146558984
723	58	PC	2785.48686364865
723	722	PC	1146.63298188742
805	101	PC	8661.82113300106
805	806	PC	11191.2571785669
805	815	PC	3527.05066679352
806	101	PC	9006.72008851624
806	714	PC	57897.4775758344
806	5101	PC	57500.1956870785
807	60	PC	38276.705622004
807	101	PC	3856.29345646722
807	714	PC	41089.2829306099
807	5850	PC	13.1250165439565
811	101	PC	7529.13304297234
811	105	PC	165.55857860178
811	811	PC	8775.16820755435
811	5101	PC	888.538205390824
814	101	PC	3402.31558162805
814	714	PC	21192.6116685093
814	815	PC	14968.0406961376
814	5840	PC	2131.79793938422
815	101	PC	4232.39937403009
815	815	PC	3815.8700271144
815	911	PC	9176.71052012837
817	101	PC	3034.10590855995
817	815	PC	30224.528492901
817	830	PC	23536.8928697167
819	101	PC	2652.54704182598
819	821	PC	16177.5361345437
819	5101	PC	18712.1676681452
821	821	PC	12352.3673984817
821	5101	PC	8417.82311058467
822	821	PC	12538.3860417589
822	5101	PC	11724.38977848
826	101	PC	3066.38246850503
826	834	PC	11524.0027967175
826	5101	PC	15168.7232561302
827	714	PC	21403.119714506
827	5101	PC	21604.7147325341
828	101	PC	4709.86939508788
828	828	PC	13308.3397533649
828	5101	PC	12841.7974369615
829	101	PC	2444.88686103902
829	828	PC	9684.12815570106
829	5101	PC	9405.85560599008
830	101	PC	835.778555064028
830	830	PC	12479.9665615954
830	5101	PC	9191.09752278959
831	831	PC	14034.8211097359
831	5101	PC	11251.8891828976
833	834	PC	8641.4180442442
833	5101	PC	9623.44963026524
834	101	PC	3594.2037126021
834	834	PC	9324.11895323949
834	5101	PC	9655.04342008891
901	815	PC	3659.9135878099
901	901	PC	4327.22605714385
904	904	PC	9584.75789018769
904	1071	PC	13006.492132846
906	101	PC	1486.60526905936
906	906	PC	14557.5862546118
906	929	PC	16476.130079726
911	815	PC	6305.26791187078
911	911	PC	8388.86830086342
912	815	PC	16715.0135028526
912	929	PC	24876.3506835777
914	901	PC	11458.9175537372
914	5101	PC	10860.4222798889
919	101	PC	1606.97432814163
919	906	PC	21258.640419609
919	929	PC	34046.1072298264
926	1071	PC	9363.62850859953
926	1074	PC	7180.87006793296
928	1014	PC	32600.6153834492
928	1075	PC	51510.9932163794
929	101	PC	1210.56205285691
929	929	PC	43530.8017500647
929	5101	PC	30973.0730043513
935	929	PC	9380.6229590256
935	1014	PC	6470.48859599965
937	929	PC	17184.7119024244
937	1014	PC	12248.4796386352
938	929	PC	7356.17647540762
938	1014	PC	4871.28393512112
940	834	PC	6757.81284712242
940	5101	PC	3344.81301381378
941	834	PC	83.0000785502358
941	5101	PC	324.729935957579
1002	50	PC	4726.94718954687
1002	52	PC	11782.0182305068
1002	57	PC	4829.61513982836
1002	59	PC	4018.66811910196
1002	1002	PC	26723.2847186794
1002	1071	PC	16204.3918777379
1002	4001	PC	2062.58823307994
1002	4003	PC	41.5734316555527
1002	5101	PC	232798.149611804
1002	5605	PC	34.6514478810749
1002	5810	PC	52883.723001077
1002	6020	PC	2240.81607548624
1003	1032	PC	18507.5623173125
1003	5101	PC	11473.5149043193
1004	1034	PC	12294.3642154937
1004	5101	PC	4246.88035315164
1014	1014	PC	35606.0617803615
1017	1017	PC	12122.2020088275
1017	1071	PC	7706.14383685709
1018	1017	PC	5430.97110071249
1018	1071	PC	4193.35680252889
1021	1021	PC	52447.0186104622
1021	1071	PC	29995.9880829717
1026	929	PC	6020.51640305711
1026	5101	PC	4023.38141821668
1027	1014	PC	13651.8060737324
1027	1021	PC	25667.5807742686
1029	1029	PC	33239.4829284944
1029	1071	PC	18164.2301394864
1032	1032	PC	26063.3257254529
1032	1071	PC	11217.5388597081
1034	1014	PC	5743.15576916995
1034	1034	PC	12486.9260606351
1034	5101	PC	5599.54032445985
1037	1034	PC	15345.3914027092
1037	5101	PC	6748.13350595706
1046	1046	PC	607.419588309156
1046	5101	PC	372.187969139338
1071	1071	PC	10414.0262414864
1071	1075	PC	12975.0626307462
1101	1114	PC	2514.14400542028
1101	2303	PC	35.4195833031438
1101	5101	PC	4543.23802801729
1102	1102	PC	1095.49379072936
1102	5101	PC	1536.50510037407
1106	1106	PC	1.44126507300245
1106	5101	PC	95.5107499367064
1111	5101	PC	43.1533442851153
1112	1046	PC	8467.7566615317
1112	5101	PC	17123.7864291373
1114	1114	PC	4675.07303349426
1114	5101	PC	9794.46061071225
1119	1121	PC	3611.75632662695
1119	5101	PC	4255.0719368556
1120	1121	PC	67.4194514303697
1120	5101	PC	132.74796716792
1121	1121	PC	24.5161641564981
1124	5101	PC	127.464805441312
1129	1130	PC	1226.69806585257
1129	5101	PC	1999.25776360666
1130	1130	PC	757.714430303879
1130	5101	PC	3217.10085037746
1133	1133	PC	6885.71929928612
1133	5101	PC	11535.5648924387
1134	1134	PC	7161.33222813686
1134	5101	PC	11137.9178819048
1135	1134	PC	3551.97115062452
1135	1238	PC	3014.04979559563
1141	1133	PC	48.6877103577667
1141	5101	PC	358.841137057606
1142	1102	PC	81.2634480997531
1142	5101	PC	422.573539778262
1145	1106	PC	296.179972502004
1145	5101	PC	1847.45079163286
1146	1106	PC	8454.46091823238
1146	5101	PC	9504.6840579871
1149	50	PC	1138.74738270965
1149	52	PC	68090.3777158775
1149	54	PC	17429.9068442709
1149	55	PC	747.126019183462
1149	56	PC	21691.4327737325
1149	62	PC	226.03301192164
1149	1106	PC	767.473651373805
1149	3001	PC	95.0195517941748
1149	5101	PC	675.397445980995
1159	1154	PC	8627.38498975544
1159	5101	PC	18605.4940876704
1173	4001	PC	181.110862687916
1173	4005	PC	123.571586927289
1211	1154	PC	5539.87191576476
1211	1238	PC	6393.68872901102
1216	1106	PC	191.414875742258
1216	1238	PC	1090.60161768418
1219	1219	PC	90.9690484403147
1219	1238	PC	257.217362661363
1221	1219	PC	8246.84962471698
1221	1238	PC	9412.68565990497
1222	1219	PC	2853.3958194112
1222	1238	PC	3196.84436450551
1223	1224	PC	133.499826000602
1223	1238	PC	454.172371784921
1224	1224	PC	10647.687735048
1224	1238	PC	10091.739497331
1227	1234	PC	2261.53557009327
1227	1238	PC	2280.35426518768
1228	1234	PC	5933.3023202584
1228	1238	PC	4532.06771723604
1231	1234	PC	18517.9367557569
1231	1238	PC	17455.8936842925
1232	1234	PC	608.517337041999
1232	1238	PC	718.748024972433
1233	1233	PC	1363.72891617167
1233	1238	PC	1336.75322831636
1234	1234	PC	5263.4852320416
1234	1238	PC	4855.4968484435
1234	5101	PC	48267.9523541853
1235	1234	PC	11334.868979836
1235	1238	PC	12275.1165205969
1238	1234	PC	1219.62674055711
1238	1238	PC	1455.31058837783
1241	1224	PC	6954.29516654139
1241	1238	PC	6419.32869551901
1242	1238	PC	3740.57189767809
1243	1224	PC	4101.14261378926
1243	1238	PC	1685.87435119463
1245	1238	PC	726.177321350347
1245	1245	PC	403.110754911913
1246	1238	PC	427.626807959363
1246	1245	PC	481.658071126366
1251	1235	PC	2207.21185639274
1251	1238	PC	871.018659530132
1252	1234	PC	43.7142200916526
1252	1238	PC	119.223142311251
1253	1238	PC	3077.13944990113
1253	1253	PC	5711.65748616978
1256	1234	PC	336.599494705725
1256	1238	PC	308.403665648112
1259	1238	PC	76.8545876055998
1259	1245	PC	46.6837822784016
1260	1234	PC	22984.936924191
1260	1238	PC	9182.15258841776
1263	1234	PC	16364.4182913102
1263	1238	PC	9305.31699163186
1264	1234	PC	377.035148290504
1264	1238	PC	537.982113239199
1266	1238	PC	246.328806428205
1266	1432	PC	143.589248776425
1271	50	PC	5045.72974225992
1271	54	PC	23069.0657457286
1271	56	PC	19506.0446774836
1271	62	PC	9843.63508302636
1271	1234	PC	8730.82260780532
1271	1238	PC	4857.60406276419
1273	5930	PC	1.89747628664646
1401	1401	PC	32.3915000285714
1401	1438	PC	216.279361658466
1411	1429	PC	201.459480307741
1411	1438	PC	524.408097661038
1412	1429	PC	5.79739511676954
1412	1438	PC	68.1216401373407
1413	1429	PC	13.2582582591843
1413	1438	PC	35.8774883600515
1416	52	PC	17102.6492938484
1416	57	PC	3088.86355198831
1416	1430	PC	822.48961066732
1416	1438	PC	1870.13181886473
1416	5101	PC	71825.8176433555
1416	5501	PC	4974.90494931436
1416	5810	PC	49511.837379379
1417	1238	PC	2048.32029199925
1417	1420	PC	1218.39003359832
1418	1238	PC	313.924912312164
1418	1420	PC	486.762816524436
1419	1238	PC	309.806715332769
1419	1420	PC	325.094122481472
1420	1420	PC	3989.53225746999
1420	1438	PC	11723.5351848263
1421	1238	PC	69.1532846724931
1421	1420	PC	22.1006969230825
1422	1420	PC	253.088626054655
1422	1719	PC	350.331360668108
1426	1426	PC	1180.03883383245
1426	1719	PC	4165.35712290428
1428	1429	PC	4756.03186553072
1428	1438	PC	5561.01069580798
1429	1429	PC	2492.55255272665
1429	1438	PC	2477.93852940089
1430	1430	PC	5568.99620231147
1430	1438	PC	5714.08797947753
1431	1431	PC	220.062183885851
1431	1438	PC	1231.79376702843
1432	57	PC	4619.43728310229
1432	1432	PC	2087.08360733967
1432	1438	PC	5093.40743084864
1432	5101	PC	131190.71735383
1433	1433	PC	1588.21750085264
1433	1438	PC	2028.27400862158
1438	1438	PC	4478.60701869053
1438	2301	PC	108.623962220268
1439	1438	PC	195.383442238649
1439	2303	PC	23.8023153504648
1441	1438	PC	2306.27274279494
1443	1438	PC	2258.03750886873
1443	1449	PC	1538.00169290377
1444	1438	PC	2771.30549027195
1444	1449	PC	1762.59605449938
1445	1431	PC	9033.8539887661
1445	1438	PC	10046.7296725914
1449	1438	PC	5352.16379276866
1449	1449	PC	4122.11780768824
1502	1438	PC	3415.02254314971
1502	1535	PC	2226.71285541514
1503	1719	PC	108.795865861306
1504	1438	PC	80.407651097406
1504	1528	PC	22.9644861998793
1511	1438	PC	161.824378607726
1514	1438	PC	678.992846510561
1514	1528	PC	297.180251870374
1515	1438	PC	9.44920462340741
1517	1438	PC	41.8464776179471
1519	1438	PC	12449.8511762128
1519	1528	PC	17119.8130826963
1520	1438	PC	5705.90769853483
1520	1528	PC	3936.64658244362
1523	1438	PC	1333.178708936
1523	1523	PC	1402.13249744775
1524	1438	PC	4387.67676358685
1524	1523	PC	5902.32806850402
1525	1438	PC	2517.45436028422
1525	1528	PC	4812.97356605804
1526	1438	PC	17.8683669105347
1528	1438	PC	3337.41386406764
1528	1528	PC	7982.07266164138
1529	1438	PC	3841.69888576495
1529	1529	PC	3671.65247144777
1531	1438	PC	134.01275182901
1531	1528	PC	116.73613818272
1532	1438	PC	37.7221079222399
1532	1528	PC	40.1878508497888
1534	1529	PC	5238.6200580944
1534	1719	PC	4814.09892337796
1535	1438	PC	7866.04848213635
1535	1535	PC	7855.39523707764
1539	1535	PC	8499.83612440267
1539	1719	PC	5890.83193309416
1543	1535	PC	3670.76921214477
1543	1719	PC	5288.18313944972
1545	1529	PC	88.5061428553957
1545	1719	PC	58.8242846386007
1548	1548	PC	2176.17490947458
1548	1719	PC	4912.4280151256
1551	1548	PC	2242.93911058079
1551	1719	PC	1764.72853915802
1554	1548	PC	72.3343861266359
1554	1719	PC	182.535286056192
1557	1535	PC	10159.2714092646
1557	1719	PC	13264.275938202
1560	1566	PC	8416.3547009918
1560	1719	PC	6300.99602896538
1563	1566	PC	2541.82919257292
1563	1719	PC	3883.57788488864
1566	1566	PC	20270.2123530823
1566	1612	PC	17087.0525722022
1567	1566	PC	5371.59260886925
1567	1719	PC	8123.70206898123
1569	1612	PC	15827.9479727323
1571	1612	PC	2590.9721438332
1573	1719	PC	91.8720645051031
1612	1612	PC	5173.59013434782
1613	1612	PC	456.969266748115
1613	1638	PC	546.6573093895
1617	1719	PC	185.697671190708
1620	1719	PC	163.188862561531
1621	1719	PC	180.054885279786
1622	1612	PC	2671.20045624875
1622	1638	PC	4281.52488552667
1627	1627	PC	3023.48783170066
1627	1719	PC	3991.67830289494
1630	1630	PC	4336.74672763796
1630	1702	PC	5860.84525690589
1632	1630	PC	27.8442807552999
1632	1702	PC	22.7371906361022
1633	1630	PC	2546.59151074514
1633	1702	PC	3712.84948269529
1634	1635	PC	1074.91569060694
1634	1719	PC	2552.9821067491
1635	1635	PC	19971.4325575989
1635	1719	PC	29341.5841062764
1636	1612	PC	7316.37827791743
1636	1638	PC	7055.06188504908
1638	1612	PC	13690.4096309777
1638	1638	PC	16404.3995668681
1640	1640	PC	49.8882525116916
1640	1719	PC	383.781783671017
1644	1640	PC	3247.20401796249
1644	1719	PC	7281.44624815824
1648	1648	PC	25171.8268900562
1648	1719	PC	33041.7380552033
1653	1612	PC	21693.5814983527
1653	1653	PC	25315.6521235427
1657	1612	PC	7438.05977811903
1657	1653	PC	8689.381580034
1662	1653	PC	3370.07096414832
1662	1719	PC	2252.4261739997
1663	1714	PC	1965.75090183844
1663	1719	PC	2147.80528613633
1664	1664	PC	15152.01091447
1664	1719	PC	17331.3732000491
1664	5850	PC	92.9736872377812
1665	1665	PC	4857.54628762852
1665	1719	PC	6064.31899415111
1671	1653	PC	9777.51134546168
1671	1719	PC	11374.1367617111
1677	52	PC	.82613070390561
1702	62	PC	4009.70504339455
1702	1702	PC	60014.8243275256
1702	1703	PC	37113.1585376742
1703	1702	PC	10038.3078620793
1703	1703	PC	7182.29721831282
1711	1664	PC	7056.3952878286
1711	1719	PC	14186.8117443676
1714	1664	PC	17219.5377612848
1714	1719	PC	20650.5810262765
1717	1719	PC	1467.47288216941
1719	1719	PC	24957.9026854298
1721	1719	PC	16745.1485701582
1721	1721	PC	10884.3477848058
1724	1702	PC	9166.36459919714
1724	1703	PC	2301.05320142956
1725	1702	PC	24218.9340258741
1725	1703	PC	12606.8529612738
1729	1702	PC	45103.1940722317
1729	1729	PC	21337.9465360345
1736	1702	PC	22929.2076462365
1736	1736	PC	14638.5952029721
1738	1702	PC	27395.300952923
1738	1738	PC	14335.9285521081
1739	1702	PC	109.6792699825
1740	1743	PC	862.081321161779
1740	1826	PC	1438.83317096502
1742	1702	PC	8140.78252140697
1742	1743	PC	4355.27834650028
1743	1702	PC	16802.4871825869
1743	1703	PC	17346.4984309948
1744	1702	PC	16494.1751417351
1744	1703	PC	12718.2046638209
1748	1702	PC	3167.20551056918
1748	1703	PC	1581.17737268827
1749	1702	PC	853.308072660723
1749	1703	PC	674.457014903754
1751	1702	PC	693.58967149922
1751	1751	PC	333.42698396877
1804	1702	PC	1709.92143462234
1804	1804	PC	234.826123587621
1805	51	PC	2.48614515679625
1811	1702	PC	2344.20668734122
1811	1751	PC	1530.74815789479
1812	1702	PC	3120.4272040603
1812	1813	PC	884.701884895578
1813	1702	PC	11701.3429296064
1813	1813	PC	2102.99028696325
1815	1702	PC	6726.8990307391
1815	1813	PC	52.0039817644712
1820	1702	PC	70.1519074422166
1822	1702	PC	3890.98370348108
1822	1832	PC	1087.82790039954
1824	1826	PC	23187.8792612459
1824	1832	PC	12948.984918998
1825	1826	PC	11172.0648540684
1826	1826	PC	28368.7386452444
1827	1702	PC	137.040935468516
1828	1702	PC	5429.69579594089
1828	1833	PC	646.777439247594
1832	1826	PC	10308.9305703411
1832	1832	PC	5382.56783282405
1833	1702	PC	20354.3015712654
1833	1833	PC	3878.58719189055
1837	1702	PC	3808.8395946393
1838	1702	PC	702.066282463552
1839	1702	PC	2370.3837892362
1840	1702	PC	4402.73566469365
1840	1840	PC	2347.48022674492
1841	1702	PC	8161.65054591333
1841	1840	PC	2954.33081584406
1845	1702	PC	1032.8175088686
1845	1840	PC	519.493842735712
1848	1702	PC	139.373158296468
1849	1931	PC	8701.83250182709
1851	1931	PC	90.2556250960976
1854	1931	PC	19.8727981862967
1860	1702	PC	513.187207612031
1865	1702	PC	2447.12742407924
1866	1702	PC	1776.56848432055
1867	1702	PC	250.220913284584
1870	1931	PC	7565.79887214006
1922	1931	PC	3230.45589279362
1924	1931	PC	11482.3402121827
1925	1931	PC	404.337338045756
1931	1931	PC	497.259583435153
1933	1931	PC	178.528898387331
1972	2301	PC	293.100104686759
1973	2301	PC	766.20917777703
2012	1702	PC	8239.75142575871
2030	1702	PC	4647.97536965324
3001	233	PC	3.60778737674442
3001	235	PC	106.060047832685
3001	303	PC	37.0534654162361
3001	306	PC	45.5987239046949
3001	417	PC	5534.14103386702
3001	436	PC	2.14543611718962
3001	438	PC	3.01498521340716
3001	815	PC	166.561012523019
3001	1130	PC	57.7900808090647
3001	1271	PC	170.525560083368
3001	1671	PC	12.6988508965131
3001	1717	PC	1.30682776185104
3001	1744	PC	125.477727569158
3001	1805	PC	14.9358917561605
3001	1866	PC	17.3409648067607
3001	1870	PC	18.0546977677537
3001	1871	PC	16.5593203867556
3001	1901	PC	19.1170011372768
3001	1933	PC	3.31979134229745
3001	1938	PC	3.88205663828512
3001	1940	PC	5.57372958694141
3001	1941	PC	44.9773900658327
3001	1971	PC	2.010634380532
3001	1972	PC	47.9082572529416
3001	2002	PC	30.3535492742976
3001	2003	PC	314.908168513331
3001	2004	PC	78.5897112367202
3001	2011	PC	1.36876719359062
3001	2012	PC	423.719117479882
3001	2017	PC	75.7796940258962
3001	2020	PC	355.898916499789
3001	2021	PC	85.889049218644
3001	2023	PC	5.91921012123863
3001	2025	PC	109.565252468524
3001	2027	PC	10.834672472699
3001	2028	PC	79.07644719102
3001	2030	PC	520.70623160129
4001	106	PC	5.91364495469546
4001	119	PC	110.627016892979
4001	214	PC	6.19145894909121
4001	219	PC	23.1212328611118
4001	220	PC	4.97958801415959
4001	227	PC	5.79449001645891
4001	233	PC	5.8355960818841
4001	302	PC	220.429850155397
4001	305	PC	.513255778548106
4001	306	PC	20.575253578639
4001	412	PC	8.77362124859799
4001	417	PC	614.327303075168
4001	604	PC	7.68601086118417
4001	626	PC	126.546757850584
4001	628	PC	7.21538567145222
4001	709	PC	24.4937555130048
4001	720	PC	30.9770654280321
4001	806	PC	2.29238125804299
4001	906	PC	.667711885948836
4001	914	PC	.682240855585861
4001	1071	PC	8.52895672096338
4001	1102	PC	13.3417373302436
4001	1119	PC	65.7041160691195
4001	1235	PC	10.2698677455425
4001	1238	PC	22.9200583867094
4001	1260	PC	1.43560935585103
4001	1401	PC	1.92719431522363
4001	1523	PC	.742704308712573
4001	1528	PC	1.41503880400316
4001	1674	PC	1008.4369144436
4002	626	PC	9.27990123222818
4002	704	PC	38.3729042296401
4002	1569	PC	36.4647651647097
4003	106	PC	1.24390462840146
4003	219	PC	1.60207002716001
4003	704	PC	3.93401320628642
4003	901	PC	3.31358813956475
4003	1674	PC	44259.77065415
4004	219	PC	3.99528574674473
4004	628	PC	4.25718670479027
4004	709	PC	59.2961034053017
4004	720	PC	36.611859416326
4005	211	PC	1.27720771192868
4005	231	PC	53.271163685513
4005	233	PC	30.3956086490717
4005	1119	PC	217.944967647616
4005	1529	PC	6.34209311095066
4005	1531	PC	2.21000973627721
5101	106	PC	64.6320609789905
5101	136	PC	5.63862594553733
5101	217	PC	7.64004179174901
5101	233	PC	9.38024717953549
5101	301	PC	.990493607724416
5101	304	PC	3.77288019669573
5101	305	PC	219.151212952698
5101	412	PC	5443.78088785063
5101	417	PC	20.3070900223379
5101	709	PC	4.91863329305702
5101	722	PC	26.0133004648882
5101	1073	PC	16.769494615614
5101	1102	PC	13.6282712863294
5101	1130	PC	10.9355320308274
5101	1432	PC	2.22449307579644
5101	1445	PC	2.4128366039446
5101	1504	PC	4.11556831505743
5101	1973	PC	.978627353356281
5102	106	PC	28.7729414864665
5102	217	PC	35.1141272627723
5102	722	PC	7.90863602599307
5103	417	PC	21.9716055979394
5106	231	PC	44.2890967278487
5106	305	PC	166.781114566106
5106	704	PC	149.873812811597
5106	928	PC	2.68077223267256
5106	1231	PC	2.42693161465899
5106	1271	PC	3.69883027989509
5201	231	PC	.517698383727045
5302	104	PC	40.0647479280362
5302	1724	PC	2530.3143114795
5402	106	PC	69.9849292569476
5402	305	PC	.675336550721193
5402	1247	PC	1.44617743995045
5403	106	PC	12.3778706465522
5403	231	PC	19.1116986659234
5403	302	PC	123.71265160478
5403	602	PC	30.7622146285452
5403	1677	PC	8.38124159169864
5404	106	PC	47.2581799396784
5404	125	PC	31.0628127795321
5404	303	PC	55.521668956625
5404	1102	PC	13.4223250053927
5501	106	PC	8.18733948038009
5501	1275	PC	35.8881378951872
5501	1677	PC	5.07954035860524
5605	104	PC	41.4956317826089
5605	233	PC	9.45240292707038
5605	306	PC	.558278215262853
5605	501	PC	1.18234886352286
5605	709	PC	2.62295334627453
5605	1172	PC	.990680294096073
5605	1724	PC	155496.929754327
5700	220	PC	96.221544821137
5700	303	PC	20.935433072357
5710	532	PC	12.4614454299749
5710	625	PC	10.185929390298
5770	1449	PC	4.02219355471824
5790	217	PC	20.3734447779973
5800	106	PC	23.2671341148535
5800	128	PC	12.3343606272008
5800	219	PC	.613137911629141
5800	220	PC	21.7738639402416
5800	229	PC	61.2805003456977
5800	234	PC	74.0829241819586
5800	304	PC	.675336550721193
5800	522	PC	23.3998098460386
5800	604	PC	20.1969905147149
5800	704	PC	22.2276396288996
5800	713	PC	435.254523711645
5800	720	PC	12.8618224876625
5800	723	PC	21.0063448621715
5800	1071	PC	18.5412102629639
5800	1149	PC	.95567776880671
5800	1515	PC	53.2972821168462
5800	1525	PC	8.76388103946518
5800	1531	PC	22.1000973627721
5800	1743	PC	31.3350463745476
5810	105	PC	48.4433990242097
5810	106	PC	163.604046453523
5810	137	PC	42.5198041239686
5810	231	PC	1208.23900116776
5810	235	PC	10.3867293851378
5810	304	PC	464.271367402463
5810	713	PC	570.174561408004
5810	906	PC	1081.50516738192
5810	1032	PC	4.76858565230779
5810	1072	PC	44.2928911837471
5810	1102	PC	60.5302982231186
5810	1106	PC	1116.60389683272
5810	1121	PC	18.9257508120425
5810	1149	PC	19.6255256094235
5810	1246	PC	19.3149853385303
5810	1247	PC	18.3426229365295
5810	1275	PC	109.068072355881
5810	1424	PC	58.5945104189394
5810	1449	PC	20.548162725191
5810	1554	PC	19.522531767862
5810	1563	PC	16.2565331222888
5810	1621	PC	8.01739318082528
5810	1671	PC	24.3394642183167
5810	1673	PC	217.912281384165
5810	1674	PC	15282.7072531781
5810	1743	PC	707.474608909296
5810	1751	PC	17.6156232171893
5810	1805	PC	579.45036725671
5810	1833	PC	2.65767782451491
5810	1901	PC	1.2370431840845
5820	106	PC	117.865061510827
5820	135	PC	24.0870727797078
5820	211	PC	124.309051962373
5820	213	PC	62.0358089176618
5820	216	PC	7.59683397530446
5820	217	PC	128.925705235764
5820	230	PC	11.8167831708885
5820	231	PC	13972.7570315505
5820	233	PC	71.9843776344931
5820	302	PC	6506.55250914169
5820	303	PC	19.9719529266614
5820	304	PC	1887.46660990496
5820	306	PC	173.192309554286
5820	403	PC	23.1584972581758
5820	412	PC	23.6326498278734
5820	419	PC	12.7171175192635
5820	436	PC	1.22124825132332
5820	501	PC	17.8932729812382
5820	522	PC	17.4456397440382
5820	602	PC	43.1120088224867
5820	627	PC	22.2641615520258
5820	701	PC	193.34442608004
5820	713	PC	19.6618031281554
5820	720	PC	19.0305394257778
5820	805	PC	18.3380545831452
5820	941	PC	28.6636419020378
5820	1071	PC	4.58379920389941
5820	1149	PC	38.3977674966982
5820	1247	PC	84.5352171005612
5820	1272	PC	10.5179558471888
5820	1277	PC	22.7620324916621
5820	1401	PC	16.4404499660231
5820	1433	PC	.693462260429559
5820	1504	PC	60.9475628346936
5820	1528	PC	43.7341326357243
5820	1531	PC	55.2502434069302
5820	1532	PC	19.9944061461258
5820	1671	PC	24.0643224488923
5820	1672	PC	101.590807172105
5820	1673	PC	25.1437247750959
5820	1743	PC	1073.90005034221
5820	1805	PC	2104.97192626626
5820	1818	PC	247.002369415307
5820	1820	PC	10.2152305497418
5820	1835	PC	13.8594216698497
5820	1851	PC	26.7389841188268
5820	1867	PC	91.3027521346893
5820	1868	PC	8.49478723919145
5820	1870	PC	28.4194316714641
5820	1901	PC	14.844518209014
5820	1925	PC	340.969382902316
5820	2003	PC	122.753710919036
5820	2004	PC	3.38748755330691
5820	2012	PC	163.825148365302
5820	2018	PC	74.6541344963024
5820	2019	PC	1.29693324794143
5820	2020	PC	22.7775306559865
5820	2021	PC	37.7352057454299
5820	2023	PC	10.4836146561447
5830	2003	PC	227.520391592766
5831	303	PC	37.2245506757521
5831	1743	PC	211.120940283273
5831	1805	PC	8051.93233098142
5831	2019	PC	6.41680345347764
5831	2025	PC	17.4785751866948
5835	1743	PC	45.9372348029406
5840	106	PC	116.356062453422
5840	125	PC	5.82652181905097
5840	217	PC	7.640041791749
5840	228	PC	.914073271280605
5840	231	PC	21.1824922008316
5840	235	PC	1.08483618022551
5840	302	PC	2208.76472727608
5840	305	PC	351.778307026998
5840	306	PC	1816.29514194629
5840	308	PC	20.7103208887832
5840	516	PC	31.1955586656058
5840	602	PC	3.73637409794884
5840	624	PC	4.39299823951499
5840	625	PC	7.87610897093671
5840	722	PC	20.1883214715045
5840	906	PC	.564263565590566
5840	1017	PC	12.4453275495706
5840	1173	PC	13.6976714132671
5841	220	PC	1.5620380652782
5841	312	PC	15.9739605463919
5841	516	PC	104.637936099513
5841	937	PC	8.57296463468825
5841	1272	PC	3.31946307170072
5842	106	PC	260.210573946177
5842	125	PC	.736170707491802
5842	217	PC	12.3177988610027
5870	704	PC	22.3206423051712
5920	1172	PC	9.19917415946354
6000	626	PC	34.3113416240814
6010	1805	PC	17.9230701073926
6020	106	PC	7795.07109703182
6020	231	PC	4962.93281221211
6020	302	PC	11988.4844035292
6020	303	PC	11753.5573287516
6020	304	PC	.783390398836583
6020	305	PC	67.74976276835
6020	306	PC	257.924535451438
6020	709	PC	97.2517812396272
6020	814	PC	4882.85735918039
6030	105	PC	277.436376922266
6030	219	PC	1.1273826117052
6030	220	PC	28.0220162013544
6030	237	PC	490.310418091115
6030	303	PC	217.296288560051
6030	306	PC	17.2886156984625
6040	220	PC	243.99981269382
6040	237	PC	29.8613939607302
