50	219	PC	16.263194783713
50	301	PC	358.980109786411
50	412	PC	13724.5046603293
50	425	PC	335.558970616147
50	501	PC	28.928135527526
50	704	PC	50.4454068791565
50	1130	PC	7686.65087402379
50	1251	PC	266.169466017629
50	1275	PC	1.5186776018095
52	105	PC	20.2160174593801
52	123	PC	20.6532687455313
52	236	PC	108.774188650059
52	301	PC	300.617930830107
52	412	PC	51.0983144702202
52	1130	PC	244.369753760546
52	1173	PC	12832.2031337421
52	1275	PC	6068.44088519082
52	1860	PC	697.798713834738
52	1868	PC	11014.9685638587
54	119	PC	1582.93314976017
54	412	PC	263.868345215072
54	806	PC	1.7910708774745
54	1130	PC	161.691500062117
54	1275	PC	1547.21964003377
56	236	PC	12.4315786262821
56	1130	PC	208.528137913443
56	1173	PC	2916.12694768577
58	104	PC	1954.39436866776
58	119	PC	1980.54716802031
58	213	PC	48.991409479463
58	215	PC	8.8085760666274
58	301	PC	16774.8127851886
58	403	PC	8.78760209055732
58	412	PC	591.400164196319
58	419	PC	29.8147029306448
58	621	PC	6.64505819603083
58	1102	PC	125.626166314285
58	1251	PC	18823.8253521434
58	1275	PC	6725.26610400788
58	1719	PC	.83815771120058
58	1833	PC	260.293229222188
58	1868	PC	20992.2667018516
59	220	PC	10.6801929108059
60	301	PC	314.458165340269
60	425	PC	67.1950383220277
62	301	PC	1.20417539803163
62	625	PC	7.10067222186243
101	105	PC	2409.95945243278
101	128	PC	18124.1864544427
104	104	PC	527.898465347447
104	701	PC	37.2968317649336
105	101	PC	1.02685816252784
105	105	PC	9130.37449127836
105	128	PC	19324.9585896882
105	412	PC	.843827811388971
105	605	PC	5.27336352587792
106	104	PC	17012.7191159827
106	105	PC	8888.69043544248
106	235	PC	1.63869277416088
106	1820	PC	10.0623124389158
111	104	PC	102.570496908504
111	105	PC	239.732420580249
118	128	PC	4438.10215643571
119	124	PC	6419.2844151832
119	128	PC	3507.1062227991
121	128	PC	333.936830856702
121	221	PC	372.218645114242
122	101	PC	.808020640295153
122	124	PC	14508.8834379437
122	128	PC	4755.05373272083
122	235	PC	1.21626447538624
122	412	PC	.949535777096551
123	101	PC	1.81165149146251
123	105	PC	2.58682565182564
123	123	PC	7273.97238323629
123	214	PC	2548.4367040026
123	237	PC	2.02412359382027
123	605	PC	5.59300361527597
124	101	PC	1.30456963712458
124	124	PC	6731.73599517224
124	128	PC	322.907348003304
124	402	PC	1.31423298012497
124	605	PC	3.19873019396919
124	714	PC	1.21883764411836
125	56	PC	2.23012558066791
125	101	PC	1.14356738663746
125	124	PC	17022.200432363
125	128	PC	7011.13188538728
125	221	PC	.743270761265445
125	235	PC	1.3443929657178
125	412	PC	1.15329979433473
125	605	PC	5.07380673677724
125	806	PC	.842562453390707
125	827	PC	.989355543745965
127	101	PC	.971490588827119
127	105	PC	1351.16774469642
127	124	PC	7069.19057769139
127	221	PC	.690179992603628
127	605	PC	3.48279653209033
128	101	PC	.776514639692587
128	105	PC	.614349750893189
128	128	PC	40316.1422357326
128	235	PC	1.14735053231361
128	412	PC	2.1953825262408
128	605	PC	4.9030906394808
135	104	PC	9564.69751344025
135	105	PC	427.917620002261
135	412	PC	.994976707137827
135	605	PC	2.15830626327979
136	104	PC	5780.6346648792
136	105	PC	1.01833904682169
136	412	PC	1.0580727910051
136	605	PC	4.61473473872495
136	701	PC	2707.93647029301
137	101	PC	2.65954608785565
137	104	PC	7323.66115433009
137	105	PC	.754130806151459
137	214	PC	404.044393571478
137	235	PC	1.21766594525041
137	237	PC	2.38495038994559
137	605	PC	7.40377890542898
138	101	PC	1.86882986079438
138	105	PC	2.04333096942187
138	123	PC	6600.97508242505
138	214	PC	991.485906697019
138	235	PC	.851640114840676
138	237	PC	1.5823326980644
138	605	PC	10.1571619218947
138	709	PC	.970548360802824
138	4001	PC	64.876380528521
211	101	PC	1.02187447800615
211	104	PC	9987.87609010303
211	105	PC	3.66045481250105
211	214	PC	936.210094978049
211	235	PC	2.0231420778566
211	412	PC	2.7881215753219
211	605	PC	2.14267880664313
213	101	PC	2.09208085699909
213	105	PC	3.06911298030796
213	123	PC	11230.991569785
213	214	PC	297.747568524464
213	605	PC	7.49697909080505
214	101	PC	.850986685231477
214	123	PC	11096.6233462687
214	214	PC	69.3458890564815
214	235	PC	.897736957821278
214	605	PC	1.36613749416844
215	101	PC	.709443260913056
215	104	PC	3505.33060373096
215	105	PC	.833254399908451
215	214	PC	54.1236207270099
215	235	PC	1.67129128170763
215	605	PC	1.22233354741387
216	123	PC	701.03970910818
216	214	PC	1204.65648833142
217	123	PC	63.4512572474487
219	301	PC	930.883422886218
219	427	PC	.847404332319974
219	540	PC	1.30180710333906
219	602	PC	1846.18514554046
219	605	PC	3.77363453251516
219	624	PC	1.20001691483758
220	602	PC	1068.91611173637
221	101	PC	1.12940584865962
221	105	PC	.819985850596454
221	221	PC	19783.4221518138
221	235	PC	9409.42344434571
221	423	PC	1.81885390663885
221	427	PC	.717692438589261
226	101	PC	1.57522394681474
226	226	PC	17102.7576405822
226	235	PC	11978.3973959585
226	237	PC	.87333410403452
226	605	PC	1.48111772658627
227	226	PC	4795.27041973981
227	235	PC	833.075879345645
228	226	PC	318.85190725936
228	235	PC	378.527760675525
229	101	PC	7.49965111785381
229	105	PC	2.06495361515795
229	123	PC	4737.53382354745
229	214	PC	1547.96617711415
229	221	PC	1.39561587226625
229	235	PC	4.73871413126692
229	402	PC	.921186303651253
229	427	PC	1.586369165412
229	605	PC	4.2324575296557
229	714	PC	1.30873890114629
230	226	PC	548.345627672017
230	301	PC	99.616596715395
231	55	PC	.931762413227605
231	226	PC	3596.15618828938
231	235	PC	5021.64344575635
231	4001	PC	2.97862962348972
233	235	PC	2946.64275489945
233	301	PC	538.133220439803
234	235	PC	8171.98907197418
235	101	PC	1.26712688633896
235	105	PC	.77124656462259
235	235	PC	31873.9491657152
235	423	PC	.894703254832918
235	605	PC	10.642858395766
235	5850	PC	102.897983583256
236	101	PC	4.69595063390054
236	235	PC	1.48507916078097
236	236	PC	45703.6619758778
236	237	PC	2.36005918477851
236	419	PC	4801.34593653916
236	423	PC	3.74146266015598
236	427	PC	1.5243208277818
236	605	PC	3.29675958781887
237	235	PC	6016.9127888486
237	237	PC	7900.57257886981
238	101	PC	2.76814534804677
238	235	PC	12606.2553121635
238	237	PC	4.58293018372166
238	605	PC	1.02481785440336
239	101	PC	4.34627092251355
239	105	PC	2.47120999012482
239	235	PC	2.37641715908731
239	237	PC	330.900029823027
239	522	PC	1.30895096270644
239	528	PC	3080.25323224173
239	534	PC	4.12007948535493
239	605	PC	4.04928030276451
301	50	PC	7.72182325276467
301	58	PC	219.437918705047
301	226	PC	711.132215933174
301	301	PC	569.538234033963
301	5101	PC	34.7748222003594
301	6020	PC	21.3759505282473
303	101	PC	.548584678194219
303	709	PC	1.37826415834631
307	536	PC	.808276759195138
311	235	PC	.68591682420752
402	402	PC	1916.15181771524
402	420	PC	8417.17160115843
403	58	PC	9.37883788753386
403	403	PC	3579.01360486811
403	417	PC	13649.3000656324
403	3001	PC	17.484833490331
412	58	PC	14.4702070264808
412	403	PC	61550.5663164779
412	412	PC	31962.7232837717
415	403	PC	8628.46976293693
415	427	PC	7520.23816699022
417	417	PC	37406.3791392055
418	237	PC	5134.99223069599
418	419	PC	861.877813628108
419	58	PC	37.8721421709274
419	236	PC	20821.1120375249
419	419	PC	1117.34514279578
420	402	PC	2071.40508681201
420	420	PC	5766.16323116147
423	423	PC	18227.679948166
425	423	PC	27985.9345691057
425	425	PC	9356.28145920684
425	1502	PC	1.28184625492334
426	425	PC	4191.10905934075
426	427	PC	11967.9814674119
427	403	PC	4751.68731331519
427	427	PC	6011.2948586788
428	403	PC	7690.94164228664
429	427	PC	1176.76478303586
429	430	PC	3473.02825637309
430	427	PC	724.00061973993
430	430	PC	3180.36761993211
432	427	PC	501.420486669363
432	430	PC	6334.48571896876
434	430	PC	3287.83516841598
436	427	PC	20.2824175131166
436	436	PC	19424.2917965172
437	436	PC	25166.0667975669
437	1664	PC	25.1832902318303
438	438	PC	9639.95971576156
438	1653	PC	213.372640058521
439	438	PC	9339.24101718731
441	441	PC	1274.38435714979
501	427	PC	708.911552657381
501	501	PC	24336.0413449725
502	412	PC	3069.62618544821
502	502	PC	21410.8647295941
511	517	PC	20048.3907809982
511	528	PC	74.5845479210721
512	1539	PC	50959.663619101
513	412	PC	286.839738556676
513	517	PC	17485.689720251
514	412	PC	63.7898146449288
514	517	PC	7950.05554698548
515	412	PC	97.5932181680622
515	517	PC	19171.7749012095
516	412	PC	390.721060035782
516	517	PC	42672.5329161374
517	412	PC	605.46113709317
517	517	PC	22775.208222889
519	412	PC	632.202138987711
519	520	PC	41018.9066382702
520	412	PC	150.358559052692
520	520	PC	54153.0924777428
521	412	PC	153.060828988663
521	521	PC	30302.9829330663
522	412	PC	426.40389651287
522	521	PC	70833.5107171383
528	213	PC	1.71689674059504
528	412	PC	21220.1906282969
528	528	PC	28998.3371054225
529	502	PC	23594.521238749
529	528	PC	6658.6487921734
532	301	PC	806.022538871547
532	528	PC	2235.29086744061
532	605	PC	.774918108243686
533	101	PC	1.53844263837322
533	105	PC	2.48279428100455
533	235	PC	9829.22299106814
533	427	PC	2.86287591295592
533	533	PC	3368.01843420987
533	534	PC	1.68256021194191
533	536	PC	1.29436584713234
533	540	PC	4.84625169692332
533	605	PC	5.02270540711322
534	105	PC	5.1606652555166
534	528	PC	15639.1392360538
534	533	PC	8826.09987711452
534	534	PC	3.14172601354925
534	605	PC	1.49516408001619
536	412	PC	1.14603476036583
536	427	PC	11.544652510348
536	502	PC	6834.84527876786
536	522	PC	2.67353259901681
536	533	PC	2266.62337781944
536	534	PC	.771752257501069
536	536	PC	2.01824021584893
536	540	PC	9.99968196741161
536	605	PC	3.79183262379349
536	624	PC	.783872506318399
538	427	PC	1.16126356822032
538	501	PC	25046.8977579006
538	522	PC	.624129470889198
538	528	PC	597.116473823526
538	540	PC	1.46358981523025
538	605	PC	2.0134465028033
540	412	PC	3.10216801602027
540	528	PC	76.1748123621097
540	540	PC	1.4368362758202
540	617	PC	10615.5736605011
541	528	PC	10.4213788582635
541	542	PC	18966.4997649298
542	427	PC	.784917600114845
542	528	PC	36.5294969218854
542	540	PC	1.06886601006137
542	542	PC	27113.3801846731
542	605	PC	1.21468805290597
543	528	PC	72.0494889864962
543	542	PC	38714.4626323439
544	427	PC	.64741378695604
544	528	PC	45.4395851331962
544	542	PC	17237.9881625148
545	542	PC	9154.06376957571
602	528	PC	2876.93784917642
602	602	PC	605.947878737072
604	412	PC	.784191212509553
604	602	PC	4111.10416490138
604	604	PC	10849.6333645733
604	605	PC	2.28349986492827
604	624	PC	1.06276721951881
604	631	PC	2.40362514824097
605	301	PC	6613.79555898389
605	412	PC	2.51729122218377
605	540	PC	1.0972573823754
605	604	PC	23186.0000168821
605	605	PC	4.83648953459997
612	301	PC	410.799908991904
612	412	PC	2.21024732078147
612	533	PC	5250.14550601295
612	540	PC	2.62292601364638
612	605	PC	2.64855379275713
615	533	PC	438.459025136723
615	605	PC	.901749897663856
615	617	PC	405.932254600671
616	412	PC	1.08097620977006
616	540	PC	1.44885028226575
616	605	PC	5.31496515909885
616	617	PC	10650.162319327
616	623	PC	129.713602742048
616	624	PC	.564134480179178
617	540	PC	1.70686471609389
617	605	PC	3.48583422972901
617	617	PC	11939.657737601
617	623	PC	9.98839970529558
618	618	PC	9513.1694168762
619	619	PC	5976.46110755919
620	619	PC	3053.48361910529
621	412	PC	2.84283110952673
621	528	PC	5524.84096354576
621	605	PC	5.09753239023407
621	617	PC	8959.69038627898
621	624	PC	2.41711795190246
621	631	PC	3.10839465005243
622	412	PC	3.45014215926864
622	602	PC	1722.39115474641
622	605	PC	9.08569105428422
622	623	PC	1154.11354345445
623	412	PC	3.58988507536617
623	602	PC	6709.9682729075
623	605	PC	13.4618704843171
623	623	PC	8588.85198906832
623	624	PC	4.90673176044574
623	631	PC	.867458972107654
624	602	PC	5876.44589904497
624	605	PC	.797125648733991
624	623	PC	10801.8008009114
624	624	PC	.892936770819856
624	631	PC	.687475988098923
625	602	PC	1009.33561819101
625	624	PC	2473.06505052249
626	540	PC	.573554066512418
626	602	PC	1722.5474057697
626	605	PC	.955297928738182
626	624	PC	3462.28137093743
627	602	PC	3952.83301100823
627	605	PC	1.48306088281157
628	602	PC	2906.84639913638
628	605	PC	1.18394300676404
628	631	PC	.480938137597101
631	412	PC	3.88392481084593
631	602	PC	1081.78280055763
631	604	PC	3646.44575997082
631	605	PC	10.1499052112443
631	631	PC	3.29806505188942
632	412	PC	2.08464163992123
632	602	PC	3303.62602440555
632	604	PC	436.736366197078
632	605	PC	1.67487164441632
632	631	PC	2.32787453750852
633	619	PC	1067.47466983689
701	604	PC	2839.17993980719
701	605	PC	.574251149892916
701	624	PC	1.4363050354797
701	701	PC	2237.41967668025
701	714	PC	1.55959285827047
702	104	PC	4952.10667321203
702	605	PC	.835140451473528
702	624	PC	.799511069656424
702	701	PC	2189.66445636868
702	714	PC	.847953320532605
704	701	PC	664.698917157866
704	702	PC	9089.90432754203
706	58	PC	1.81087795981604
706	101	PC	1.11253704538205
706	105	PC	1.91049328740316
706	605	PC	.911658753712057
706	702	PC	5571.7321905826
706	709	PC	1029.28659121905
706	1719	PC	1.21972800253488
709	101	PC	.8706162381983
709	105	PC	1.97004113012741
709	605	PC	1.18143532368807
709	709	PC	16694.0277402965
709	720	PC	.549884754437136
709	1719	PC	2.85583810612064
711	602	PC	252.495064402417
711	709	PC	229.272508571208
713	602	PC	6093.69722694149
714	604	PC	1584.08200750979
714	605	PC	6.3928285518275
714	624	PC	2.89647431375529
714	702	PC	2723.32204052091
714	714	PC	4.40903175685763
716	101	PC	.84926054591052
716	105	PC	1.52599505716116
716	605	PC	2.2860515803639
716	701	PC	9851.34186665835
716	702	PC	14683.6914723298
716	714	PC	2.54356311585436
719	105	PC	4.10880114797354
719	604	PC	4135.21289224077
719	605	PC	4.8327216587083
719	702	PC	2805.80112835956
719	714	PC	3.61517780784711
720	101	PC	.682455610388719
720	605	PC	2.93033170836018
720	624	PC	1.53496923368834
720	701	PC	1038.09731017842
720	702	PC	6546.78954736767
720	714	PC	1.85775475533057
722	701	PC	660.16020217555
722	709	PC	2536.98180093253
723	701	PC	61.6373926589157
723	702	PC	24.7765498422479
728	105	PC	5.23772899962086
728	604	PC	2724.14603092547
728	605	PC	8.51424157484653
728	624	PC	.853262309314992
728	702	PC	2761.1390735458
728	709	PC	.696840624573464
728	714	PC	4.42430444344405
728	1719	PC	.878023126129007
805	702	PC	48.2380992747815
805	709	PC	342.810712189025
806	709	PC	5582.04375208775
806	806	PC	2750.42431541955
807	806	PC	2544.81778845146
807	821	PC	6453.91331838531
811	604	PC	1581.82265820239
811	821	PC	206.676185180672
814	709	PC	510.058773566605
814	806	PC	276.111958044934
815	709	PC	393.876332517178
817	806	PC	45.6305222117963
817	821	PC	3489.9623575105
819	821	PC	4447.78463151045
821	821	PC	6221.97186367046
822	821	PC	3141.00113001413
822	4001	PC	21.7085503117421
822	4004	PC	1.18804342886891
826	821	PC	2972.07359560725
827	821	PC	3059.7746370378
828	821	PC	2961.78255466274
829	821	PC	4260.21431215854
830	821	PC	1081.79935816683
831	821	PC	726.790757709132
833	821	PC	2279.93510489813
834	821	PC	1594.28855123364
901	709	PC	37.2274870034307
904	821	PC	418.138330571901
904	1002	PC	4718.52857627659
906	806	PC	81.7172423728636
906	1002	PC	11955.9353622371
911	709	PC	253.669650530017
911	806	PC	58.4189829983476
912	709	PC	760.731230841707
914	709	PC	1816.83960724847
914	806	PC	51.1955207320398
919	806	PC	91.2273712099857
919	1002	PC	3292.27246009618
926	806	PC	137.930075189291
926	1002	PC	5327.23035938226
928	806	PC	58.2398225912951
928	1002	PC	3545.65309310185
929	806	PC	173.967881365549
929	821	PC	1439.40473078275
935	806	PC	25.4973633060385
935	1002	PC	196.397188525526
937	821	PC	75.405121272627
937	1002	PC	4658.86005480357
938	1002	PC	2606.21644874206
940	821	PC	526.413336839534
1002	806	PC	80.2058789680402
1002	1002	PC	9354.14456020053
1003	806	PC	631.02169053312
1003	1032	PC	7075.1910765668
1004	1032	PC	2948.69494102462
1014	806	PC	8.37790330630657
1014	1002	PC	13705.0562108231
1017	806	PC	69.4935167743967
1017	1002	PC	1951.26773912726
1018	806	PC	74.7478641368182
1018	1002	PC	187.040052884517
1021	1002	PC	5537.73487700209
1026	1032	PC	5620.45741161585
1027	1032	PC	3514.72033598491
1029	806	PC	16.182535191
1029	1002	PC	12820.1973024093
1032	806	PC	12.0065989060017
1032	1032	PC	5757.86513549405
1034	1032	PC	3806.52829831379
1037	1032	PC	5085.04750676689
1046	1101	PC	2942.74930051023
1071	821	PC	203.32478024102
1071	1002	PC	2207.91889345648
1101	1101	PC	10611.5004802452
1102	806	PC	1002.70754463968
1102	1102	PC	25039.0018833917
1106	1146	PC	316.447748758214
1111	1101	PC	859.433173428736
1112	1101	PC	4591.32546650778
1114	1121	PC	11234.7002494904
1119	821	PC	435.851084828222
1119	1121	PC	11243.726974135
1120	821	PC	1934.45675533468
1120	1121	PC	22233.0915681109
1121	821	PC	196.036911408249
1121	1121	PC	7815.32007607019
1122	1102	PC	1849.43885759811
1124	58	PC	37.8219798156345
1124	821	PC	1131.59423793835
1124	1102	PC	5568.87421431198
1127	821	PC	182.45500175635
1127	1102	PC	1379.03326040115
1129	1130	PC	1318.87882217057
1130	1130	PC	2907.79653408183
1133	1130	PC	13788.287045049
1134	1154	PC	11993.8929042715
1135	1154	PC	655.010942822464
1141	1146	PC	18258.4391074088
1142	821	PC	93.1939738501157
1142	1102	PC	14383.7963711904
1145	1146	PC	1821.42140801593
1146	1146	PC	13355.0010007865
1149	1146	PC	5096.49008784992
1154	1154	PC	37907.1953534432
1171	821	PC	186.666256724193
1171	1102	PC	943.404872843963
1211	821	PC	46.4559510132554
1211	1154	PC	9524.87102137022
1216	1146	PC	6055.2769311678
1219	1219	PC	961.046909913593
1221	1219	PC	442.719519963269
1222	1219	PC	1859.03803763096
1223	1271	PC	5123.08673670085
1224	1219	PC	18194.4136915765
1228	1154	PC	799.943665646158
1231	604	PC	4.76549059960105
1231	1235	PC	106.624817382989
1232	1235	PC	1526.01495196392
1233	1235	PC	161.790055718786
1234	1235	PC	3541.50527789605
1235	1235	PC	29986.5029566237
1238	1235	PC	3570.159701832
1241	1271	PC	2526.94351455684
1242	1271	PC	217.255762469921
1243	1271	PC	780.828274267764
1244	1271	PC	1096.33694950099
1245	1271	PC	7.54360286353893
1246	1271	PC	42.9733909792935
1247	1271	PC	27.6598771663095
1251	1235	PC	306.224475458361
1252	1235	PC	20.4300984368069
1253	1271	PC	7038.3323437391
1256	1271	PC	510.128600043958
1260	1271	PC	8732.0346313323
1263	1271	PC	2047.91467458496
1264	1271	PC	1740.812087476
1266	1271	PC	758.634994643233
1271	1271	PC	2485.28773954438
1274	3001	PC	74.5437112611108
1275	52	PC	126.377342051473
1275	6020	PC	57.6358422068861
1277	58	PC	.780675957934544
1401	1428	PC	1528.21331499773
1411	1428	PC	7391.75593173904
1413	1428	PC	2460.41348872216
1416	1428	PC	4035.07546602682
1417	1235	PC	720.783060608559
1418	1235	PC	521.903618128937
1419	1235	PC	142.365476470863
1420	1235	PC	6543.22852162934
1421	1235	PC	1866.87853325268
1422	618	PC	7644.88425812157
1424	542	PC	123.486565274762
1426	1235	PC	9517.47244454438
1428	1428	PC	5300.71281713602
1429	1428	PC	4898.80142637505
1430	1428	PC	9473.46704864962
1431	1428	PC	31284.2707664936
1432	1428	PC	6830.63711927542
1433	1428	PC	8758.42200037055
1438	1520	PC	215.37392088645
1439	1520	PC	87.1190064746696
1441	1520	PC	5080.06678898881
1443	1520	PC	16115.026283976
1444	1520	PC	1238.26326601275
1445	1520	PC	32872.4893388711
1449	1520	PC	13925.1084243582
1502	821	PC	22.723790270346
1502	1502	PC	1398.07138710219
1503	1503	PC	204.775569767558
1504	1504	PC	14.7941649369633
1511	1520	PC	12996.8376698323
1514	1520	PC	740.081590928677
1515	1520	PC	907.642449605816
1516	1520	PC	669.955416492118
1517	1504	PC	6213.7839333481
1519	1520	PC	19801.6761249889
1520	1520	PC	34270.6212073546
1523	821	PC	38.2860651669933
1523	1504	PC	2183.86531411139
1524	1504	PC	2432.96206623752
1525	1504	PC	2778.45020001042
1526	1504	PC	359.621492676015
1528	1504	PC	5688.2208050838
1529	1504	PC	3421.00270002339
1532	821	PC	19.3140170234801
1532	1504	PC	7711.4584733921
1534	1504	PC	21848.2693483229
1535	821	PC	62.7184646079573
1535	1502	PC	23338.6170065599
1539	528	PC	711.805695752435
1539	1539	PC	9569.28452724474
1543	1502	PC	12897.8264990637
1543	1653	PC	65.2462018056022
1545	1502	PC	5864.8787524745
1545	1653	PC	6.68452862714176
1546	1502	PC	4800.69507611819
1547	1502	PC	2189.91706234892
1547	1653	PC	113.474177593504
1548	1502	PC	31086.5510295975
1548	1653	PC	264.703216623901
1551	1502	PC	5965.26117035659
1551	1653	PC	17.1520288723594
1554	1503	PC	10683.5967625885
1557	1502	PC	10815.8249373131
1557	1653	PC	28.1566119048082
1560	1503	PC	20558.5748645847
1560	1653	PC	4.24921096147408
1563	235	PC	2.55363908772327
1563	1502	PC	10.9621388192113
1563	1503	PC	56.7845040955085
1563	1504	PC	1.94830985997811
1563	1519	PC	95.8839214998507
1563	1531	PC	2342.6018270614
1563	1539	PC	2.12705817693491
1563	1634	PC	12784.7371698822
1563	1653	PC	506.814896192176
1563	1671	PC	1.37753513978085
1566	1638	PC	11696.041365165
1566	1653	PC	1126.63958045682
1567	1638	PC	21640.861665162
1567	1653	PC	16.7393009035484
1569	1503	PC	7830.61778791139
1571	1503	PC	20598.8794226895
1571	1653	PC	6.09222597185109
1573	1503	PC	12357.1162710197
1573	1653	PC	7.2223288324036
1612	1638	PC	12222.9971492542
1612	1653	PC	7.65028944694032
1613	1638	PC	11640.6880715819
1617	1638	PC	5672.65983049275
1620	1638	PC	32.5890593474029
1621	1621	PC	20921.9470881721
1621	1653	PC	7043.36421579321
1622	1621	PC	6146.45799976741
1622	1653	PC	186.156418108628
1624	1653	PC	3937.15254988343
1624	1718	PC	31879.8355786768
1627	1621	PC	18156.1320971581
1627	1671	PC	1475.76088280012
1630	1621	PC	31398.9767123258
1630	1653	PC	483.073394854233
1632	1621	PC	9171.57719503607
1632	1653	PC	75.3230560823575
1633	1703	PC	1622.48676227103
1634	1634	PC	28302.4779651179
1634	1653	PC	222.09091455619
1635	1634	PC	22289.3722494957
1635	1671	PC	552.665248725385
1636	1638	PC	7787.0751725997
1636	1671	PC	2288.95336002636
1638	1638	PC	26262.3882254362
1638	1671	PC	3245.48429157233
1640	441	PC	19947.9452321939
1644	441	PC	3863.57124325468
1648	1648	PC	18689.7947622128
1648	1702	PC	207.6448074787
1653	1102	PC	.692550393278983
1653	1653	PC	9712.7521078708
1653	1671	PC	8514.98376644724
1657	1638	PC	3332.2128359761
1657	1653	PC	2982.89114718971
1662	1653	PC	737.443688754268
1662	1671	PC	1585.64152426959
1663	1653	PC	1764.30754189047
1663	1671	PC	2068.92195095377
1664	1653	PC	2035.59698111168
1664	1671	PC	15179.0904022673
1665	441	PC	7364.90430771495
1671	1653	PC	11343.9103316027
1671	1671	PC	7237.86602039819
1702	211	PC	1.4954335677642
1702	1653	PC	21452.4584322637
1702	1702	PC	68444.0519963765
1703	1653	PC	468.790308931406
1703	1703	PC	16459.656546857
1711	1653	PC	151.988290466829
1711	1671	PC	8297.3041063037
1714	1671	PC	16244.4168497052
1714	1714	PC	11048.0291434889
1717	1664	PC	3145.03965820271
1717	1719	PC	2732.15232972628
1718	1702	PC	336.99477185443
1718	1718	PC	27614.0589376548
1719	1719	PC	50646.7209854918
1719	1744	PC	23686.7797399288
1721	1714	PC	9115.60967897428
1721	1721	PC	38678.5195758711
1723	1718	PC	9869.23856500986
1724	1702	PC	6396.20534621692
1724	1714	PC	201.918317188179
1725	1703	PC	22906.7141359109
1725	1717	PC	1505.73170333774
1729	1721	PC	10804.1535094157
1729	1744	PC	7215.7420533815
1736	1671	PC	3146.68247178991
1736	1702	PC	2272.04983197481
1738	1703	PC	20237.1740690253
1739	1703	PC	3081.90454826427
1740	1703	PC	5626.85541163132
1742	1703	PC	13102.6981993755
1742	1721	PC	1154.15322304784
1743	1703	PC	22629.3093496153
1743	1721	PC	603.418596159751
1744	1702	PC	4530.59544121281
1744	1703	PC	29841.3898550554
1748	1702	PC	103.575924470219
1748	1703	PC	9051.56532304007
1749	1703	PC	6711.28287064153
1749	1744	PC	114.618031935627
1750	1703	PC	18432.3871642913
1750	1744	PC	123.370866654022
1751	1703	PC	23825.5627618079
1751	1744	PC	272.115789058824
1755	1703	PC	10116.5304262426
1755	1744	PC	6.4867420878009
1804	1860	PC	11957.4954458046
1805	1931	PC	181.732667848375
1811	1703	PC	10294.8697304361
1812	1702	PC	277.916957143712
1812	1703	PC	15356.8209835865
1813	1703	PC	15658.8507442609
1813	1812	PC	4.2443948980972
1815	1703	PC	17778.6330815659
1816	1703	PC	9054.10840657878
1818	1703	PC	195.758851895222
1820	1703	PC	17990.0893759829
1820	1812	PC	9.07862864509624
1822	1703	PC	14854.3499120728
1824	1703	PC	21909.9149076734
1824	1812	PC	16.8619851388098
1825	1703	PC	5865.24150726629
1826	1703	PC	11189.6399126115
1827	1703	PC	21249.7763098294
1828	1703	PC	7441.2431588029
1832	1703	PC	21245.0586470127
1833	1703	PC	12470.3299005612
1834	1703	PC	1844.4154327003
1836	1860	PC	476.737450714364
1837	1860	PC	9223.78302436936
1838	1860	PC	1578.75930271728
1839	1848	PC	3798.51247035107
1840	1848	PC	1622.73780289634
1841	1848	PC	2831.21899507044
1848	1848	PC	3073.79333320223
1849	1848	PC	1868.98542163106
1850	1848	PC	104.069552145245
1851	1848	PC	846.432357447989
1852	1931	PC	257.917541706209
1853	1931	PC	2066.85594814123
1854	1848	PC	276.40873049777
1859	1860	PC	1844.1181074629
1860	1860	PC	21042.8476771487
1865	1860	PC	1829.58659517145
1866	1860	PC	4861.17401297057
1867	1860	PC	1079.63107191847
1868	1860	PC	3794.60086601589
1870	1860	PC	4633.25011287322
1871	1931	PC	1212.53408504662
1901	1931	PC	4709.45179579801
1911	1931	PC	928.294238769069
1913	1931	PC	954.34715329495
1915	1931	PC	1519.41247183519
1917	1931	PC	11.5135715544967
1919	1931	PC	736.318990382192
1920	1931	PC	340.108630961333
1922	1931	PC	4875.43195961812
1923	1931	PC	1882.71181580919
1924	1933	PC	8453.48532409419
1925	1931	PC	49.5030115297656
1926	1931	PC	560.017861390216
1928	1931	PC	173.300656246829
1931	1931	PC	1868.09683096626
1933	1933	PC	5400.5617964397
1936	1971	PC	161.222611771988
1938	1971	PC	766.500836505213
1939	1933	PC	2972.00942129553
1940	1971	PC	855.450222053926
1942	1971	PC	3186.88187705855
1943	2012	PC	305.497038476566
1971	1971	PC	1976.59912647584
1974	720	PC	5.82350379711106
2003	2012	PC	1651.83711578336
2011	2012	PC	85.4886914896627
2012	2012	PC	9995.15223881834
2017	2012	PC	113.817895883873
2020	2012	PC	1462.79505196828
2021	2012	PC	4445.81588865917
2025	2012	PC	11442.7737373197
2027	2012	PC	113.196595115861
2030	2012	PC	3543.01126307709
3001	219	PC	3.58537237820479
3001	235	PC	21679.1826672255
3001	412	PC	995.160616239699
3001	1102	PC	3050.9138055948
3001	1172	PC	4291.60908738694
3001	1275	PC	28321.9124470083
3001	1535	PC	4981.55317782085
4001	106	PC	116.645354459859
4001	123	PC	7.85544294600239
4001	213	PC	1.13893780028974
4001	215	PC	1.05181213978197
4001	220	PC	3.71954131683696
4001	233	PC	3.34768258273582
4001	235	PC	19963.5222458008
4001	236	PC	31.4349842584196
4001	301	PC	73.3966837789666
4001	302	PC	180.150865599293
4001	305	PC	2.51872174911433
4001	309	PC	275.180256176271
4001	403	PC	20.375446356722
4001	412	PC	5368.36239179393
4001	624	PC	15.9441961832289
4001	626	PC	1.1842660574232
4001	822	PC	32.3494262162009
4001	1102	PC	41.139600497701
4001	1172	PC	4752.36880379975
4001	1216	PC	1.06588466210418
4001	1271	PC	5.78320393872586
4001	1275	PC	135.685596221594
4001	1972	PC	1.30704272849915
4002	605	PC	16.5373205863071
4003	305	PC	2.26401954976569
4003	412	PC	2.18354545987498
4003	1102	PC	278.282870263394
4003	1130	PC	2660.20649847613
4004	123	PC	4.50378728904137
4004	624	PC	1.89291826832855
4004	1130	PC	1388.3788870042
4004	1172	PC	326.34681254526
4005	123	PC	51.5539628141227
4005	236	PC	54.1789099939675
4005	302	PC	74.508883382789
4005	605	PC	66.3943178994201
4005	621	PC	6.79453803275136
4005	624	PC	23.090690691657
4005	1102	PC	12.779480543685
5101	106	PC	1.28558436215862
5101	211	PC	356.33514547379
5101	235	PC	7220.91448234071
5101	236	PC	59.9570873458963
5101	301	PC	52.3370569294898
5101	303	PC	238.486159323444
5101	304	PC	14.1501221860356
5101	305	PC	1.30181124111527
5101	306	PC	68.019637348273
5101	403	PC	11.9038634995455
5101	621	PC	1.35890760655027
5101	822	PC	22.8518977091306
5101	1102	PC	119.924452621208
5101	1172	PC	84191.6963894999
5101	1271	PC	114638.119625615
5101	1275	PC	133490.777186976
5101	1868	PC	6837.0357324453
5102	233	PC	322.918054440889
5102	302	PC	43.4012547690083
5102	303	PC	40.0731460308528
5103	211	PC	124.025999164653
5106	1173	PC	3.92314529893558
5201	211	PC	2.97730450669606
5201	233	PC	2.9625509581733
5201	235	PC	18884.8149149529
5201	302	PC	3.27575328606724
5201	305	PC	3.98184438315041
5201	403	PC	8.50275964253249
5201	412	PC	27467.7816686468
5201	1130	PC	2694.85833436861
5201	1172	PC	26300.0694780266
5201	1535	PC	2425.04417345061
5204	235	PC	16028.2466273963
5204	1172	PC	10344.3693976513
5302	1172	PC	1283.9921178877
5403	213	PC	1.54326071939259
5403	231	PC	130.592490004251
5403	301	PC	.990508553022491
5403	302	PC	322.141681687286
5403	303	PC	21.2251832790534
5403	305	PC	33.7522864503507
5403	602	PC	4.20060182660673
5403	1102	PC	213.649679271242
5403	1271	PC	1.71491122451522
5403	1860	PC	74.292239891693
5404	217	PC	66.8972280548889
5404	231	PC	104.152041746465
5404	235	PC	1917.18724553478
5404	303	PC	16.9447713177776
5404	1275	PC	1495.40827570836
5501	106	PC	1.54841494286661
5501	233	PC	35.5506114980796
5501	235	PC	1107.20659858096
5605	211	PC	30.1048018548495
5605	301	PC	14.8944186130211
5605	305	PC	59.2776918617403
5605	309	PC	2.63192272660262
5605	602	PC	.889539210340249
5605	1102	PC	2.58171324114848
5605	1271	PC	4.16214357724382
5605	1277	PC	22.7517243716779
5605	1421	PC	1.36266671648617
5700	211	PC	2.51511342613276
5700	303	PC	1651.39000972128
5700	419	PC	139.32640023359
5700	1130	PC	135.471875897877
5720	305	PC	2.09563309575187
5720	1172	PC	35.4861025368058
5750	136	PC	2.62091687468495
5760	217	PC	3860.65651489902
5790	235	PC	415.302512925896
5790	305	PC	20.898315456556
5790	419	PC	877.17149460644
5790	602	PC	62.0898368817494
5790	719	PC	644.921518302852
5800	235	PC	1308.59830581261
5800	412	PC	1405.40189822217
5800	719	PC	1519.12002682128
5800	1130	PC	6326.53431380128
5800	1172	PC	2315.20951359844
5800	1271	PC	3128.36210110571
5800	1275	PC	7802.18769352025
5810	235	PC	27731.7761475315
5810	412	PC	4865.51728192908
5810	1130	PC	8696.66491373681
5810	1275	PC	17949.9359714832
5820	235	PC	24888.9620652874
5820	1130	PC	21128.7470733461
5820	1172	PC	8065.67777963258
5820	1535	PC	3120.66550708121
5831	235	PC	13027.2557195238
5831	412	PC	5441.96490656321
5831	1102	PC	319.427634187577
5835	235	PC	5650.50297291131
5835	1130	PC	9869.77312727498
5835	1271	PC	24070.3631248805
5840	302	PC	52.3271518439596
5840	303	PC	26.8852321534676
5840	309	PC	133.472442531999
5840	528	PC	55.8409428770582
5840	1130	PC	4384.50621400522
5842	235	PC	5795.81424654283
5842	302	PC	656.732640873846
5842	305	PC	316.606153888109
5842	412	PC	4898.17552706808
5842	1275	PC	11565.8533041702
5860	412	PC	27.9225762132351
5880	123	PC	4.71326576760143
5880	211	PC	115.136618566089
5880	215	PC	58.56489994306
5880	217	PC	1015.49648242704
5880	219	PC	1.46674324562923
5880	302	PC	5.96852153806981
5880	304	PC	30.2331510626836
5880	305	PC	12.4846528047392
5880	306	PC	39.3090394328069
5880	1102	PC	11.0122978301188
5880	1130	PC	237.349647799515
5880	1172	PC	5.88180327879049
5880	1173	PC	1.25330793353811
5880	1671	PC	1.15752597278325
5880	1675	PC	38.0264774238911
6020	104	PC	115.150943916913
6020	106	PC	808.261172759817
6020	213	PC	60.9331723155008
6020	217	PC	286.620514373988
6020	219	PC	227.373723080085
6020	231	PC	31.1747607948603
6020	301	PC	787.240632807871
6020	302	PC	3124.44036948308
6020	303	PC	3551.67217862162
6020	305	PC	6252.27393826638
6020	306	PC	1716.78621441626
6020	309	PC	1763.09956433116
6020	1071	PC	172.512641941448
6020	1102	PC	2090.16278517353
6020	1106	PC	127.516361539647
6020	1175	PC	90.3547579992592
6020	1271	PC	30.0749356538117
6020	1272	PC	59.4104402655438
6020	1273	PC	639.027682427316
6020	1274	PC	31.2836210110571
6020	1275	PC	12814.8461851055
6020	1648	PC	24.8903075230891
6030	213	PC	136.87469749432
6030	215	PC	78.5479281827311
6030	219	PC	561.770811649582
6030	231	PC	281.754653994784
6030	301	PC	758.153641642256
6030	305	PC	39.7179779639833
6030	306	PC	74.3121966844031
6030	419	PC	185.096556109504
6030	627	PC	203.508066218773
6030	1271	PC	205.618709009039
6030	1275	PC	2938.50607113792
6040	219	PC	5.86697298251692
6040	302	PC	46.6529528473593
