50	219	PC	8.24412303125053
50	233	PC	2.39377316551584
50	301	PC	1504.67755935633
50	427	PC	11.5479844498623
50	517	PC	1037.71572400767
50	716	PC	341.191683449201
50	722	PC	12.8471771200949
50	806	PC	.6636027783281
50	1002	PC	1.22382094539475
50	1636	PC	395.430340205418
51	301	PC	.997217184277701
51	1833	PC	411.019129560713
52	105	PC	34.9011299745563
52	106	PC	155.870597526356
52	125	PC	36.9128004628817
52	128	PC	107.328361824662
52	135	PC	58.9317357787642
52	211	PC	209.037538586276
52	219	PC	2.64396126536746
52	220	PC	1.6584233944102
52	226	PC	17.3199936124758
52	230	PC	6626.74221002598
52	231	PC	8.24432368775738
52	233	PC	137.954779646745
52	235	PC	116.751556513931
52	301	PC	76.082223180522
52	402	PC	27.2475974418062
52	417	PC	202.652127673699
52	426	PC	34.6242278451549
52	605	PC	821.980237317875
52	625	PC	19.546658822953
52	627	PC	1.13541749545568
52	704	PC	13.4794770592577
52	706	PC	78.2650084523196
52	806	PC	.6636027783281
52	807	PC	170.188452621993
52	904	PC	24.1381951219396
52	906	PC	25.3859632969637
52	1034	PC	3.23796982319832
52	1146	PC	2.21197426060489
52	1173	PC	506.808167438197
52	1243	PC	.921895935112592
52	1271	PC	2.37353207540119
52	1416	PC	1.09896315899145
52	1548	PC	69.0306431995865
52	1563	PC	9.85394564428036
52	1922	PC	.769064857892651
52	2101	PC	39.2586254171882
54	301	PC	1.24829799552102
54	806	PC	2.44127480430077
54	1502	PC	29.7124284871529
54	1871	PC	31.1369029639893
55	213	PC	1.61859968982892
55	231	PC	1.31648956448694
55	235	PC	1.3064971781409
55	301	PC	1861.19573051355
55	716	PC	36.6339588948117
55	1130	PC	187.126763894792
56	124	PC	42.8131343665448
56	235	PC	.971821052121955
56	301	PC	13146.2549231605
56	425	PC	2.61538117643676
56	428	PC	8.46144118014596
56	502	PC	.981295358921714
56	627	PC	31.5360782958926
56	720	PC	5.37964593306577
56	928	PC	255.623384935346
56	1271	PC	9.49887774047501
56	1677	PC	.972252705180767
57	418	PC	42.5939540225653
57	602	PC	1.27437416586677
58	104	PC	8.59093779895695
58	105	PC	4.24166420437093
58	106	PC	606.341777671567
58	111	PC	1.15238794663397
58	119	PC	.767729217227439
58	124	PC	81.5728722764452
58	128	PC	66.7379608991027
58	213	PC	48.5008490327554
58	217	PC	3.93262868126734
58	219	PC	648.960292584442
58	220	PC	70.0189731818755
58	221	PC	38.2166572605127
58	226	PC	661.588749069269
58	227	PC	3.05612530983948
58	230	PC	34.541442446456
58	231	PC	90.2380852423258
58	235	PC	532.044019666392
58	237	PC	25.7478644874208
58	238	PC	2.35514334953659
58	301	PC	4043.51197517281
58	402	PC	8.0856933277016
58	412	PC	286.775427862843
58	418	PC	856.822689741634
58	419	PC	6.27982519243309
58	427	PC	20.5638108549002
58	501	PC	13.6267455128484
58	502	PC	2.33641752124218
58	513	PC	28.6625295618558
58	529	PC	8.04339598079045
58	602	PC	339.608795036977
58	604	PC	1.23975781042295
58	605	PC	16.9185362875673
58	617	PC	36.1363589272122
58	625	PC	11.4214437436911
58	626	PC	146.856082542357
58	702	PC	5.96450182446773
58	704	PC	1.17837897187322
58	706	PC	17.8349693933504
58	709	PC	2.64310553248089
58	728	PC	1223.47003441142
58	805	PC	44.8760205101532
58	806	PC	11.2167302947958
58	815	PC	1.59172776751199
58	819	PC	247.08123060256
58	906	PC	32.3038614351678
58	1014	PC	17.4751543951285
58	1032	PC	4.0352143839085
58	1034	PC	33.9246931012817
58	1101	PC	1.43185361772604
58	1102	PC	9.36352969671168
58	1106	PC	7.56322634128878
58	1121	PC	.998413748303828
58	1124	PC	3.36015440239762
58	1149	PC	6.35891265810323
58	1221	PC	1.07996844617742
58	1228	PC	10.7506932949826
58	1247	PC	1.00630194505336
58	1260	PC	51.7505800478798
58	1266	PC	.766790641177171
58	1271	PC	5.67083001106358
58	1273	PC	34.4334318092219
58	1274	PC	92.3516514720507
58	1277	PC	33.9810477568318
58	1401	PC	.691595659006375
58	1416	PC	15.4798396486219
58	1420	PC	4.08644649352475
58	1502	PC	6.1362624049555
58	1516	PC	2.16725142379384
58	1528	PC	2.26792073108744
58	1548	PC	6873.87469715395
58	1563	PC	38.7558013413589
58	1566	PC	8.05794182271594
58	1657	PC	1.0666194841898
58	1663	PC	82.0079779972734
58	1677	PC	18.3890796377107
58	1702	PC	3.12916809902805
58	1703	PC	2.80926705036267
58	1719	PC	3342.46694644468
58	1721	PC	33.5978819873129
58	1804	PC	4.28565924310591
58	1805	PC	9.72644834572028
58	1833	PC	19002.0617125773
58	1837	PC	1.20875031619993
58	1841	PC	6.14338459175045
58	1870	PC	.679525257027293
58	1901	PC	25.926859030481
58	1931	PC	2.13659934418828
58	1971	PC	45.1396059306925
58	2012	PC	3.90982034693375
58	2101	PC	63.6287088004825
59	106	PC	301.031562639032
59	219	PC	12.590291739845
59	301	PC	19.0312148861739
59	403	PC	21.9181695310602
59	919	PC	1.65367960100117
59	1149	PC	1.12998099499395
59	1528	PC	2.61407705320078
60	101	PC	105.671103459698
60	111	PC	15.9388364020068
60	125	PC	33.6052503148525
60	128	PC	100.644937174117
60	217	PC	6.51728479706371
60	237	PC	38.8186193490879
60	301	PC	30859.32752758
60	617	PC	32.172304282868
60	906	PC	62.144711610939
60	1106	PC	53.6964476112198
60	1135	PC	5126.32921047604
60	1271	PC	47.1702394994814
60	1416	PC	99.7489452151744
60	1502	PC	29.2226040320205
60	1516	PC	28.2956345890523
60	1620	PC	26.8910030490679
60	1638	PC	66.088519364751
60	1677	PC	160.351478103897
60	1804	PC	49.3780014591063
60	1871	PC	231.538877676653
60	1924	PC	12.6556122257951
61	213	PC	1.01364339746769
61	301	PC	1.28145961210032
62	211	PC	222.526385318107
104	52	PC	7.18051199690798
104	106	PC	251.689508857271
104	1675	PC	662.304196123067
105	106	PC	231.927137059819
105	805	PC	58.9677168815973
105	1149	PC	42.0523007168814
105	1263	PC	20.3742185430143
105	1271	PC	70.7282438635899
105	1504	PC	12.4619727002758
105	1535	PC	279.099804058305
105	1548	PC	178.56297703034
105	1671	PC	106.121671854497
105	1675	PC	178.10866581949
105	5831	PC	6.79742847428415
106	104	PC	153.502912544286
106	105	PC	98.686771389754
106	1037	PC	3838.51563695592
106	4001	PC	7.55763067916327
106	5850	PC	2.16629883784533
106	6020	PC	2.26395985102688
211	5605	PC	1.01567022361342
219	50	PC	224.974887012366
219	52	PC	47.9824755447683
219	58	PC	11.8085121791284
219	2012	PC	77.2698209932932
219	3001	PC	4.82541267639126
219	4001	PC	51.558292613096
219	5404	PC	30.2209209346784
219	5800	PC	25.7015316725068
219	5850	PC	33.1525365404639
220	55	PC	1.13982633991963
220	60	PC	4.65798682295949
220	4001	PC	.665268291781884
226	50	PC	36.6074566392751
226	52	PC	32.6072392932331
230	58	PC	7.03347567893999
230	5201	PC	1.62415211065136
233	51	PC	2.11579841209357
235	628	PC	3531.15598503811
301	106	PC	941.12469287318
301	235	PC	3543.90626989809
301	237	PC	413911.615727282
301	602	PC	869621.029148304
302	1106	PC	626.869675245063
302	1124	PC	139.717800964633
302	1502	PC	3345.72284286356
302	1901	PC	2343.08370042801
402	60	PC	2.00316288336874
418	50	PC	2.56815754278044
418	58	PC	1.55159518209651
418	60	PC	18.7261487494407
517	58	PC	11.9929332539901
517	5101	PC	3.64693167089456
517	5106	PC	1.93836633878289
517	5201	PC	34.6329696511512
517	5880	PC	8.44492937072079
602	58	PC	440.348890855455
602	106	PC	3254.87395037256
602	302	PC	2613.08095879208
602	602	PC	513.79075342292
602	627	PC	11721.2599255998
602	704	PC	1799.65286366143
602	805	PC	6698.36218325399
602	1037	PC	2557.24182127697
602	1071	PC	3164.27307483555
602	1124	PC	1314.06545259597
602	1263	PC	919.077701086867
602	1271	PC	2.41301316852668
602	1502	PC	1666.14187694775
602	1535	PC	1682.3317385965
602	1548	PC	2812.60953149918
602	1671	PC	3.38066563063489
602	1675	PC	95.2220819295495
602	1805	PC	599.510499633139
602	2101	PC	853.295179261215
623	602	PC	.687646435391973
623	826	PC	12.1537792453492
623	827	PC	1.126266481318
623	1246	PC	2.8644896217172
624	5790	PC	45.00139634802
627	805	PC	297.596362451403
627	1271	PC	764.120836700117
628	105	PC	121.264152915306
702	627	PC	172.110561255016
702	805	PC	523.261059909135
704	1271	PC	133.630773990444
704	1671	PC	2.07235224096358
704	4001	PC	5.65835181549433
709	302	PC	290.815102008147
709	627	PC	566.227586425951
709	1504	PC	245.006928436928
709	1671	PC	14.4330645977907
709	1675	PC	61.4330441854682
709	5760	PC	2.91528008954569
719	720	PC	1309.98999649085
728	58	PC	546.938447863902
805	55	PC	365.387798285016
805	840	PC	687909.849691871
805	5101	PC	51925.3041176567
805	5102	PC	45.0978609089725
805	5106	PC	152.320943825626
805	5605	PC	390.374304874443
805	5760	PC	2.40947104424975
805	5870	PC	28592.6934762695
806	58	PC	24.9702921140284
815	704	PC	102.489817973112
815	805	PC	6811.61216436846
815	806	PC	3017.69112541504
815	1037	PC	250.590472355024
937	5101	PC	135.138627333671
937	5860	PC	22.2765771023459
937	6020	PC	6.68297313070376
937	6030	PC	5.93113865349959
1002	1072	PC	1433.81983571477
1002	1271	PC	978.623019834316
1032	1504	PC	1.16523901153416
1032	1805	PC	40.8339671533434
1034	5104	PC	14.7586146118127
1071	627	PC	109.847456013839
1071	1263	PC	1907.20746608589
1071	1271	PC	57.1492790847701
1071	1273	PC	1332.15886379953
1071	1504	PC	87.8786192712085
1071	1671	PC	1.39023320891515
1072	50	PC	19.816917224352
1072	52	PC	670.115615548209
1072	56	PC	32.5908882574709
1072	3001	PC	6271.32751472818
1072	4001	PC	15.0648813820586
1072	6000	PC	1.36953467109624
1101	1149	PC	211.066028714825
1102	4001	PC	2174.9498212426
1102	4005	PC	3014.76854014289
1102	5605	PC	1651.07884534928
1102	5740	PC	128.479855542538
1102	5831	PC	168.410042225627
1102	5860	PC	86.5548500497099
1102	6000	PC	18.0480386548965
1102	6030	PC	1063.90336519435
1102	6040	PC	735.265418911859
1106	104	PC	849.784481092464
1106	1134	PC	173.415584526447
1106	1149	PC	595.232608050963
1106	1173	PC	315.813100297631
1106	1246	PC	573.040502244136
1106	1247	PC	458.453796464384
1106	1263	PC	577.184629488748
1106	1271	PC	2234.68107587275
1106	1273	PC	784.556734113339
1106	1504	PC	19.8499443511699
1106	1548	PC	130.65657586998
1106	1671	PC	39.1452805701611
1106	1675	PC	1403.49329216638
1106	1871	PC	486.545147128865
1119	5840	PC	5.82810206206898
1122	1102	PC	14909.9863458076
1122	1122	PC	3706.43833605047
1124	1263	PC	8.75370551554399
1124	1271	PC	36.5168176750932
1124	4001	PC	1522.67788094611
1124	4003	PC	1.19689128584364
1124	4004	PC	4.50806510675572
1124	4005	PC	9.71600732133528
1124	5404	PC	352.756094603635
1124	5605	PC	1060.56852403163
1124	5831	PC	338.104883006679
1124	5870	PC	1.01431464902004
1124	5930	PC	483.489982699551
1124	6000	PC	31.0380282600132
1130	302	PC	6152.60714734852
1130	1037	PC	1872.05446627578
1130	1106	PC	114.149671596001
1130	1146	PC	143.364685395658
1130	1149	PC	944.681539089743
1130	1263	PC	65.2548956613279
1130	1535	PC	3085.92833368104
1130	1548	PC	4857.52715254175
1130	1638	PC	555.687965322023
1130	1675	PC	5.49143759698776
1134	805	PC	6298.25994601297
1135	302	PC	1159.22375501282
1135	805	PC	1678.17398932227
1135	806	PC	7087.38035817578
1135	1101	PC	83.8490547507283
1135	1149	PC	2349.92296611003
1135	1263	PC	600.397206092679
1135	1271	PC	2074.14961098799
1135	1273	PC	1768.51669263067
1135	1535	PC	25.7157494855515
1135	1671	PC	25.6469079597607
1135	1675	PC	1120.36492666323
1135	1805	PC	360.742126991932
1135	1824	PC	27.6928722031847
1135	2302	PC	1581.053252795
1135	5201	PC	40288.7222273905
1135	5605	PC	1551.36351972454
1146	1871	PC	226.604098976274
1149	701	PC	1926.1504759884
1149	702	PC	21897.067318632
1149	709	PC	4247.30491125193
1149	805	PC	20526.6216324386
1149	1003	PC	499.031627154275
1149	1106	PC	28.8605419621177
1149	1124	PC	841.063998295458
1149	1134	PC	530.88751083884
1149	1159	PC	215.418516039972
1149	1172	PC	219.750666211075
1149	1221	PC	2221.19319551529
1149	1871	PC	5656.38693213853
1149	2030	PC	8.21506662157354
1159	302	PC	208.855608485783
1159	602	PC	3560.10591775781
1159	1071	PC	1629.87596753056
1159	1073	PC	1256.41244056345
1159	1149	PC	1278.5042716183
1159	1219	PC	1657.27280731019
1159	1263	PC	1173.66960356953
1159	1271	PC	33.8273327113921
1159	1273	PC	72.9958232193197
1159	1675	PC	462.994180536733
1173	5302	PC	1.01431464902004
1221	1149	PC	413.920929359298
1221	1504	PC	31.647456444141
1221	1548	PC	4223.7900298154
1221	5842	PC	43.4342316271503
1224	104	PC	447.135493071016
1224	105	PC	569.810467179431
1224	106	PC	3581.15045686743
1224	302	PC	4226.34581456091
1224	704	PC	1878.43297586695
1224	805	PC	123787.947944935
1224	806	PC	5449.62848026582
1224	1037	PC	306.68137142208
1224	1071	PC	3759.7159838418
1224	1072	PC	1278.33184188047
1224	1073	PC	793.631018500795
1224	1101	PC	993.665027637471
1224	1106	PC	3496.42393583499
1224	1146	PC	1019.31157844388
1224	1149	PC	5082.94901253218
1224	1173	PC	871.748372146239
1224	1246	PC	1720.04840933162
1224	1247	PC	3254.0811732272
1224	1263	PC	28577.9712201635
1224	1271	PC	18867.4758377495
1224	1273	PC	11389.161186338
1224	1401	PC	10107.4296499692
1224	1411	PC	382.297836270872
1224	1502	PC	3079.48696480451
1224	1503	PC	2155.27402311672
1224	1504	PC	514.455164057084
1224	1520	PC	171.979320626617
1224	1554	PC	352.082463233042
1224	1563	PC	263.706422510216
1224	1569	PC	394.762534330747
1224	1612	PC	33.1645905732498
1224	1671	PC	180.286863500981
1224	1675	PC	927.670092417364
1224	1805	PC	742.822822331008
1224	1833	PC	27829.0939042113
1224	1971	PC	122.911379588802
1224	2305	PC	43463.8099739481
1244	1569	PC	1.40829819195551
1246	56	PC	9857.90913094069
1246	1106	PC	43.736219709816
1246	1124	PC	145.501616464945
1246	1271	PC	557.441772925929
1246	1401	PC	51.9780871021851
1246	1503	PC	66.4585220518783
1246	1871	PC	83.0354351585407
1246	2303	PC	12027.2842567024
1246	3001	PC	1958.93380504778
1246	4001	PC	1912.80480026532
1246	5101	PC	295.586101463219
1246	5201	PC	40.5529712373319
1246	5403	PC	8589.18689635226
1246	5404	PC	29.7388455740434
1246	5605	PC	446.488213323024
1246	5700	PC	137.857572778463
1246	5710	PC	80.6553539053601
1246	5720	PC	9.8228308108204
1246	5790	PC	195.555439077801
1246	5800	PC	3671.86878068422
1246	5810	PC	1953.77456592926
1246	5820	PC	1329.3489265882
1246	5831	PC	5593.15591076668
1246	5835	PC	9027.54198599939
1246	5840	PC	5070.15775837589
1246	5850	PC	135.176570791106
1246	5890	PC	104.063430080687
1246	6000	PC	472.216820630265
1246	6010	PC	336.139072700551
1246	6020	PC	4997.52288100413
1246	6030	PC	126.164799405033
1246	6040	PC	340.464722965867
1246	6050	PC	27.0353141582213
1251	1273	PC	41.0238534187913
1263	105	PC	1.15129788907244
1263	805	PC	768.975327265911
1263	1106	PC	496.582668506482
1263	1124	PC	521.311505848689
1263	1246	PC	98.0235342947391
1263	1263	PC	473.532114312377
1263	1271	PC	1078.6860281294
1263	1401	PC	337.003466141397
1263	1411	PC	526.557401277962
1263	1502	PC	344.234590311339
1263	1503	PC	855.717869210619
1263	1504	PC	434.595736730854
1263	1871	PC	36.6900760002854
1263	1971	PC	28.2555057090144
1263	2030	PC	575.17186554279
1263	2304	PC	81623.5526778426
1271	51	PC	353.703015132009
1271	105	PC	4.98895751931391
1271	1071	PC	1150.77464741668
1271	1102	PC	11.3069497057357
1271	1106	PC	86.6574788039211
1271	1124	PC	72.6122352644107
1271	1149	PC	1097.60860100837
1271	1159	PC	4.92719996129289
1271	1224	PC	3.08859087371997
1271	1246	PC	604.16685170218
1271	1263	PC	6498.58079442528
1271	1271	PC	1510.03978098874
1271	1273	PC	1387.87315867543
1271	1401	PC	.732085733833593
1271	1420	PC	1985.45909256466
1271	1439	PC	10.4691106984058
1271	1504	PC	2460.9021239278
1271	1520	PC	2.12850230955902
1271	1535	PC	31.0239377743752
1271	1548	PC	52.1129002534398
1271	1554	PC	.824127405357754
1271	1563	PC	1.23815003892304
1271	1612	PC	122.934241557724
1271	1638	PC	11.3656152704703
1271	1671	PC	3181.43571543641
1271	1675	PC	2400.31331689763
1271	1804	PC	.863651511711182
1271	1805	PC	88.0674204712283
1271	1871	PC	355.636262985223
1271	1971	PC	32.1981344125978
1271	2012	PC	1.46749535442716
1271	2030	PC	382.294210412741
1271	2302	PC	164.205482212148
1271	4001	PC	33.7941426977766
1273	1271	PC	689.562712612919
1401	1071	PC	2192.02467350239
1401	1120	PC	12421.2086225937
1401	1124	PC	117.875664000126
1401	1149	PC	13.3001341816733
1401	1246	PC	272.89344915578
1401	1263	PC	1610.06807466949
1401	1271	PC	75.2669978536883
1401	1273	PC	541.694302734877
1401	1504	PC	4749.5062683654
1401	1548	PC	391.865716595584
1401	1671	PC	584.27051577516
1401	1675	PC	1002.53298267303
1411	1263	PC	5920.25526269979
1411	1273	PC	3764.0881801637
1411	1548	PC	548.743574162817
1416	5605	PC	24.9452869498575
1421	104	PC	12346.3325449907
1421	4001	PC	46018.9020028922
1421	5101	PC	969.305741096741
1421	5403	PC	10732.4780166238
1421	5800	PC	7480.35272817623
1421	5840	PC	3733.56276873471
1424	1247	PC	366.080948884475
1424	1263	PC	1113.68657483464
1424	1271	PC	147.150170065954
1424	1273	PC	3844.33418861152
1424	1439	PC	83.8994672787533
1424	1504	PC	81.3669226453701
1424	1671	PC	2873.07203458913
1424	1675	PC	11.4621590346084
1439	1263	PC	2.00026922931162
1439	1271	PC	4.55143149179933
1439	1273	PC	66.5646855675652
1439	1931	PC	77.2928286052927
1502	1149	PC	541.647283630954
1502	1173	PC	336.850255022313
1502	1263	PC	440.033479126232
1502	1273	PC	693.940033045265
1502	1439	PC	42.3419409053551
1502	1502	PC	4582.92312566763
1502	1503	PC	533.830269834539
1502	1504	PC	1823.55271209183
1502	1511	PC	2197.82780387608
1502	1535	PC	653.962486079597
1502	1548	PC	306705.084989247
1502	1563	PC	1.30697777793252
1502	1612	PC	.797862314999994
1502	1671	PC	1238.82616735302
1502	1675	PC	2938.89623159791
1502	1824	PC	1060.03227309648
1503	1149	PC	145.288332919029
1503	1246	PC	397.520585695769
1503	1263	PC	580.029004898719
1503	1502	PC	2007.51638363631
1503	1503	PC	5.51982908113059
1503	1504	PC	527.74274342086
1503	1548	PC	10079.0988202829
1503	1671	PC	1334.21969541247
1503	1675	PC	9492.57383595615
1503	2301	PC	712.068633144267
1503	3001	PC	1.06978565732599
1503	5101	PC	5.48608029397944
1503	5102	PC	2.42484748993891
1503	5106	PC	14.3779192344613
1503	5201	PC	29.5919171057252
1503	5403	PC	11.5339352100624
1503	5404	PC	61.2553781304569
1503	5605	PC	70.8329771076863
1503	5700	PC	171.227149271452
1503	5720	PC	4.10797692413182
1503	5770	PC	1.02699423103295
1503	5840	PC	7.18895961723068
1503	5860	PC	6.08186861390563
1503	5880	PC	266.939500512335
1503	6000	PC	2.24929292053157
1503	6010	PC	14.7026951878649
1503	6020	PC	360.54409970427
1503	6030	PC	208.471051171219
1503	6040	PC	28.1765083898784
1503	6050	PC	89.7961622518555
1504	105	PC	14.8418796043043
1504	306	PC	13673.1882070056
1504	709	PC	14.6108892917991
1504	1032	PC	2.47787033231646
1504	1071	PC	838.485253556586
1504	1106	PC	2.13707787864106
1504	1124	PC	5.45071538882233
1504	1221	PC	4.31674223897467
1504	1263	PC	686.228677580698
1504	1271	PC	289.212563131597
1504	1273	PC	789.031197876973
1504	1401	PC	5.51929389720194
1504	1439	PC	6.77300192991178
1504	1502	PC	3404.55713819013
1504	1503	PC	2.78636915236581
1504	1504	PC	90.3304066335951
1504	1548	PC	11785.0980185345
1504	1563	PC	.924254199863332
1504	1612	PC	1.23788054997574
1504	1671	PC	7580.76060590152
1504	1675	PC	6976.24285021553
1504	1804	PC	6.51118618708157
1504	1820	PC	20.3258861529771
1504	1824	PC	251.850951368518
1504	1860	PC	3.09651993329223
1504	1865	PC	1.28239446773434
1504	1866	PC	1.18310592580674
1504	1870	PC	9.58067539878225
1504	1871	PC	1.37299336413305
1504	1901	PC	2.59038558917317
1504	1931	PC	2.66880454946633
1504	1971	PC	1.29234843127572
1504	2012	PC	3.17921602316184
1504	2030	PC	459.896450282681
1511	301	PC	5.47216840280952
1511	403	PC	897.593166405422
1511	1224	PC	1.25800960431373
1511	1271	PC	14.2507507974227
1511	1445	PC	3.67729735610764
1511	1504	PC	165.660088712563
1511	1548	PC	1581.99775128522
1511	1563	PC	3.9378958609288
1517	806	PC	1782.33944715283
1517	1504	PC	203.972520332147
1520	1271	PC	19.3855936725492
1520	1273	PC	105.739601850269
1520	1504	PC	222.879615331511
1520	2030	PC	804.513368904378
1535	105	PC	1384.59910286935
1535	1271	PC	158.323293253605
1535	1804	PC	322.791963820753
1535	1901	PC	1391.8217615553
1535	1971	PC	550.682364485351
1548	56	PC	2133.70832484848
1548	105	PC	2945.83068294305
1548	1037	PC	44.9099396660064
1548	1271	PC	42.8610020410311
1548	1502	PC	79018.4136940937
1548	1503	PC	42158.8969769841
1548	1504	PC	14816.9480184128
1548	1511	PC	13118.4463093709
1548	1563	PC	355.236560042059
1548	1671	PC	4152.18984678653
1548	1719	PC	775.788276507837
1548	1804	PC	95.7245134089129
1548	1820	PC	874.748068688518
1548	1824	PC	1698.33757882059
1548	1868	PC	144.220541441578
1548	1901	PC	1056.98902575833
1548	1941	PC	1795.49443540185
1548	1971	PC	271.212652405127
1548	4001	PC	33.7543162228531
1548	5403	PC	20055.2903111448
1548	5605	PC	1.74215825666339
1548	5710	PC	23.5191364649557
1548	5800	PC	25.161120621861
1554	1503	PC	5.51982908113059
1554	2301	PC	53.712073620796
1612	1124	PC	2.55025578379187
1612	1438	PC	153.876987338827
1612	2301	PC	676.772127622029
1638	1804	PC	3.13748822675123
1671	62	PC	1228.03816395172
1671	1102	PC	492.648060184719
1671	1106	PC	73.9584240447676
1671	1124	PC	100.513199664208
1671	1130	PC	106.717712925229
1671	1271	PC	1100.88052942463
1671	1273	PC	299.722441988736
1671	1401	PC	24.247245413025
1671	1416	PC	4.57108150564138
1671	1439	PC	3.0112069179981
1671	1502	PC	1983.22418582996
1671	1503	PC	46.3266895148424
1671	1504	PC	5719.35410858546
1671	1520	PC	220.806534218416
1671	1548	PC	31.797518735736
1671	1702	PC	25.6060365922281
1671	1703	PC	4912.46062821134
1671	1725	PC	5822.10942087102
1671	1750	PC	543.653025215967
1671	1804	PC	2005.76897412653
1671	1805	PC	7.72415769176944
1671	1812	PC	8178.45163491426
1671	1813	PC	53.3009238854484
1671	1820	PC	412.625250428675
1671	1824	PC	342.987543103817
1671	1837	PC	7.55550572525353
1671	1860	PC	837.898043588839
1671	1865	PC	108.196904277639
1671	1866	PC	25.1043885484872
1671	1868	PC	35.4096903479571
1671	1870	PC	67.7642896046294
1671	1871	PC	109.042979060357
1671	1901	PC	2050.46342340679
1671	1931	PC	23.7304604525412
1671	1941	PC	43.8383460059631
1671	1971	PC	2099.77319839544
1671	2002	PC	55.9168602549069
1671	2012	PC	206.877200024616
1671	2014	PC	72.8778111454925
1671	2019	PC	3.01611572783068
1671	2024	PC	8.6130939910713
1671	2028	PC	32.7567962386527
1671	2030	PC	50.9601580686524
1671	3001	PC	4726.75377006826
1671	5605	PC	10918.9324722597
1671	5840	PC	13956.7842423071
1671	5841	PC	4385.37089062928
1675	105	PC	47.9562780790782
1675	1271	PC	741.513321480133
1675	1503	PC	822.106777467812
1675	1520	PC	503.877051976229
1675	1750	PC	543.653025215967
1675	1804	PC	829.825412712643
1675	1813	PC	210.652055568554
1675	1820	PC	759.280249657592
1675	1824	PC	26.4920534525545
1675	1837	PC	50.5637690843891
1675	1860	PC	1035.63947881966
1675	1865	PC	145.126386575995
1675	1866	PC	7.77040597929367
1675	1868	PC	51.1473305026047
1675	1870	PC	29.6468767020254
1675	1871	PC	.832389153132493
1675	1901	PC	1006.92115931236
1675	1931	PC	10.2472442863246
1675	1971	PC	1425.63892372402
1675	2012	PC	22.4866521765887
1675	2014	PC	201.815477018287
1675	2025	PC	7.02909553259968
1677	1563	PC	5532.93336203808
1677	1813	PC	29758.0326854868
1702	1504	PC	39.5561412881139
1702	1813	PC	4616.02797140622
1703	1671	PC	101.653346227048
1714	1820	PC	42.3890517465736
1714	1860	PC	96.0072054155452
1719	805	PC	1094.84626021082
1719	1002	PC	177117.980640678
1719	1071	PC	7535.16948299686
1719	1149	PC	132.343856272342
1719	1502	PC	33.7595330026973
1719	1504	PC	829.110659490914
1719	1675	PC	621.738043572271
1719	1824	PC	64726.8147426187
1719	5106	PC	20.3512756525862
1750	1671	PC	1.31680168080848
1805	51	PC	532357.76717851
1805	602	PC	621.067553341568
1805	805	PC	34222.0933729824
1805	1548	PC	382.666721159983
1805	1671	PC	1213.79909182838
1805	1675	PC	1022.14660364495
1805	1703	PC	4.70866509274137
1805	1804	PC	2.14444257378728
1805	1805	PC	10.3404282005331
1805	1824	PC	832.45240010451
1813	56	PC	4860.75020702635
1813	1548	PC	1766389.24348143
1813	1671	PC	2.28657328249626
1813	1805	PC	45.3212570442402
1813	4001	PC	35357.3271664332
1813	5101	PC	14807.1102296811
1813	5403	PC	97858.1130154188
1813	5605	PC	100996.204546061
1824	104	PC	1651.63429953294
1833	55	PC	26.8423893341604
1833	104	PC	4917.21489756698
1833	1002	PC	29.6884304568861
1833	1251	PC	38.8346609559088
1833	1271	PC	57.9573049135477
1833	1273	PC	45.4567097361158
1833	1416	PC	2313.71178763808
1833	1421	PC	109.507043480106
1833	1438	PC	4.72522089322773
1833	1439	PC	3.57319095920543
1833	1502	PC	1190.57468635652
1833	1503	PC	145.809532061406
1833	1504	PC	5102.21008092305
1833	1511	PC	22.6751556104104
1833	1517	PC	117.639539452365
1833	1520	PC	21.4411697186591
1833	1671	PC	16357.2445516306
1833	1675	PC	9551.14972920542
1833	1702	PC	145.858379267043
1833	1719	PC	74.2498615660868
1833	1750	PC	49.2313904201333
1833	1804	PC	473.143834658962
1833	1813	PC	257.822778679243
1833	1820	PC	46.3428074482866
1833	1837	PC	139.655132959828
1833	1845	PC	88.3147809982858
1833	1860	PC	18.4296447113689
1833	1865	PC	157.101534075361
1833	1866	PC	143.912216229168
1833	1868	PC	158.613797871235
1833	1870	PC	25.0693708580254
1833	1871	PC	33.8680739440423
1833	1901	PC	31.0176351907224
1833	1931	PC	74.2245863599065
1833	1971	PC	84.1875290082756
1833	2003	PC	9.90774103061186
1833	2019	PC	25.1587712096069
1833	2030	PC	31.5429453068755
1833	5101	PC	42.8544581021899
1833	5104	PC	65.7521832646345
1833	5106	PC	23.3751589648309
1833	5605	PC	3.87782343938166
1833	5850	PC	93.3648324666447
1833	6030	PC	330.040438913568
1837	50	PC	13.0327148473563
1837	52	PC	153.614068256005
1837	58	PC	226.667572352658
1837	3001	PC	2.45296242936133
1837	4001	PC	291.902529093998
1837	4004	PC	63.6320950480795
1837	4005	PC	187.973928669752
1837	5302	PC	48.6698894714549
1837	5404	PC	1460.82781403882
1837	5605	PC	61.6485266638428
1837	5800	PC	184.09007148993
1837	5830	PC	3352.81460803356
1837	5831	PC	183.669347334277
1837	5840	PC	103.829097539104
1837	5850	PC	110.214587037759
1837	5930	PC	23.9023234959812
1837	6010	PC	10.0087083773485
1837	6030	PC	13153.1501361958
1850	627	PC	41.9618854920542
1850	1273	PC	1012.76296372899
1850	1502	PC	3959.11827018282
1850	1504	PC	9488.12496997751
1850	1548	PC	9443.57690035978
1850	1671	PC	19346.6798404898
1850	1675	PC	51916.7425240089
1850	1824	PC	63183.4540914348
1850	6020	PC	906.942450605187
1850	6030	PC	.736316346189248
1851	1246	PC	47.1288117232666
1851	1263	PC	662.762389870183
1851	1504	PC	1.43444326403772
1851	1671	PC	30.0255564820704
1851	1813	PC	6.97464179296797
1851	1871	PC	78460.4726540328
1854	58	PC	175.583128706667
1854	6020	PC	419.553473612107
1860	1671	PC	25.5732507472111
1860	1675	PC	21.5774303179594
1860	1805	PC	25.9829952493283
1865	1671	PC	1.59832817170069
1865	4005	PC	54.9704567921512
1870	1548	PC	504888.387599164
1870	1671	PC	6.47622806948585
1901	627	PC	745.315965383101
1901	1671	PC	166.185646272258
1929	3001	PC	1.87500236342236
1929	5403	PC	11496.682628187
1931	1928	PC	56247.506552394
1971	1263	PC	29.5081567961922
1971	1271	PC	214.274190150692
1971	1535	PC	5.16990646370854
1971	1671	PC	171.641721960077
1971	1675	PC	39.1754800605205
1971	1871	PC	169.394617572124
1971	5831	PC	.843562922585886
1971	5930	PC	1.34970067613742
2002	2030	PC	102.503325104845
2002	2301	PC	2208.71719882087
2004	1901	PC	3.23385543382674
2012	50	PC	2275.84422055125
2012	52	PC	31.0176731139221
2012	1106	PC	86.4659674418587
2012	1146	PC	1070.49831828795
2012	1149	PC	1942.10188997223
2012	1219	PC	699.319287094709
2012	1263	PC	129.027509194872
2012	1271	PC	1507.75115706446
2012	1504	PC	17.852842279755
2012	3001	PC	95.1553282972655
2012	4001	PC	61.6045452123731
2012	4004	PC	1109.31261483819
2012	5102	PC	24468.4206762221
2012	5103	PC	26003.8579615085
2012	5201	PC	26071.0823059677
2012	5402	PC	11470.0770369191
2012	5404	PC	62257.9109564671
2012	5605	PC	35793.7238008845
2012	5700	PC	41193.8112988077
2012	5710	PC	7667.72926713981
2012	5820	PC	12588.7563428362
2012	5842	PC	99480.9474434843
2012	5880	PC	8584.78723580115
2012	6000	PC	53.3116256645537
2012	6010	PC	75.3901777074496
2012	6020	PC	1032.84543459206
2012	6040	PC	926.222183262952
2014	1671	PC	38.7021076094199
2018	1439	PC	5.71243321896165
2018	1671	PC	3.17567809173259
2025	51	PC	35536.4386350448
2025	2030	PC	181.089207685227
2025	5850	PC	127362.444741789
2030	1263	PC	439.85967177558
2030	1271	PC	905.609285953325
3001	101	PC	12.4734631313597
3001	105	PC	61.0273918035069
3001	106	PC	6.98058592155249
3001	219	PC	3.55549838733224
3001	302	PC	79.8010616112013
3001	304	PC	1.34304547146189
3001	309	PC	23.6371265603496
3001	602	PC	1.82812008317793
3001	626	PC	8.20673929680588
3001	706	PC	189.613885129304
3001	709	PC	2.99790806788607
3001	805	PC	57329.396676849
3001	928	PC	15842.7091717087
3001	1416	PC	3481.28928964249
3001	1837	PC	15886.8816916022
3001	2025	PC	47.6130796818494
3001	2030	PC	1.85781811462923
4001	104	PC	23.7506840703777
4001	105	PC	7.61229370311188
4001	106	PC	139.38478438145
4001	125	PC	265.427519311378
4001	211	PC	101.487984765168
4001	213	PC	2.11424149814952
4001	215	PC	143.36072052012
4001	216	PC	3.05118522114887
4001	219	PC	9068.14377630247
4001	220	PC	1.26671728744558
4001	226	PC	25.9778815676711
4001	227	PC	19.403970221203
4001	231	PC	67.190646640324
4001	233	PC	86.6036467247213
4001	234	PC	16.7910980016701
4001	236	PC	9.73571287264257
4001	302	PC	5.64576522262684
4001	305	PC	393.203209498077
4001	306	PC	1.42121213911311
4001	309	PC	578.33504011275
4001	310	PC	29433.188519718
4001	402	PC	2.37814509638282
4001	403	PC	.985529205533284
4001	538	PC	1.56883135499615
4001	602	PC	35.2240920590982
4001	612	PC	25.5765805322669
4001	626	PC	39.685446456697
4001	702	PC	54.094303734282
4001	704	PC	1.29975200597616
4001	706	PC	22.0590410917755
4001	720	PC	30.8895430137143
4001	722	PC	13.4901813270372
4001	728	PC	3.93919849910765
4001	805	PC	2.56915217420627
4001	826	PC	4240.76022412481
4001	1004	PC	19.0171164929152
4001	1074	PC	103.019786711576
4001	1101	PC	86.5523455491116
4001	1102	PC	1.45098546934189
4001	1121	PC	31.81515774423
4001	1124	PC	914.895858545806
4001	1130	PC	2322.96895158329
4001	1135	PC	15159.0384786841
4001	1172	PC	2.47475966530978
4001	1174	PC	38.9605057156942
4001	1246	PC	1.39094162751031
4001	1271	PC	1.01400519879571
4001	1277	PC	3.43621902261684
4001	1432	PC	1.39202362063556
4001	1438	PC	11429.1437794071
4001	1548	PC	175.777601005791
4001	1557	PC	29.3785117944279
4001	1719	PC	1.91799752005952
4001	1837	PC	33838.8649484193
4001	1865	PC	322.114669773522
4001	1928	PC	4.97694494161519
4002	217	PC	2.87975957168798
4002	605	PC	88.4047715521362
4002	722	PC	108.485839345384
4002	1271	PC	1424.83166107125
4003	233	PC	55.6403886612669
4003	304	PC	10.4802551825099
4003	605	PC	9.49512203267736
4004	211	PC	8.58144990633801
4004	213	PC	10.1302229244473
4004	233	PC	23.0103918441373
4004	303	PC	6830.80269714904
4004	305	PC	2.36868689852186
4004	309	PC	17.2120633481091
4004	605	PC	6.28163476023538
4004	807	PC	4.32973383659231
4004	1124	PC	2.35647191856456
4004	1130	PC	971.6398382235
4004	1548	PC	1.25408919821615
4004	1837	PC	5832.8119877242
4005	104	PC	3.05525975463432
4005	301	PC	.908391425583132
4005	806	PC	2.30417631363924
4005	1034	PC	3499.7083043046
4005	1671	PC	.850721117033171
5101	105	PC	4.60011470051495
5101	106	PC	202.699384219872
5101	124	PC	110.810465419292
5101	135	PC	57.1459256036502
5101	211	PC	13.1189673139274
5101	213	PC	124.747701651097
5101	217	PC	1.49802517016161
5101	219	PC	185.337907614736
5101	220	PC	2.51776633061258
5101	231	PC	7.58193900122307
5101	233	PC	5.38104381008519
5101	235	PC	194.644274128173
5101	302	PC	422.981156842845
5101	304	PC	60.2439982335556
5101	305	PC	85.2727283467868
5101	306	PC	78.2779959354518
5101	308	PC	2.36868689852186
5101	312	PC	152.880974147847
5101	412	PC	69.9067049981201
5101	501	PC	.797228288882534
5101	602	PC	3.57604995523839
5101	625	PC	7.74373885822259
5101	626	PC	4.6895653124605
5101	704	PC	15.8067755287073
5101	709	PC	.780103294457632
5101	722	PC	57.7037607463718
5101	805	PC	94033.2133769751
5101	1018	PC	14589.3391266072
5101	1032	PC	24.1492060821601
5101	1102	PC	14.9905492660844
5101	1106	PC	.60950643496884
5101	1124	PC	625.608383683802
5101	1127	PC	12.2240670124569
5101	1172	PC	12.7092099157051
5101	1271	PC	10046.7065164014
5101	1445	PC	.917860820860906
5101	1523	PC	1.17468963295158
5101	1543	PC	2962.04135311133
5101	1548	PC	328.326125822757
5101	1638	PC	17.6039563612462
5101	1833	PC	96.8897357607954
5101	1837	PC	70458.5394314203
5101	1973	PC	4.50063973408618
5102	106	PC	55.1095156075697
5102	219	PC	1436.67819043371
5102	226	PC	93.0003309765229
5102	304	PC	10.7396263978981
5102	306	PC	7556.2237189124
5102	310	PC	.686919200571338
5102	312	PC	10.9078031676931
5102	415	PC	.811383822186246
5102	427	PC	1.91171633483629
5102	704	PC	21.2108214937179
5102	709	PC	3.12041317783053
5102	1120	PC	11.0528878836105
5102	1130	PC	236.142570257675
5102	1228	PC	9.80463228502415
5102	1271	PC	4304.73703521999
5102	1837	PC	6471.39938453573
5103	312	PC	68.4313644982964
5103	720	PC	1.55173304526409
5104	1837	PC	663.08588774396
5106	105	PC	26.2863697172283
5106	106	PC	4.07535730740146
5106	301	PC	4.43418187403292
5106	307	PC	6.5138889709351
5106	709	PC	.780103294457632
5106	819	PC	3.77635068606534
5106	1102	PC	6.34583599053437
5106	1271	PC	106.852875702603
5106	1275	PC	89.0044844282509
5106	1837	PC	175.211236310123
5201	106	PC	1.73746381725062
5201	219	PC	1.18474645271942
5201	233	PC	434.798726060767
5201	235	PC	753.563206809442
5201	302	PC	85.9608318908074
5201	308	PC	9.08154556893279
5201	312	PC	5.66471471781502
5201	418	PC	3.14782108249905
5201	502	PC	307.005262291222
5201	605	PC	212.774981339345
5201	1102	PC	44.508756728279
5201	1135	PC	4683.46343369347
5201	1271	PC	4918.04395013094
5201	1438	PC	2591.67161652803
5201	1833	PC	68303.3138578245
5201	2101	PC	5.75825419008892
5204	125	PC	2.82450770723569
5204	236	PC	15.9164648741148
5204	1102	PC	81.0281916238318
5402	125	PC	1.47493875051472
5402	305	PC	.965239911147656
5403	104	PC	84.86832651762
5403	105	PC	2.24031560090014
5403	106	PC	345.574461562099
5403	125	PC	9.83292500343147
5403	219	PC	3482.3311659153
5403	228	PC	65.0423605570858
5403	231	PC	19.203241760508
5403	301	PC	49.8821773959718
5403	302	PC	155.995797419403
5403	303	PC	2.87795458170406
5403	304	PC	35.7884903497667
5403	305	PC	.771007585468864
5403	306	PC	1219.78611132351
5403	310	PC	421.981570971669
5403	418	PC	39.649429718311
5403	624	PC	1.25544897188643
5403	625	PC	.685286624621468
5403	626	PC	5.38831054401712
5403	701	PC	84.2642180071857
5403	704	PC	30.7898641560753
5403	706	PC	298.191301430822
5403	716	PC	6.16676650140718
5403	904	PC	72.8862019667803
5403	928	PC	301.639948195488
5403	1034	PC	1.55223864966362
5403	1102	PC	12.2399081002767
5403	1124	PC	51307.7838249174
5403	1149	PC	366.135998868139
5403	1172	PC	111.639297815439
5403	1231	PC	1.07831513214954
5403	1271	PC	1099.77531535333
5403	1275	PC	132.242188543176
5403	1277	PC	1.00094424190255
5403	1503	PC	1.02712389716523
5403	1548	PC	1.33769514476389
5403	1557	PC	151.956549489015
5403	1833	PC	5.24741757786989
5403	1837	PC	298.614282877139
5403	2101	PC	27.6396201124268
5404	104	PC	5.657888434508
5404	105	PC	81739.7368221969
5404	228	PC	31.9662462437514
5404	301	PC	23.9829548475338
5404	302	PC	12.0068738886073
5404	305	PC	1.17960607546388
5404	306	PC	2.69082831672083
5404	418	PC	24.0021357540553
5404	805	PC	17025.7254605439
5404	814	PC	501882.321049331
5404	928	PC	30.3885854589564
5404	1124	PC	26.8375968503187
5404	1127	PC	2.51368846647272
5404	1149	PC	53.1755762350096
5404	1271	PC	5154.15874148564
5404	1275	PC	59.130513934457
5404	1837	PC	3418.11565605793
5501	106	PC	29.5487043750105
5501	231	PC	52.0941899363286
5501	301	PC	173.43525470977
5501	302	PC	968.98362079077
5501	304	PC	5.40534350242687
5501	305	PC	8.95363647641262
5501	306	PC	52.1111117674808
5501	308	PC	24.8404195047987
5501	310	PC	174.983191597954
5501	1135	PC	27.0590087647191
5501	1174	PC	7.70316054196934
5501	1275	PC	58.2423688657225
5501	1416	PC	1424.37621017107
5501	1837	PC	401.638950303803
5605	101	PC	141380.112260994
5605	104	PC	1.03991989426257
5605	105	PC	540.184897689041
5605	106	PC	1891.11708000068
5605	124	PC	6.45219119100516
5605	211	PC	1399.38620280342
5605	213	PC	.696879835759035
5605	219	PC	489.147942443067
5605	226	PC	13.2267137388833
5605	231	PC	1.06454681764443
5605	301	PC	30.0574523987931
5605	302	PC	47.6603490851583
5605	303	PC	3449.25225304129
5605	304	PC	1.30277779418702
5605	305	PC	2.85189902582031
5605	306	PC	1.73151012281948
5605	311	PC	17.2985204199051
5605	312	PC	62.6434780617583
5605	403	PC	15.3085536592837
5605	501	PC	3.96218241376106
5605	602	PC	17.0805149680205
5605	704	PC	9.19606949649859
5605	706	PC	50.5914720613874
5605	709	PC	5.08511777127938
5605	722	PC	53.9748056922426
5605	805	PC	3.6742241792688
5605	806	PC	50.6918789000632
5605	1018	PC	51.6384421351029
5605	1034	PC	3412.87607424241
5605	1102	PC	151.481102649025
5605	1124	PC	453.930676742601
5605	1135	PC	2757.47083734268
5605	1172	PC	51.8795049025195
5605	1228	PC	2707.00307029003
5605	1271	PC	173.098049064676
5605	1273	PC	8.3708860087936
5605	1432	PC	176.733151993416
5605	1438	PC	1798.2648162362
5605	1671	PC	6.35745241109868
5605	1837	PC	2463.09570798853
5605	1971	PC	1.28940741807009
5700	101	PC	25957.9364242819
5700	211	PC	118.820361100428
5700	219	PC	20.7739813707443
5700	235	PC	112.200521327481
5700	302	PC	467.578793768214
5700	303	PC	95461.6350407786
5700	306	PC	2.80570963129914
5700	605	PC	79.9799908148793
5700	1034	PC	70353.664557354
5700	1072	PC	3704.9405393666
5700	1149	PC	233.750970533063
5700	1224	PC	83.8879154073931
5700	1228	PC	2532.00328483431
5700	1271	PC	28083.4320397144
5700	1416	PC	2556.42598147727
5700	1612	PC	24107.2152889594
5700	1824	PC	32.4818991766416
5700	1833	PC	44149.1878043964
5700	1837	PC	90994.7238035306
5700	1845	PC	43646.1038381983
5720	1102	PC	7900.30431926951
5720	1416	PC	5231.44894471629
5730	231	PC	26.0222555424193
5760	217	PC	1.18291470031126
5760	1003	PC	6.8623038104357
5760	1824	PC	16.7472755525255
5790	106	PC	1182.52496570982
5790	128	PC	501.013727634846
5790	220	PC	2.84438896134308
5790	306	PC	1390.83965135682
5790	1034	PC	6312.43717529873
5800	304	PC	1.34304547146189
5800	412	PC	1.87712448606063
5800	1271	PC	1.18854707727694
5810	311	PC	3.12429801915033
5820	233	PC	5.52323591444177
5820	626	PC	116.219152356052
5830	805	PC	358819.067749801
5830	1837	PC	69013.8871011292
5831	1837	PC	20734.0970905494
5840	214	PC	25.789480303077
5840	220	PC	144.051427398189
5840	305	PC	36.0585206561982
5840	602	PC	1.10532453161914
5840	626	PC	2.34478265623025
5840	1002	PC	53.8481215973691
5840	1102	PC	53.7443237493968
5840	1211	PC	8.0926812393894
5841	420	PC	1.19936072244849
5841	1714	PC	3.89466383844982
5860	301	PC	341.090913387147
5860	605	PC	1.42383721232002
5870	301	PC	114.80196356721
5870	308	PC	13.8141819921795
5870	412	PC	62.1392933316623
5870	626	PC	59.0885229370023
5870	706	PC	88.8463080568745
5870	805	PC	307.58024457659
5870	1837	PC	3078.1598099852
5880	219	PC	19960.8373787264
5880	304	PC	1.34304547146189
5880	305	PC	1.81678285116626
5880	306	PC	3.50328792291383
5880	309	PC	28.3046240938869
5880	1122	PC	1.57480579802188
5880	1548	PC	540.874736866199
5910	1275	PC	62.930065030647
5930	1124	PC	123.278392036017
6000	219	PC	104709.679312769
6000	303	PC	21726.9937585126
6000	805	PC	221803.267601849
6000	1072	PC	37961.5440891488
6000	1102	PC	118125.127637934
6000	1124	PC	21.5180796860035
6000	1228	PC	41870.7294762461
6000	1271	PC	24423.9893901964
6000	1612	PC	36919.588173304
6000	1671	PC	23.8053374161552
6000	1833	PC	8048.32674252811
6000	1837	PC	172026.559119893
6010	1102	PC	436.18804137497
6010	1172	PC	774.536964082944
6010	1671	PC	.753495846515094
6020	104	PC	15.8420876166224
6020	106	PC	27.2320859520097
6020	219	PC	1.26910140737638
6020	301	PC	1.61662880824117
6020	304	PC	74.021465578808
6020	309	PC	433.635510512396
6020	528	PC	31.0691407327825
6020	533	PC	.596320257481222
6020	540	PC	3.65495029867463
6020	605	PC	236.485073326508
6020	612	PC	27.5564882137369
6020	628	PC	1.20901972501841
6020	805	PC	3.33204452287888
6020	904	PC	30.4632732678494
6020	1029	PC	23.045320856405
6020	1102	PC	2.55925351187604
6020	1172	PC	1268.13720100283
6020	1173	PC	1.03889657015796
6020	1228	PC	9968.26643752842
6020	1272	PC	28.8528411366929
6020	1548	PC	2443.79847335267
6020	1634	PC	4.4680854425547
6030	101	PC	13.4503036387997
6030	215	PC	2.00925512853723
6030	219	PC	234.103884610679
6030	231	PC	26.2907579064252
6030	302	PC	283.656177815239
6030	304	PC	372.059125898422
6030	310	PC	113.739607493222
6030	602	PC	596.382185641113
6030	628	PC	1.65153674855456
6030	704	PC	1.92075772415335
6030	1034	PC	6874.08575555805
6030	1072	PC	381.148145191295
6030	1119	PC	49.2085302434869
6030	1124	PC	2131.94378309422
6030	1135	PC	17622.1569088494
6030	1172	PC	85.9369715452675
6030	1677	PC	126.892481535884
6030	1850	PC	202.131157733047
6030	1870	PC	2.21390090039018
6040	211	PC	126.894618493923
6040	220	PC	5.18257310753189
6040	1124	PC	28.9322385557094
6040	1503	PC	4.28677197768638
6050	1135	PC	5628.98073966556
6050	1837	PC	46.0476310933306
