50	106	PC	112.293350262265
50	301	PC	4.62604551281318
50	1102	PC	30.4573422291613
50	1253	PC	16.8314770771963
52	128	PC	306.549299206519
52	230	PC	515.032232088464
52	301	PC	57.1327279923472
52	417	PC	825.940046008328
52	904	PC	1829.26314626534
52	1804	PC	15.2978317773479
52	1871	PC	2393.27005560677
53	5101	PC	3803897.84705601
53	5102	PC	1990937.15643384
53	5104	PC	61186.3085737339
53	5203	PC	113299.884251007
53	5204	PC	110893.594724782
53	5403	PC	3195969.82995056
53	5404	PC	340819.995346803
53	5501	PC	1224031.48799147
53	5605	PC	2451329.2037561
53	5700	PC	10155.6180963045
53	5790	PC	1631452.21791123
53	5841	PC	8770.71116222427
53	6000	PC	720076.923983805
53	6010	PC	5803576.06160907
53	6020	PC	302131.56032155
53	6030	PC	311453.598431362
53	6050	PC	121644.470202745
55	128	PC	19069.3643369772
56	128	PC	501.046224026988
56	214	PC	170.452173210711
56	301	PC	764.452244477205
56	425	PC	38.7029710877347
56	428	PC	25.5686495412502
56	502	PC	6.84570333723958
56	720	PC	530.651565700031
56	904	PC	5.64134690145359
56	919	PC	65.8878317501214
56	1871	PC	27.2050816662101
58	119	PC	5.79730507849836
58	211	PC	42.0598669187678
58	216	PC	235.815087937654
58	220	PC	19.3249714432945
58	233	PC	12.3645308136149
58	301	PC	.784035363410734
58	403	PC	2.42571588455259
58	417	PC	193.633577489267
58	502	PC	35.0462628186327
58	602	PC	4.41154526296227
58	626	PC	72.1266868969707
58	720	PC	64.371782846062
58	722	PC	27.1821814927498
58	819	PC	426.236102515451
58	826	PC	5.63005723090033
58	1228	PC	38.6003642756351
58	1273	PC	133.726388190125
58	1416	PC	88.0696864913979
58	1634	PC	1.32370182781068
58	1717	PC	101.707895965375
58	1833	PC	11186.7626099511
58	1871	PC	192.242648603239
59	122	PC	38.8401845669114
59	128	PC	1021.83099735506
59	402	PC	133.574464701082
59	722	PC	109.174604800631
59	1102	PC	144.586696231814
59	1721	PC	3.00365064966577
60	128	PC	101.099886664105
60	301	PC	63.7579452475128
60	417	PC	26.5251476012695
60	1228	PC	56948.1629207674
60	1805	PC	30272.2044018485
60	1833	PC	18989.8931912921
61	403	PC	2.77525024278173
128	101	PC	1.76781668845128
128	106	PC	14.4836130490417
128	136	PC	5.80894069119996
128	215	PC	9.40834297344891
128	216	PC	2.14047039831522
128	217	PC	6.48959020453859
128	220	PC	14.8269721986369
128	228	PC	4.17824004609703
128	229	PC	2.8594961929986
128	231	PC	7.73025833164142
128	301	PC	15.4826238483605
128	305	PC	18.6215960015348
128	311	PC	5.80509468230763
128	403	PC	6.44075718597799
128	417	PC	8.15767318955878
128	511	PC	20.2178458805285
128	528	PC	2.5395850623676
128	543	PC	3.16480193277314
128	627	PC	3.50950909349255
128	704	PC	5.43620177142786
128	706	PC	35.1847621009631
128	709	PC	5.33487975415258
128	720	PC	35.527346227435
128	807	PC	3.93002673964591
128	826	PC	15.1492162459374
128	829	PC	4.17886556135299
128	833	PC	2.05183089421923
226	5404	PC	31.5900579483406
231	55	PC	4.85206219095451
233	58	PC	14.9648418700851
233	62	PC	10.3602751408281
233	3001	PC	17.05676887734
233	4001	PC	9.21065519376361
233	5101	PC	7.35579534998798
233	5104	PC	5.18013757041407
233	5403	PC	4.42554003303957
301	52	PC	12.6240793981698
301	55	PC	193.070788038579
301	56	PC	7.21310540617357
301	58	PC	13.2297512648152
301	4001	PC	1.77350798002585
301	4002	PC	.681237732805282
301	5106	PC	4.20764482026792
301	5605	PC	7.22798959193234
301	6020	PC	580.174111503228
402	51	PC	19956.7242386897
403	5101	PC	11.1451988868914
403	5106	PC	2.96568936712615
403	5605	PC	4.4568876082736
417	5403	PC	11.5994332183713
426	101	PC	152.515629813476
426	105	PC	101.615370958192
426	106	PC	242.970496661838
426	221	PC	294.113392222867
426	237	PC	1364.52836397771
502	55	PC	3.8074298217676
602	6020	PC	19.7597040328124
605	52	PC	99.0187619017511
627	3001	PC	3.09100500168219
709	1135	PC	955.251020836964
805	1135	PC	1181.87756437497
806	1135	PC	1620.27168418383
814	5403	PC	26.4557948178847
904	5800	PC	2.74306654374694
906	1135	PC	3591.54756744518
1002	1135	PC	133.09931228323
1034	5605	PC	.709688394555362
1071	1135	PC	406.257832935502
1072	1135	PC	1031.65299081695
1101	1135	PC	23156.7376574363
1106	1135	PC	17050.0875382864
1111	58	PC	27.2577407410134
1111	61	PC	122.65983333456
1111	136	PC	4.74761829081875
1111	213	PC	1.87952882349346
1111	219	PC	6.08528045122908
1111	220	PC	17.0651238576975
1111	231	PC	9.50353612897455
1111	235	PC	39.2016473486319
1111	302	PC	3.2777849583653
1111	303	PC	12.054172944713
1111	306	PC	25.8184945633557
1111	311	PC	5.65299144993436
1111	602	PC	7.3239550571657
1111	625	PC	3.32135379632229
1111	626	PC	.987524821478615
1111	704	PC	15.5442243529908
1111	709	PC	.788062642736033
1111	904	PC	11.5853580742774
1111	1004	PC	1.1278496117561
1111	1072	PC	37.4392459253698
1111	1120	PC	13.9954522208528
1111	1135	PC	977.936193027337
1111	1172	PC	5.97072384804512
1111	1173	PC	1.10848881567082
1111	1273	PC	8.62021212235697
1111	1429	PC	1.49117720451005
1111	1671	PC	30.4441356779301
1111	3001	PC	190938.843108981
1111	5101	PC	214928.251182511
1111	5403	PC	34188.1852588027
1111	5501	PC	10382.1139610218
1111	5605	PC	3332.37569130792
1111	5840	PC	77387.6587781755
1111	5841	PC	14225.860230941
1111	6030	PC	2.4531966666912
1124	1135	PC	710.393705875471
1124	4005	PC	10.1431464902004
1124	5403	PC	56.4646424783921
1124	5831	PC	63.508494207698
1124	6020	PC	6.34735567031206
1130	1135	PC	11480.3520148379
1135	1135	PC	41017.3606245531
1135	5201	PC	2327.04527958682
1146	1135	PC	993.76429440841
1149	1135	PC	26658.9176296417
1173	4001	PC	4.40776065813041
1221	1135	PC	1158.73740140861
1224	1135	PC	6126.76082140822
1228	3001	PC	2024.70260649316
1228	5501	PC	856.292927673987
1246	1135	PC	100.249130167268
1247	1135	PC	286.426086192196
1263	1135	PC	5477.32604625336
1271	1135	PC	2817.57340987263
1275	6020	PC	1.35176570791106
1401	1135	PC	6103.04634758623
1411	1135	PC	1162.71832346732
1424	1135	PC	1368.27122761082
1502	1135	PC	3748.10967616682
1503	1135	PC	266.153952396755
1511	1135	PC	3102.08023093302
1543	5102	PC	44.6700265497597
1634	625	PC	2.24161969683035
1671	1135	PC	63138.1370007365
1714	62	PC	20.7085605424195
1805	51	PC	1.30061576819753
1805	53	PC	561938.384835532
1805	5101	PC	11.0395007744186
1813	1271	PC	21.216738896302
1813	1401	PC	1203.32725309715
1813	1504	PC	1.45059057100029
1813	1554	PC	88.5520190835214
1813	1671	PC	1188.03814691984
1813	1675	PC	1495.74558007862
1813	1804	PC	6328.71895094848
1813	1805	PC	111985.678846801
1813	1813	PC	678.701214973601
1813	1820	PC	6399.43949358217
1813	1868	PC	2593.0582530486
1813	1901	PC	382.188564037409
1824	1813	PC	3969.18842448101
1833	52	PC	1.06096400530278
1833	55	PC	14257.6968835651
1833	213	PC	9.78503267407734
1833	529	PC	1.65661476982385
1833	720	PC	.814476214888319
1833	1127	PC	1.45788925927566
1833	1671	PC	18.9362262213481
1833	1675	PC	5.43582906681614
1833	1677	PC	27.9933565352443
1833	1833	PC	10.7448932365733
1833	5101	PC	92715.7697000126
1833	5103	PC	10616.278504809
1833	5106	PC	3460.69589202083
1833	5201	PC	13120.8781957392
1833	5403	PC	1059386.83880937
1833	5605	PC	290572.445295804
1833	5840	PC	140626.397121542
1833	6030	PC	120.337720373457
1845	1837	PC	1717.36898767226
1851	1135	PC	613.938740512021
1880	1833	PC	5175493.38177106
1925	55	PC	2.41302403729253
1971	55	PC	4.8589224340947
2030	301	PC	1.50929021459065
2030	1130	PC	2.7478885394765
2030	1804	PC	1.45928146127616
2030	1973	PC	1.16702936594052
2030	2003	PC	2558.56041019627
2030	2018	PC	8.00210301888755
2030	5403	PC	1853657.56749541
2030	5501	PC	422559.707400267
2030	5605	PC	94102.7308905123
2030	5840	PC	67522.1035973595
2030	6010	PC	205875.85450488
3001	305	PC	2978.68772943749
3001	403	PC	10.8289949103997
3001	1833	PC	19926.2817109383
4001	403	PC	2.36921221010201
4001	626	PC	211.370432545876
4001	702	PC	1.25254538313822
4001	706	PC	20.2755441524404
4001	713	PC	272.165298216685
4001	720	PC	459.615786447503
4001	1119	PC	15.4862170926025
4001	1146	PC	18.5252844325659
4001	1154	PC	66.5849564409586
4001	1671	PC	32.5704656235557
4001	1702	PC	.951007864405192
4001	1717	PC	138.801363905688
4001	1833	PC	8.47818055718586
4002	626	PC	33.4248767645622
4002	713	PC	160.16756793699
4003	1717	PC	33.5037774944764
4004	306	PC	1.38568183563529
4004	704	PC	10.438080932853
4004	1114	PC	42.2074320282103
4004	1154	PC	284.013996268415
4005	1119	PC	190.803099761773
5101	106	PC	26.0028598500093
5101	135	PC	27.9776927434537
5101	211	PC	5.11893321499592
5101	302	PC	634.392384253167
5101	305	PC	283.880018727149
5101	306	PC	11.8197476236241
5101	310	PC	9.3480228450165
5101	403	PC	2.63070595930352
5101	532	PC	27.1384827863492
5101	926	PC	2.18199601477256
5101	928	PC	41.7843050060651
5101	1124	PC	13.3020657884527
5101	1273	PC	.758722859520442
5101	1438	PC	6659.01000979055
5101	1677	PC	64.4360480358553
5101	1824	PC	112.095097698237
5101	1833	PC	10546.0986528224
5101	1845	PC	3160.94993797972
5102	219	PC	128.943472853623
5102	302	PC	1.28975001624515
5103	532	PC	26.1018512205631
5106	106	PC	67.3710459750241
5106	231	PC	82.7980858167886
5106	928	PC	629.936383698255
5106	1271	PC	2.33553656443929
5201	106	PC	2.48445506385089
5201	124	PC	90.6631080703301
5201	1172	PC	7.90541247400734
5203	720	PC	30.8164127376488
5203	1172	PC	7.8752631176787
5302	805	PC	13425.0542007918
5302	1149	PC	16085.6118110904
5302	1224	PC	95390.2859533256
5302	1228	PC	115758.173909133
5302	1416	PC	63902.0747921465
5302	1833	PC	27430.5152714222
5302	1931	PC	44279.1198348858
5403	135	PC	568.611484077253
5403	216	PC	65.1111659472301
5403	220	PC	36.1574867967341
5403	302	PC	66726.8041106648
5403	305	PC	7.12145716040596
5403	403	PC	133.341693840801
5403	417	PC	379.030452728797
5403	624	PC	199.581903190938
5403	626	PC	10.0438765079623
5403	701	PC	3.9437729697347
5403	722	PC	72.2323704003142
5403	814	PC	1.21510428620887
5403	904	PC	106.041525976003
5403	1124	PC	60.3082257677079
5403	1127	PC	12.5684423323636
5403	1277	PC	229.920335708198
5403	1438	PC	15143.8062307652
5403	1612	PC	24942.5543823814
5403	1824	PC	111.648503683503
5403	1833	PC	94499.8320069592
5403	1845	PC	12475.687043825
5404	302	PC	3813.54327025601
5404	602	PC	4.81683092455596
5404	1127	PC	720.76371927829
5404	1271	PC	4.64495121509228
5404	1277	PC	28.7341051649369
5404	1612	PC	2060.74087417193
5404	1824	PC	22.7762947514346
5404	1833	PC	1731.91417287476
5501	302	PC	6758.1870472445
5501	716	PC	144.251847986133
5501	1228	PC	35718.8828285142
5501	1438	PC	270.234295412624
5501	1612	PC	2996.72529677653
5501	1833	PC	40696.2910069866
5605	219	PC	30.1222729875792
5605	302	PC	15118.3573116366
5605	306	PC	36.5583135917863
5605	1102	PC	53.4105080739347
5605	1135	PC	48348.5080826706
5605	1172	PC	10.8952236432648
5605	1173	PC	96.5030647152779
5605	1228	PC	18457.2847807177
5605	1438	PC	66.8805933829337
5605	1833	PC	22400.4482447298
5605	1931	PC	37554.4618399646
5700	106	PC	2.42062986240086
5700	304	PC	14781.1392013285
5700	1003	PC	215126.174583711
5700	1149	PC	49252.2921908111
5700	1224	PC	12806.6209501462
5700	1228	PC	10678.9764950811
5700	1612	PC	3079.21568917134
5710	1228	PC	44809.0896163829
5710	1612	PC	54883.1268790865
5710	1833	PC	17114.126610177
5790	1228	PC	16731.6651982762
5800	1504	PC	26.0812800975832
5810	302	PC	18958.2723574773
5810	305	PC	27.3583336779274
5810	1228	PC	15976.0258433051
5810	1833	PC	10285.0333405681
5810	1931	PC	5287.86651203256
5820	135	PC	59.5270058371356
5820	216	PC	128.781239690397
5820	417	PC	154.376359039389
5820	426	PC	171.927200334562
5820	626	PC	44.9025878668093
5820	904	PC	27.0784651269772
5831	302	PC	47.3737379704371
5831	305	PC	4782.86206024293
5831	805	PC	53947.7293723905
5831	1833	PC	37467.0302295655
5835	1135	PC	56715.5132520466
5840	106	PC	63.8606598952728
5840	228	PC	5.31662607526073
5840	302	PC	24650.924552917
5840	805	PC	17882.9819832448
5840	1135	PC	30836.7846258835
5840	1228	PC	75426.5416367994
5840	1438	PC	29916.4955461895
5840	1833	PC	53813.5819735208
5840	1845	PC	21419.5814196739
5841	305	PC	4744.71672642913
5842	106	PC	44.3892456603159
5842	1135	PC	99036.3441402426
5860	1149	PC	8751.81358867866
5870	1149	PC	16154.2969303939
5880	219	PC	31.4757293496126
5880	303	PC	1.6580808289653
6000	1072	PC	33130.5272165886
6000	1135	PC	1011922.36839811
6000	1228	PC	28790.6028348399
6000	1438	PC	20.7872534932788
6000	1833	PC	38053.4948795157
6020	306	PC	1.97785356026575
6020	403	PC	1.00918190646608
6020	1072	PC	2984.97773033379
6030	106	PC	11.3467024800041
6030	302	PC	17588.9806508364
6030	529	PC	1.91509428114058
6030	826	PC	154.863197154789
6030	1072	PC	157483.679051963
6030	1124	PC	326.402998538617
6030	1438	PC	14259.1381391475
6030	1824	PC	389163.251456274
6030	1833	PC	7850.54825865632
6030	1845	PC	19408.3745164332
6030	1931	PC	36355.0070171275
6040	605	PC	66.5114268730805
6040	1135	PC	20233.948807755
6040	1149	PC	246957.490473114
6040	1224	PC	101486.347819967
6040	1416	PC	97128.5556218554
6040	1424	PC	380254.411846047
6040	1438	PC	13998.3412568209
6040	1563	PC	790019.925345482
6040	1833	PC	184449.997494866
6040	1931	PC	8261.50322019906
6050	1438	PC	49.8894083838691
