50	101	PC	35.3039694486972
50	231	PC	2.55754753449781
50	301	PC	109.387994503088
50	423	PC	189.037241249706
50	605	PC	228.463488027058
50	627	PC	65.4012705345767
50	704	PC	1.47643209554857
50	805	PC	8958.60254155977
50	1833	PC	24.4468337271359
50	2012	PC	20.1928292035238
51	1933	PC	2.45818365705807
52	105	PC	3.80643831514962
52	106	PC	2.69224972552007
52	123	PC	4840.11087674329
52	211	PC	7.64936192912592
52	226	PC	5838.58127606245
52	229	PC	93.7498305789988
52	230	PC	20003.2970716736
52	301	PC	2778.16222783326
52	528	PC	9.99478351482141
52	602	PC	124.782223996762
52	605	PC	981.567157293199
52	626	PC	4.21448557504553
52	706	PC	28.5230111815567
52	720	PC	13.3329136986451
52	805	PC	79.1427079682094
52	819	PC	22.0486353134572
52	1102	PC	33.8839218119574
52	1416	PC	8.55485854315144
52	1548	PC	26.6096514726079
54	238	PC	9.79922524814533
54	301	PC	117.385557764445
54	1102	PC	.915327156151147
55	219	PC	1001.56136642881
56	135	PC	30.09235931212
56	301	PC	.829975963791733
56	605	PC	150.181825231134
56	628	PC	108.031002144982
56	709	PC	1.40751378431877
56	806	PC	5.89356402188528
56	928	PC	5474.03034484766
56	2012	PC	169.529570672491
57	301	PC	5.03093122667604
57	418	PC	1.75592385269979
57	702	PC	774.126999481849
57	805	PC	6374.46426909324
58	104	PC	1009.2011559914
58	106	PC	233.621816418502
58	119	PC	1.34524108335757
58	124	PC	60.5497890117875
58	125	PC	43.998671178283
58	211	PC	49.8231244938043
58	213	PC	538.601534427561
58	215	PC	2.16822755120529
58	219	PC	278.9441570181
58	220	PC	4.78610198245678
58	229	PC	1.60917165341164
58	230	PC	41.592868915318
58	231	PC	2.28326815263982
58	233	PC	139.647617928421
58	238	PC	12.3384689334782
58	301	PC	1664.17132675666
58	402	PC	1903.844252345
58	403	PC	8.56229056863302
58	412	PC	106.539434460737
58	501	PC	7.48675618100751
58	502	PC	58.3838995219711
58	528	PC	20.6522348681597
58	602	PC	219.428537995491
58	604	PC	1.89783308223365
58	612	PC	.68381540680971
58	620	PC	11.0076469759156
58	626	PC	14.2724296387975
58	702	PC	1.43503905970771
58	704	PC	27.3716783055063
58	706	PC	841.920851798804
58	709	PC	21.9133882588551
58	805	PC	16351.8279643112
58	806	PC	1.53934279333527
58	815	PC	.742190119622789
58	904	PC	1.80033681759757
58	906	PC	235.851654267191
58	926	PC	1.72879140235306
58	1002	PC	3.04847782095846
58	1004	PC	.707417840980324
58	1034	PC	129.735208609738
58	1102	PC	8.59830942746708
58	1106	PC	204.050463375147
58	1146	PC	4.64764253159393
58	1173	PC	407.709578201274
58	1221	PC	189.062349533955
58	1223	PC	1.51329886705999
58	1228	PC	21.846079792024
58	1247	PC	132.762784711405
58	1273	PC	16.1323131604962
58	1275	PC	15.579043977739
58	1416	PC	94.2465424448527
58	1504	PC	81.8638342520448
58	1548	PC	79.0306648736454
58	1551	PC	88.0680150877414
58	1638	PC	2.25708876124192
58	1677	PC	162.98750611661
58	1738	PC	8.4447518129831
58	1922	PC	1.30054478887665
58	1931	PC	5.85014606620826
58	1940	PC	2.58136631057308
58	2020	PC	85.3397896664064
59	219	PC	5.9036670079521
59	230	PC	34.7511665074005
59	301	PC	24.0650466629665
59	402	PC	1766.99258504203
59	1173	PC	3.09063011605437
60	124	PC	130.46236947262
60	128	PC	19.967677981501
60	219	PC	2606.30984947875
60	220	PC	18.1216754380589
60	229	PC	1.22246050782944
60	301	PC	154.727382323417
60	412	PC	11.0394503740432
60	1677	PC	1.56387052574143
60	1871	PC	71.3526523201625
61	1275	PC	15.2431305453507
62	301	PC	58.3551134473808
62	517	PC	3.73846647095142
62	1719	PC	41.4595284581778
62	1804	PC	16.3942917883809
62	1833	PC	55.1055678275604
101	306	PC	122653.932049535
104	58	PC	1.28481374235388
105	58	PC	4463.37724973009
105	60	PC	61.107781813538
105	306	PC	12044.7406629636
105	1003	PC	2.6125858344451
105	1276	PC	2.33019478263562
105	4001	PC	250.041165677773
105	5605	PC	8.33008023836865
106	58	PC	2628.56871129388
106	213	PC	12395.5369090692
106	231	PC	12065.0570118699
106	306	PC	72268.4439780892
106	412	PC	7832.6759223634
106	501	PC	17129.2645333892
106	542	PC	16717.3271783549
106	620	PC	16401.8041864564
106	709	PC	19437.7294058998
106	1071	PC	7466.60812522634
106	1271	PC	10842.859238339
106	1272	PC	6812.19939324855
106	1504	PC	5070.91900813093
106	4001	PC	14.3948983965457
124	60	PC	35.6422414649844
125	231	PC	4.71412497710782
128	237	PC	7546.4618147548
128	438	PC	6117.8890909957
135	104	PC	13549.8233010037
211	58	PC	2.28638533869463
211	101	PC	25.6838273710289
211	106	PC	11.8394652757753
211	122	PC	72.9129581971493
211	214	PC	85.9988674526479
211	215	PC	17.6197145753452
211	219	PC	63.0960071752345
211	221	PC	5.59933799712433
211	227	PC	38.6801451452404
211	229	PC	4.96183957771916
211	231	PC	107.704681143877
211	233	PC	76.5427534028414
211	235	PC	29.4602675282623
211	236	PC	16.5898579325232
211	238	PC	63.1885178578189
211	239	PC	47.2433370403151
211	301	PC	23.4668518176902
211	305	PC	16.0181969701457
211	307	PC	14.9083529194738
211	309	PC	29.8167058389476
211	310	PC	11.1947926394767
211	412	PC	48.8905893802568
211	419	PC	12.3195242997183
211	427	PC	26.7015780078886
211	517	PC	17.7949997222798
211	528	PC	2.3977858518022
211	534	PC	30.9660760998226
211	536	PC	33.1943131233284
211	542	PC	7.59521825583181
211	605	PC	11.6837098176093
211	612	PC	6.4044717142715
211	617	PC	8.28681914214769
211	620	PC	94.6766928029803
211	623	PC	17.5314890735169
211	624	PC	26.4822162789943
211	625	PC	23.0140955359883
211	704	PC	6.3941049365546
211	711	PC	70.4587768027205
211	723	PC	91.6122915702847
211	807	PC	18.5822669862534
211	817	PC	10.7349175529311
211	1519	PC	24.0046039360363
211	1634	PC	4.53212427236377
211	5700	PC	5.51934544291764
211	5850	PC	42.2559963578895
213	136	PC	13481.5969701963
213	306	PC	6130.54869722667
213	926	PC	1.08579160114787
217	58	PC	2.97173917486354
219	54	PC	193.156763600571
219	58	PC	39.4085774418848
219	62	PC	142.171916535133
219	5820	PC	65.4209752602955
219	6020	PC	18.4727706758835
220	219	PC	547.03824449887
220	4001	PC	12.9993571422884
220	4002	PC	8.52210487180758
226	58	PC	5.16694514684266
226	226	PC	56713.2910724954
226	306	PC	6951.16319959732
226	412	PC	9082.75093543086
226	805	PC	2858.19884504793
226	1173	PC	6688.6688365287
226	1671	PC	7563.82211617052
226	1677	PC	9954.95377551298
226	1719	PC	26318.7435670682
229	219	PC	1920.58992295072
229	302	PC	34800.4777958064
229	303	PC	1142.66956982408
229	306	PC	69600.9555916129
230	52	PC	91.1470747682294
230	230	PC	856.804362192596
230	4001	PC	103.732967861323
231	58	PC	90.1327488074092
231	516	PC	21844.4443426718
231	5104	PC	28.452341116975
235	105	PC	2.79233507790112
235	216	PC	1.05905263308093
235	228	PC	28.8593748176379
235	235	PC	5.35336392477861
235	236	PC	74.7227366361008
235	237	PC	9.75127493442762
235	238	PC	25.270758739483
235	239	PC	1.43625401295552
235	534	PC	.800973347531252
235	605	PC	6900.91210124316
235	1017	PC	.993577379827331
301	54	PC	43.9960740176711
301	58	PC	81.6091806408814
301	61	PC	1.78247759685741
301	101	PC	35445.698395742
301	106	PC	17867.484534281
301	125	PC	7848.17906818575
301	135	PC	25638.8953880525
301	211	PC	8196.67064028388
301	213	PC	8431.81127181056
301	217	PC	4.05186603599052
301	219	PC	28667.2757671224
301	228	PC	1.00934427075793
301	230	PC	2.90298719901562
301	231	PC	9471.86154638137
301	233	PC	21027.1254641706
301	235	PC	48264.9085983192
301	301	PC	38030.3987347775
301	302	PC	28.4565688530124
301	303	PC	21.1096952255229
301	304	PC	5.17091311881982
301	305	PC	70.4397447400546
301	306	PC	57138.8924974893
301	307	PC	7.84424794786224
301	308	PC	3.44129635306206
301	309	PC	80334.4527065409
301	310	PC	2.03399260788686
301	311	PC	9751.22458047286
301	312	PC	13.1186127005532
301	402	PC	8799.25580496513
301	403	PC	30285.3348841445
301	412	PC	17485.7053271587
301	427	PC	23392.4392005957
301	501	PC	31330.6101577132
301	516	PC	21460.9617326675
301	517	PC	7488.30247725924
301	604	PC	3547.63571445258
301	605	PC	77616.9699735725
301	616	PC	9095.93780209002
301	618	PC	43747.2849167021
301	619	PC	31004.0939774493
301	624	PC	47493.9079045948
301	1671	PC	18453.990988327
301	1751	PC	16709.754104854
301	3001	PC	181.045966579856
301	4001	PC	85.1628185165209
301	4004	PC	46.1180711567871
301	5605	PC	250.974260302283
301	5700	PC	1.21661169309315
301	6010	PC	505.212152204526
301	6020	PC	80.8877016135817
301	6030	PC	3.18299570867395
302	221	PC	23.4068671177761
302	307	PC	12.5143105489347
302	702	PC	20.0113486513675
302	709	PC	3.35916510016087
302	1102	PC	39.4290996452732
302	1124	PC	28.8492885497017
302	1246	PC	18.7391032801122
302	1273	PC	57.2652242223028
302	1535	PC	20.9334712811506
302	1633	PC	8.52591620551921
302	1671	PC	77.235705117684
302	1674	PC	15.7777218625619
302	1677	PC	26.8972591752246
302	1850	PC	3.74515119055974
304	545	PC	22425.0800744352
306	213	PC	21892.4223396005
306	1750	PC	6681.83221929643
403	106	PC	3.90840889920183
403	235	PC	22310.3251676534
403	403	PC	50.6252169155041
403	412	PC	15.3719312941643
403	415	PC	5.35912170933846
403	417	PC	9401.53256955854
403	501	PC	25600.0312802117
403	502	PC	8219.5809055983
403	542	PC	8255.78005996668
412	235	PC	8360.655935613
412	430	PC	7003.01625253103
412	502	PC	6256.2025620485
418	135	PC	9979.73037925812
418	306	PC	4592.67597795924
418	311	PC	4592.67597795924
418	1271	PC	7559.26498425298
425	60	PC	.565002506710453
427	235	PC	1.06122456696594
427	412	PC	3.4750290277391
427	415	PC	5.09167400141495
427	419	PC	1.08222544611829
427	425	PC	11.3845282571123
427	426	PC	12.8606590398247
427	427	PC	18.3964854109435
427	428	PC	1.6982825670499
501	213	PC	13.639764045392
501	217	PC	13.7301130426457
501	219	PC	16.788334731815
501	226	PC	13.1854983101204
501	228	PC	13.0822394699426
501	235	PC	18.9007773598631
501	236	PC	4.51543653723997
501	237	PC	12.5311802587656
501	403	PC	34.0512854189523
501	412	PC	5486.39236812071
501	501	PC	27688.469768451
501	502	PC	1252.04200690224
501	515	PC	8.93695656417331
501	516	PC	12.1934175116621
501	519	PC	8.42363256095741
501	520	PC	323.168663559059
501	521	PC	15849.0149622612
501	522	PC	13886.5876150595
501	529	PC	9.21891549457321
501	533	PC	11.7638422505143
501	534	PC	11.703091818989
501	538	PC	1334.80255920668
501	605	PC	40.557348486838
501	807	PC	9.93089878081384
501	904	PC	14.1850203790633
501	906	PC	12.6826218289374
502	403	PC	12157.8530725946
511	58	PC	2.58111978482225
517	58	PC	2.79111238314964
517	4001	PC	1.36542272455026
521	60	PC	5.44941381703097
528	1173	PC	8304.79490337468
529	226	PC	81703.0148537968
544	805	PC	11307.8870641987
602	52	PC	425.124626646567
602	219	PC	8774.9585938493
602	220	PC	8.17532564199026
602	301	PC	24048.8171456961
602	306	PC	7546.84718969138
602	602	PC	33.1597154267986
602	624	PC	2.26288973203205
602	625	PC	8.33002145649864
602	626	PC	15.3963680996826
602	627	PC	2.22227187867996
602	704	PC	21073.1984932365
602	709	PC	52510.3971106662
602	713	PC	2.47254550373537
602	806	PC	13009.8825298016
602	1573	PC	8395.54528943821
602	4001	PC	1.26335098968784
604	417	PC	21.7758866636428
604	626	PC	2298.41964872874
604	1235	PC	30.9119255380725
604	1430	PC	25.4626654035761
604	1677	PC	331.376570855711
604	1804	PC	149.500847038255
604	1853	PC	66.1952884033922
604	1874	PC	3.02856106570762
605	226	PC	17278.6435416959
605	235	PC	2270.72349567995
605	806	PC	15921.062038638
605	1003	PC	4.68359038760274
618	906	PC	.953928032963061
618	1102	PC	1.52506773930173
618	1173	PC	1.14013543215123
618	1256	PC	.961715672093184
618	1275	PC	1.32894157732632
618	1445	PC	8.41974136813178
618	1502	PC	.935081118201102
618	1504	PC	1.38279849341032
618	1515	PC	1.35943437294302
618	1674	PC	1.01688475856648
618	1805	PC	2.52942611240174
620	1276	PC	1.56663844481558
622	220	PC	7.51519288473984
622	602	PC	30.3393044059826
622	624	PC	2.35282719426379
622	625	PC	8.01666433173924
622	626	PC	14.8306114737665
622	627	PC	2.20364563665062
622	713	PC	2.38176588045573
624	231	PC	2.50265200804281
624	624	PC	3366.18399360295
624	704	PC	18964.4419296245
625	602	PC	3134.67822003415
625	626	PC	2267.86856907764
626	50	PC	205.575280488649
626	58	PC	18.529147848755
627	52	PC	1.33353715578161
627	104	PC	3367.57939313456
627	106	PC	62621.6348418739
627	219	PC	35067.4636543763
627	602	PC	24775.8022583579
627	626	PC	9291.8867869916
627	627	PC	27711.2927440293
628	5101	PC	61.1742623673289
633	529	PC	.985530793639665
633	906	PC	.788798044559555
633	1102	PC	1.50034626554366
633	1173	PC	.73394754340747
633	1275	PC	.823378797440867
633	1504	PC	1.40484517213427
633	1514	PC	2.51599646086627
633	1515	PC	.835867954502697
633	1671	PC	1.0320484246551
633	1805	PC	2.53046580269148
704	624	PC	22395.4816153897
704	806	PC	3852.95275173818
704	4001	PC	1.68103430572356
706	56	PC	4.63584556755927
706	58	PC	28.2115168308974
706	62	PC	4.17442685374573
709	1102	PC	3429.85287372601
709	4001	PC	24.0691067858653
709	5101	PC	22.3175990150629
711	501	PC	14738.9396627463
711	502	PC	5707.67320121312
711	522	PC	5641.03536143083
711	805	PC	6165.60230155265
711	1432	PC	4812.52733516358
719	720	PC	2104.82234668261
719	4001	PC	1.86450827214449
722	4001	PC	1.53394380397275
728	58	PC	28.2501253355226
728	4001	PC	1.65545734466163
805	52	PC	5608.55718079644
805	104	PC	28548.2232906307
805	105	PC	1066.00257671198
805	106	PC	14161.6298664694
805	217	PC	543.5241266262
805	219	PC	4078.07185228749
805	230	PC	36.0245962734558
805	231	PC	1518.92718823513
805	233	PC	8837.67390568033
805	235	PC	11043.0360543206
805	301	PC	350100.426003088
805	302	PC	109605.734273887
805	303	PC	6.078300951672
805	305	PC	59.263434278802
805	306	PC	1397.06603425413
805	309	PC	1799.22948084105
805	418	PC	6141.59028530676
805	513	PC	4090.77682384506
805	544	PC	6528.01891944838
805	545	PC	3442.72765227659
805	602	PC	152086.59155459
805	604	PC	1.61943153201143
805	625	PC	37.3974006082203
805	626	PC	27.4462088390982
805	627	PC	83501.3532315307
805	702	PC	1769.40656221655
805	704	PC	53.9368458662227
805	706	PC	89.5428013904016
805	709	PC	20.7520643781962
805	815	PC	2195.26047094614
805	906	PC	142.930548329138
805	926	PC	4.26730268707234
805	1003	PC	35.982214960135
805	1004	PC	6.80169285063546
805	1017	PC	1003.31832027787
805	1037	PC	42546.6017627411
805	1072	PC	1609.91047235404
805	1073	PC	6548.91540101678
805	1102	PC	5787.68216110867
805	1106	PC	7186.78440321938
805	1124	PC	84725.5938900386
805	1127	PC	5.26038012939361
805	1149	PC	4311.96341789688
805	1154	PC	6922.32434951147
805	1171	PC	107.659320783625
805	1172	PC	5318.07000209495
805	1173	PC	929.947621386797
805	1211	PC	46.3941530489601
805	1263	PC	15487.5757142918
805	1271	PC	101448.179921222
805	1273	PC	30564.4326883462
805	1401	PC	2634.33375262494
805	1424	PC	3940.02901384206
805	1432	PC	51.8580569631768
805	1502	PC	283.732997721807
805	1503	PC	3500.19362387729
805	1504	PC	12881.9248932295
805	1511	PC	6464.90341460859
805	1535	PC	49.303875692858
805	1548	PC	2923.7827276958
805	1554	PC	33.1877064760547
805	1671	PC	29365.4697309598
805	1675	PC	556.551280694126
805	1676	PC	12.4576885504208
805	1677	PC	7032.47843842666
805	1719	PC	809.389954474698
805	1804	PC	51.0580096863864
805	1813	PC	3745.05836497677
805	1833	PC	4942.64784860972
805	1850	PC	1887.8231591075
805	1913	PC	35.2854370397658
805	1972	PC	50.5426805095213
805	2004	PC	211.33914325932
805	2012	PC	47.5040705203784
805	3001	PC	2.12442621648745
805	4001	PC	61360.9272638352
805	5101	PC	4514.86817923104
805	5605	PC	176.86314719746
805	5730	PC	9.70252374907695
805	5760	PC	1084.44361595452
805	5800	PC	27.6015476433219
805	5820	PC	3342.01298114153
805	5830	PC	83431.0421280518
805	5831	PC	49456.2158352675
805	5840	PC	30.8681528231279
805	5850	PC	62124.7171302894
805	5870	PC	31.3506134820793
805	5890	PC	20540.5626402162
806	58	PC	40.1028763200172
806	101	PC	19.9978061255462
806	105	PC	1.30928676622107
806	106	PC	35.5866570581539
806	228	PC	533.793557036531
806	301	PC	435.994955289049
806	305	PC	.933097794800855
806	311	PC	1.94877664391063
806	402	PC	1.27571453597873
806	423	PC	8.45555285508513
806	502	PC	16.916690424357
806	602	PC	90.6549689849225
806	604	PC	1.09546952055267
806	605	PC	1.61175368036926
806	625	PC	43.9213976923467
806	709	PC	16.082849893102
806	716	PC	6.87781855807382
806	811	PC	1.11642106271005
806	815	PC	1.20911332983461
806	906	PC	86.727190865859
806	1071	PC	75.6362449586946
806	1074	PC	20.1583987104366
806	1101	PC	1.9308547288348
806	1121	PC	3.74251264863469
806	1173	PC	279.413493010525
806	1238	PC	22.7567767297868
806	1271	PC	209.367110427109
806	1272	PC	2.43686814639449
806	1416	PC	133.521427458384
806	1504	PC	4.47863428165459
806	1539	PC	5.15648063436066
806	1671	PC	12.9553732080102
806	1677	PC	3.39432374899035
806	1702	PC	1.1778023132926
806	1721	PC	4.79023138113159
806	1804	PC	15.4268840183039
806	1812	PC	.740397205992954
806	1833	PC	32.6608030505918
806	1860	PC	2.74821161301944
806	1971	PC	66.673323225326
821	1677	PC	264.63544264431
821	1804	PC	115.61714417562
821	1849	PC	109.539008270758
821	1853	PC	29.8992832666047
821	1874	PC	22.3448600774212
904	231	PC	5.51241017970348
904	1134	PC	2.9364294424378
906	1134	PC	6.61018884144911
926	904	PC	10.5726212598868
926	906	PC	1.89042490599672
926	919	PC	3.30570172955108
926	926	PC	8.21866800383621
926	928	PC	5.58902338658229
926	1002	PC	3.76787691135281
926	1014	PC	2.6315882665992
926	1017	PC	2.07359312785252
926	1018	PC	8.88506850954843
926	1032	PC	19164.7467905782
926	1034	PC	.991205950185448
926	1071	PC	7.84685086182998
926	1074	PC	15.734827747089
926	1122	PC	.783710522993167
926	1833	PC	14.0558500134845
926	5800	PC	21.2836031104901
926	6010	PC	79.5821681522671
1003	105	PC	398.171988967045
1003	220	PC	1.21983010934753
1003	235	PC	1.56919097892774
1003	302	PC	135.667070891774
1003	305	PC	2256.66968975235
1003	306	PC	3981.21191021444
1003	307	PC	222.416730429104
1003	412	PC	56.2035047747832
1003	427	PC	1.1970903688452
1003	502	PC	293.029602805608
1003	602	PC	2135.66780753379
1003	605	PC	2.09486396274524
1003	704	PC	.935188292799238
1003	706	PC	427.112269235385
1003	709	PC	180.295472302181
1003	716	PC	1867.21228408163
1003	806	PC	702.027000657012
1003	807	PC	830.885437324811
1003	1014	PC	899.644186841598
1003	1018	PC	799.62510820825
1003	1074	PC	2388.82462616391
1003	1106	PC	732.648775157369
1003	1149	PC	1968.76110262639
1003	1222	PC	417.61744440572
1003	1238	PC	380.000549310837
1003	1243	PC	488.378196550093
1003	1271	PC	888.842252239905
1003	1272	PC	678.948503246682
1003	1273	PC	1009.42587242994
1003	1274	PC	211.682014953087
1003	1275	PC	1.3861706552789
1003	1401	PC	361.284546474691
1003	1432	PC	2.21343362959268
1003	1503	PC	1.36934993436312
1003	1504	PC	394.899160843185
1003	1520	PC	1775.62743979837
1003	1532	PC	1693.69348590306
1003	1548	PC	1303.97623256115
1003	1677	PC	3250.6425218161
1003	1714	PC	111.736957267925
1003	1744	PC	194.871815983392
1003	1841	PC	993.050603308853
1003	1870	PC	133.857086189828
1003	1913	PC	1405.49584957125
1003	1931	PC	1145.051293006
1003	1971	PC	75.4570517657414
1003	2012	PC	1349.74512806816
1071	906	PC	42070.0091612545
1071	926	PC	171.118728297748
1071	1026	PC	17569.7309373446
1071	1032	PC	56448.2913758917
1071	1046	PC	39317.2181862003
1071	1072	PC	227925.841539068
1072	306	PC	1.19156264276676
1072	919	PC	1.60586835678982
1072	926	PC	1.93833589991535
1072	1002	PC	10.382010948547
1072	1014	PC	2.81998643140011
1072	1017	PC	2.7516582616788
1072	1018	PC	19.8913522129969
1072	1034	PC	.742133340037742
1072	1046	PC	1.85284011117469
1072	1071	PC	9.58895237863974
1072	1072	PC	4.14786588372656
1072	1074	PC	9.03370862017802
1072	1638	PC	5.79976451864984
1072	1833	PC	16.9818302314328
1073	805	PC	32.0352273025643
1101	104	PC	6.47723780013349
1101	106	PC	13.7405643730308
1101	119	PC	3.87125715147493
1101	125	PC	6.64791491876388
1101	128	PC	8.37750191218487
1101	136	PC	7.20770475746259
1101	214	PC	.874966550164165
1101	220	PC	.849434763689402
1101	221	PC	4.27548893138002
1101	235	PC	92.1276441742969
1101	237	PC	394.730120135816
1101	311	PC	23.870773103545
1101	402	PC	1208.6775683003
1101	403	PC	15.8636617528572
1101	412	PC	7.21212714752425
1101	415	PC	2.080538513805
1101	417	PC	281.564595629822
1101	420	PC	1.23439604836282
1101	423	PC	3.04833425488018
1101	425	PC	21.0869757346718
1101	427	PC	31.7681768386618
1101	429	PC	6.34545719553986
1101	430	PC	8.27733202794835
1101	432	PC	1.20992189255401
1101	437	PC	9.95606476103576
1101	438	PC	2.14231986624087
1101	441	PC	1.93831750971534
1101	501	PC	5.20626933030089
1101	502	PC	5.55679916564189
1101	511	PC	3.13077944607425
1101	517	PC	11.2074384224502
1101	520	PC	6.17283734279022
1101	533	PC	1.52505378328391
1101	534	PC	12.7224073907871
1101	538	PC	1.14037933190115
1101	540	PC	1.31930601054232
1101	542	PC	5.63942234023592
1101	604	PC	17.6918138138828
1101	605	PC	1.49332347040336
1101	616	PC	5.66335928613098
1101	618	PC	.910080970019457
1101	623	PC	1.93441834509289
1101	624	PC	8.28755804527549
1101	627	PC	1.27267023793937
1101	701	PC	4.51591201289785
1101	702	PC	17.5630224334389
1101	704	PC	15.8073031972652
1101	706	PC	15.498633999924
1101	709	PC	26.0529974737413
1101	716	PC	32.3405222317015
1101	722	PC	2.61754775319019
1101	806	PC	17.0942989016643
1101	807	PC	5.48676653404479
1101	821	PC	3.63594119647828
1101	826	PC	2.44681824354862
1101	833	PC	7.90840144422012
1101	928	PC	153.807064764007
1101	1074	PC	142.847121469857
1101	1101	PC	29933.1224163464
1101	1102	PC	135.547203529573
1101	1106	PC	73.2287328468248
1101	1121	PC	1.13336356615634
1101	1135	PC	198.599696494051
1101	1146	PC	1258.23569250969
1101	1154	PC	37.005801555231
1101	1219	PC	6.16677179945306
1101	1221	PC	3.23151415799652
1101	1223	PC	1.50390060898325
1101	1224	PC	13.9007442923458
1101	1228	PC	2.41534260288447
1101	1247	PC	1064.41233198626
1101	1260	PC	16.2532859024435
1101	1263	PC	159.647972419778
1101	1271	PC	745.455726205068
1101	1272	PC	33.8928759417635
1101	1273	PC	35.8750001914975
1101	1274	PC	8.42896690916775
1101	1275	PC	320.629472257832
1101	1276	PC	6.32172518187581
1101	1277	PC	8.42896690916775
1101	1401	PC	7.16364939762615
1101	1416	PC	1.6251382101638
1101	1419	PC	7.03817860419779
1101	1420	PC	6.79890674142173
1101	1424	PC	.923518844025994
1101	1426	PC	1148.6857422774
1101	1429	PC	3.78711010545999
1101	1431	PC	2.9994124432373
1101	1432	PC	11.3655278601877
1101	1438	PC	.835901780439942
1101	1439	PC	254.881707144952
1101	1443	PC	1.88946152595567
1101	1445	PC	1.0139868314761
1101	1449	PC	.944530157371417
1101	1502	PC	7.79058511972471
1101	1503	PC	18.8845858703
1101	1504	PC	300.607511520058
1101	1519	PC	.911348759670126
1101	1523	PC	1.20006011191774
1101	1528	PC	425.41605545998
1101	1529	PC	152.71374061971
1101	1534	PC	80.0772635189499
1101	1634	PC	7.76871352198011
1101	1671	PC	157.969938130875
1101	1677	PC	124.910470021933
1101	1702	PC	1.80496585848379
1101	1711	PC	133.081236686013
1101	1804	PC	3.36485438817371
1101	1805	PC	7.5596119828314
1101	1824	PC	.970238021026232
1101	1833	PC	37.2517311807486
1101	1841	PC	1.25591927524102
1101	1901	PC	1.96033275577946
1101	1943	PC	3.45360577860655
1101	1972	PC	34.0902188603823
1101	2011	PC	2.42992147574705
1101	2012	PC	32.3631269970166
1102	106	PC	6.58808360187176
1102	136	PC	1.96002451949966
1102	211	PC	6.25769356774611
1102	213	PC	4.19386238817762
1102	214	PC	1.51030094046804
1102	217	PC	1.72241874248875
1102	219	PC	751.30887816915
1102	220	PC	.987742289615455
1102	226	PC	2.77683354159682
1102	231	PC	4.85223020043887
1102	235	PC	75.0374192423267
1102	301	PC	53.9276530415624
1102	302	PC	7.23011798339561
1102	303	PC	2.36216246243451
1102	304	PC	4.96759411733582
1102	305	PC	2.65828771426318
1102	306	PC	1.2202855443982
1102	307	PC	2.23352416475358
1102	309	PC	1.2924017827408
1102	311	PC	1.02653470982219
1102	412	PC	1.37331957650189
1102	428	PC	1.14924268741212
1102	438	PC	.966049516742382
1102	544	PC	.940669705932714
1102	618	PC	2.48346673374787
1102	704	PC	.948408173443915
1102	720	PC	1.0697036340773
1102	1071	PC	.957336680928687
1102	1101	PC	18344.8541212871
1102	1102	PC	56901.8595027382
1102	1112	PC	6672.16105360302
1102	1114	PC	20804.8128580977
1102	1119	PC	9179.6057502366
1102	1120	PC	13960.8658035266
1102	1121	PC	18599.0314587355
1102	1122	PC	3149.99906763117
1102	1124	PC	43640.3509115812
1102	1127	PC	2781.75283598317
1102	1141	PC	202.302607609761
1102	1142	PC	1356.08900441138
1102	1172	PC	93032.6100430427
1102	1173	PC	17768.5218940674
1102	1175	PC	13003.0414554321
1102	1224	PC	1.31542683762917
1102	1231	PC	1.58611440138417
1102	1243	PC	1.23497080005186
1102	1244	PC	.914758402403244
1102	1247	PC	1.12328207273341
1102	1263	PC	.97192136127874
1102	1271	PC	23.2440285627046
1102	1272	PC	1.38253959355632
1102	1273	PC	4.0305927914506
1102	1274	PC	4.43882298639833
1102	1275	PC	20.7871903881238
1102	1277	PC	7.44851370632365
1102	1411	PC	.957163849207112
1102	1419	PC	1.58803218091999
1102	1420	PC	2.76434663776258
1102	1421	PC	1.42374333105256
1102	1430	PC	.929164758186443
1102	1431	PC	2.4674766364837
1102	1504	PC	4.5875893552598
1102	1516	PC	4.36442315987866
1102	1624	PC	23.1840044247048
1102	1671	PC	26.0762330148365
1102	1676	PC	2.50711404548109
1102	1719	PC	1.96676595707298
1102	1804	PC	14.6902649671553
1102	1833	PC	1.26225785003851
1102	1870	PC	1.62839027548912
1102	1901	PC	1.14756803154073
1102	1971	PC	33.7874828907783
1102	2012	PC	1.28645069068795
1102	2030	PC	1.86962608504296
1102	5930	PC	38.4527730863668
1114	1101	PC	3157.39216658661
1119	1119	PC	4896.00922044012
1119	5760	PC	36.8439758635205
1120	1119	PC	1468.85195529975
1121	4004	PC	3.28391958783552
1124	301	PC	3395.11829643788
1124	1124	PC	794507.907619813
1124	1172	PC	518005.152576673
1124	4001	PC	139.170369476536
1124	4005	PC	4.6761244144116
1124	6030	PC	3.13133331322205
1127	1102	PC	38442.4740660436
1127	1172	PC	103690.547534781
1127	6030	PC	.890690364649828
1130	105	PC	858.250847809347
1130	235	PC	2.01111831281038
1130	302	PC	235.255973115293
1130	305	PC	1598.51278077397
1130	306	PC	5257.26009607166
1130	307	PC	459.710925404463
1130	412	PC	123.570677640252
1130	425	PC	1.04946933217773
1130	502	PC	611.381431290418
1130	602	PC	3445.56766570995
1130	605	PC	1.42827941037253
1130	706	PC	1034.02978895396
1130	709	PC	393.802428922269
1130	716	PC	3809.32191422791
1130	806	PC	2110.60758967979
1130	807	PC	457.613797289046
1130	901	PC	1.61836387303363
1130	1014	PC	873.394072738862
1130	1018	PC	2664.68113394025
1130	1074	PC	2654.40337824906
1130	1106	PC	1819.59085879771
1130	1149	PC	2094.90293015207
1130	1222	PC	603.303016597163
1130	1238	PC	1172.82693314784
1130	1243	PC	596.35472093759
1130	1271	PC	217.72277063879
1130	1272	PC	700.906750913558
1130	1273	PC	2525.3147074813
1130	1274	PC	544.579080060274
1130	1275	PC	5.7043365907363
1130	1401	PC	1882.52315751842
1130	1432	PC	1.1642770456657
1130	1449	PC	.951510357614912
1130	1503	PC	2.77469934023553
1130	1520	PC	2345.47696141323
1130	1532	PC	1644.47815291204
1130	1548	PC	705.544277415309
1130	1677	PC	6800.91049816414
1130	1714	PC	86.9676770895592
1130	1717	PC	355.346090301738
1130	1744	PC	620.351105219804
1130	1841	PC	1045.17157977216
1130	1870	PC	799.314811690447
1130	1913	PC	294.967026228094
1130	1931	PC	1813.92493460157
1130	1971	PC	78.6053123892265
1130	2012	PC	908.547039309059
1141	706	PC	2808.19247010278
1141	1120	PC	3582.61926250073
1141	1122	PC	666.219171979371
1141	1141	PC	17092.7088184729
1141	1142	PC	1341.23863535462
1141	1146	PC	2853.33629401969
1141	1149	PC	3857.47289976044
1141	1224	PC	596.345982708572
1149	1004	PC	104511.179184339
1172	1034	PC	18821.2720415251
1172	1101	PC	28345.532990035
1172	1102	PC	4205.49867624575
1172	1129	PC	110536.822210849
1173	4001	PC	7.01418662161739
1211	1401	PC	.6632891435578
1228	512	PC	12.4622098433539
1228	1444	PC	2.54903483043338
1228	1449	PC	32.2063203389536
1228	1804	PC	2.37530709164833
1241	512	PC	11.5694593814638
1241	1444	PC	2.80863662932908
1241	1449	PC	29.3353531045566
1241	1804	PC	2.65377126312009
1243	219	PC	1.96330319028378
1243	220	PC	1.13905479349027
1243	437	PC	.741481626537316
1243	602	PC	7.0176070761584
1243	625	PC	3.3093514274663
1243	1002	PC	10.7744184608394
1243	1071	PC	6.12432522383772
1243	1401	PC	9.90532479462345
1243	1422	PC	1.0755605357722
1243	1515	PC	7.15683895690369
1243	1516	PC	2.35669076969161
1243	1517	PC	12.4289880458406
1243	1519	PC	1.89180878558607
1243	1520	PC	2.35739747182519
1243	1524	PC	11.5262953752621
1243	1529	PC	.749466580441448
1243	1638	PC	6.18315228825599
1243	1663	PC	1.27963913143078
1243	1671	PC	30.1310391400622
1243	1674	PC	15.339438107668
1243	1677	PC	7.86637851675284
1243	1714	PC	2.57683182792136
1243	1721	PC	.853902389811351
1243	1804	PC	12.552338074558
1243	1865	PC	.913363424020318
1246	928	PC	7333.62165993288
1247	1243	PC	7377.4382542489
1247	4004	PC	.823475447390008
1253	1263	PC	2582.02127897061
1253	1271	PC	5321.32252701016
1263	106	PC	1.44261114136787
1263	119	PC	2.12036810938425
1263	211	PC	1.46020088144926
1263	220	PC	5.62465257025496
1263	309	PC	1.69973349673042
1263	425	PC	4.88574200125847
1263	501	PC	6.25940118518993
1263	514	PC	.637845755937618
1263	536	PC	1.17052893451968
1263	541	PC	1.25272057799767
1263	542	PC	.983630110888188
1263	709	PC	2.95272257698609
1263	805	PC	1.29260416087311
1263	806	PC	1.12649989630945
1263	807	PC	4.09176818327045
1263	822	PC	3.02521382410048
1263	1101	PC	2.9334628048772
1263	1102	PC	12.7190027745746
1263	1114	PC	1.02692648750566
1263	1224	PC	1.20258281164766
1263	1420	PC	1.11604134281366
1263	1449	PC	2.92785750017736
1263	1511	PC	1.79080578958246
1263	1546	PC	1.91622288679208
1263	1714	PC	1.394352333553
1271	709	PC	19.3096581080929
1271	1106	PC	7859.60395837565
1271	1235	PC	45251.2099302
1271	1241	PC	32934.0108864347
1271	1243	PC	13665.2911613675
1271	1271	PC	15840.2419103537
1271	1432	PC	8216.85507593391
1271	1443	PC	17546.8236753012
1271	1449	PC	39153.2351867814
1271	4001	PC	19.0915549247092
1273	545	PC	7735.22545699729
1273	805	PC	69.768960312852
1273	1171	PC	90.936458543882
1273	1243	PC	.781443074115498
1273	1246	PC	9.37567535878395
1273	1247	PC	11.6555271399302
1273	1251	PC	4.44794580771329
1273	1263	PC	2.156377838353
1273	1271	PC	51.2786031329398
1273	1272	PC	5.25101600625048
1273	1273	PC	21.8641817525072
1273	1274	PC	59.8319054174687
1273	1275	PC	20.4717267723997
1273	1277	PC	44.4844347332245
1273	1420	PC	7879.63808715466
1273	1422	PC	7935.73741411982
1273	1671	PC	198.626057548009
1276	128	PC	5.37017046607467
1276	219	PC	.98165159514189
1276	220	PC	4.55621917396109
1276	437	PC	2.22444487961195
1276	602	PC	7.06470511022658
1276	625	PC	2.48201357059972
1276	1002	PC	16.1616276912591
1276	1071	PC	5.21536211275718
1276	1401	PC	12.4573517067753
1276	1515	PC	9.81538585580356
1276	1516	PC	6.29236435507659
1276	1517	PC	22.6685189594766
1276	1519	PC	4.24378727577415
1276	1520	PC	1.57159831455013
1276	1524	PC	10.5604047013575
1276	1638	PC	1.65620150578285
1276	1671	PC	20.8599501738892
1276	1674	PC	10.872458878512
1276	1677	PC	4.07366030331843
1276	1714	PC	8.58943942640453
1276	1721	PC	1.53471645736364
1276	1828	PC	3.58031899801253
1277	1272	PC	5214.89607660052
1416	58	PC	23.3865472382204
1420	105	PC	1.14675485191435
1420	106	PC	1.81970450205676
1420	119	PC	3.5894948683819
1420	211	PC	1.34513119925585
1420	220	PC	2.95263540179668
1420	309	PC	2.57041770900948
1420	501	PC	4.22699162429896
1420	514	PC	.537811908320735
1420	709	PC	1.22640247443323
1420	805	PC	1.48305273159135
1420	814	PC	1.2113481956592
1420	822	PC	5.9533047021132
1420	826	PC	.873451670198701
1420	1101	PC	1.79726733085292
1420	1102	PC	8.90973498640167
1420	1224	PC	2.58369178672612
1420	1241	PC	1.17028460174179
1420	1420	PC	2.48026860244606
1420	1449	PC	2.62137702229258
1420	1511	PC	.61030509545762
1420	1714	PC	3.73322406171702
1422	1422	PC	5692.06813937995
1426	512	PC	7.94852832805841
1426	1444	PC	2.53925698938906
1426	1449	PC	32.5105505375712
1429	306	PC	2.5183440131979
1429	616	PC	1.99924963066666
1429	819	PC	3.11299073494227
1429	822	PC	1.02635582796881
1429	928	PC	.834895673191762
1429	1037	PC	1.0714899218428
1429	1075	PC	4.10959013727119
1429	1120	PC	1.28422502836134
1429	1149	PC	1.26269095374145
1429	1173	PC	1.06463807964065
1429	1224	PC	2.18601516293601
1429	1228	PC	1.16316397341135
1429	1231	PC	.94644522425185
1429	1424	PC	3.84033190777813
1429	1554	PC	.756926600603678
1429	1632	PC	1.08251856905196
1429	1703	PC	2.70912731181587
1429	1725	PC	1.35624834777705
1429	1744	PC	1.48143871982839
1429	1804	PC	5.21813411076482
1429	1805	PC	1.06719245444037
1429	1813	PC	2.22763142311086
1429	1820	PC	2.06427420602397
1429	1833	PC	3.40263385591181
1429	1834	PC	1.51223497894782
1429	1836	PC	1.09891521497465
1429	1841	PC	3.464909902773
1429	1868	PC	2.85556569507336
1429	1917	PC	1.4800480415467
1429	1924	PC	1.04413666146545
1429	1926	PC	1.05635546470381
1429	1936	PC	1.67748214303919
1429	1938	PC	2.54816150399321
1429	1971	PC	7.43510242339625
1429	2018	PC	1.9998536101066
1432	1420	PC	7545.8842416411
1432	1422	PC	7588.04026323522
1432	1426	PC	8375.20801410209
1432	1428	PC	8555.34507820856
1432	1432	PC	16560.6056366296
1432	1504	PC	8696.28341682741
1439	306	PC	1.23301512442842
1439	428	PC	.904173308056376
1439	821	PC	2.06418065181107
1439	928	PC	.807996587028487
1439	1075	PC	3.22086477171872
1439	1173	PC	1.01719030015366
1439	1224	PC	1.61344387537736
1439	1228	PC	1.00308022445946
1439	1231	PC	.932578456291466
1439	1424	PC	1.62962110022167
1439	1554	PC	.914782837836291
1439	1703	PC	2.33061047388556
1439	1729	PC	1.00478224147555
1439	1804	PC	4.69912806019859
1439	1805	PC	1.09206903277576
1439	1813	PC	4.32922259524469
1439	1833	PC	5.71135755745418
1439	1834	PC	1.5191025268674
1439	1836	PC	.702407666691242
1439	1845	PC	1.08939033745683
1439	1848	PC	2.15753883668746
1439	1851	PC	1.50466385364353
1439	1859	PC	1.10951614171978
1439	1860	PC	3.70827598058566
1439	1901	PC	1.07387044732984
1439	1928	PC	1.31392255869836
1439	1938	PC	1.89785823495111
1439	1971	PC	7.84080407436457
1439	2004	PC	2.04717179451491
1443	219	PC	1.10991260602144
1443	306	PC	5.78631972415407
1443	428	PC	1.35625996208456
1443	437	PC	.98644586308196
1443	602	PC	1.61479443006198
1443	605	PC	1.71159228186061
1443	618	PC	1.07411778105535
1443	819	PC	1.34435012342704
1443	826	PC	2.28775129278927
1443	827	PC	3.87074770950421
1443	828	PC	.972826449619028
1443	928	PC	.807996587028487
1443	1037	PC	3.90738139538019
1443	1075	PC	9.08034608858792
1443	1173	PC	3.8114718893993
1443	1223	PC	1.18156308793743
1443	1228	PC	3.84961091490415
1443	1231	PC	.932578456291466
1443	1412	PC	1.58704591425367
1443	1424	PC	1.69173670269649
1443	1428	PC	3.0645907105219
1443	1703	PC	4.79297085760091
1443	1729	PC	1.50717336221332
1443	1736	PC	1.37584142319276
1443	1740	PC	1.65495839248263
1443	1804	PC	5.40062643289206
1443	1813	PC	6.51740645299886
1443	1820	PC	2.08376410225841
1443	1822	PC	1.76578036166927
1443	1828	PC	2.50811042525883
1443	1832	PC	2.0896995706301
1443	1833	PC	3.37396923322916
1443	1834	PC	4.41420371937555
1443	1836	PC	2.79558251343114
1443	1841	PC	2.7285235769122
1443	1845	PC	1.08939033745683
1443	1848	PC	1.07876941834373
1443	1851	PC	1.00310923576235
1443	1859	PC	1.8078917842236
1443	1860	PC	3.70827598058566
1443	1865	PC	3.0730124440544
1443	1866	PC	3.30927795057776
1443	1868	PC	2.32737121762234
1443	1901	PC	1.61080567099475
1443	1917	PC	1.36415171625243
1443	1924	PC	1.53290480224393
1443	1928	PC	1.31392255869836
1443	1936	PC	1.200285604268
1443	1938	PC	3.40804420849452
1443	1940	PC	1.17831532437935
1443	1971	PC	21.0679342353297
1443	1972	PC	1.4679130915477
1443	2002	PC	2.09745345131598
1443	2004	PC	4.85169793627362
1443	2017	PC	1.30157328183762
1443	2018	PC	3.09813459020488
1443	2020	PC	1.2508784158241
1444	1502	PC	1.39605638862694
1449	1444	PC	1614.79922665066
1449	1445	PC	599.786631877646
1449	1449	PC	24983.9075918449
1502	1502	PC	25008.7427249883
1502	1547	PC	16109.6861137055
1502	1548	PC	17191.0725376628
1502	5790	PC	.753337751687706
1503	121	PC	36.6133649175415
1503	309	PC	6.45243241596863
1503	605	PC	1.23607842366124
1503	1119	PC	3.71532180501641
1503	1401	PC	2.2820130141449
1503	1443	PC	24.1595360507414
1503	1648	PC	.70443700153036
1504	1535	PC	8441.1968917166
1504	2004	PC	6592.42219070277
1504	4004	PC	4.78454482573606
1514	1251	PC	15312.5080377947
1520	1502	PC	2.3358893120963
1520	5850	PC	11.5590096164514
1528	51	PC	1.10728037395606
1551	135	PC	24917.7196788679
1551	417	PC	25449.5466051319
1551	436	PC	4215.2367343195
1551	814	PC	15080.9972470185
1551	826	PC	18379.9411156592
1551	828	PC	5550.09750774153
1551	1263	PC	15785.4971220401
1551	4001	PC	6.34495699950875
1554	1211	PC	9.32158916483332
1557	1503	PC	8639.74225379965
1563	61	PC	8.32836643453958
1617	1617	PC	3887.88933028825
1621	1825	PC	2.64310538274296
1624	1865	PC	1.16888233783158
1634	50	PC	306.705960742702
1634	52	PC	54.1856237352215
1634	55	PC	2.20350977617077
1634	56	PC	2.79676240821674
1634	58	PC	79.2971601459676
1634	60	PC	67.404799050557
1634	62	PC	.932254136072247
1634	4001	PC	5.96360145832883
1634	5101	PC	52.9096597409004
1634	5102	PC	8.60216316466665
1634	5106	PC	18.7891583606561
1634	5204	PC	5.08502256039408
1634	5403	PC	33.4895819144176
1634	5501	PC	3.64426616828242
1634	5800	PC	21.9503473857011
1634	5820	PC	8.46279587967807
1634	5840	PC	.74862832139135
1634	5880	PC	18.9417090374679
1634	6030	PC	10.593797000821
1640	62	PC	15.5375689345375
1648	1825	PC	1.53213685980867
1653	1677	PC	2385.79562076063
1671	1621	PC	16321.9675445326
1671	1677	PC	124633.865812644
1671	1744	PC	24087.0222104668
1675	1677	PC	1760.08652730157
1677	1675	PC	1760.08652730157
1677	1677	PC	2640.12979095236
1714	62	PC	.741094954635211
1714	1663	PC	4.85223871405722
1714	1664	PC	1.30079417031767
1714	1665	PC	6.32336569801384
1714	1714	PC	12.3137550427861
1714	1717	PC	.921156206051665
1714	1719	PC	1.20627628371985
1721	51	PC	112552.916504961
1721	58	PC	7943.75111795107
1721	306	PC	12.4768284029502
1721	604	PC	7389.83153619774
1721	3001	PC	18889.6599994136
1721	5403	PC	130913.127903225
1729	136	PC	6686.08456593961
1729	627	PC	27531.7115845869
1729	805	PC	26869.5108092324
1729	1102	PC	3887.49918500563
1729	1228	PC	6685.6551521725
1729	1271	PC	7453.70618047207
1729	1432	PC	5843.76337823439
1729	1502	PC	15144.4549921967
1738	50	PC	32.4424439353142
1751	104	PC	.583682629149317
1804	1804	PC	41.3460327185817
1804	1813	PC	11.7985572460461
1804	1834	PC	47.263751620543
1804	1835	PC	26.6847677126653
1804	1849	PC	46.7442260041046
1804	1860	PC	12.3709003141924
1804	1865	PC	63.5869448814138
1804	1866	PC	11.5008064977859
1804	1871	PC	2.65647510712631
1804	1931	PC	206.537141223814
1804	1941	PC	89.6204646560666
1804	1971	PC	1.27276352858465
1804	1972	PC	376.921816039512
1804	2002	PC	299.576279450671
1804	2003	PC	228.881650414162
1804	2004	PC	284.690054337291
1804	2012	PC	49.6497588649819
1804	2014	PC	62.3790325002564
1804	2018	PC	15.9617893267775
1804	2019	PC	145.250950282906
1804	2023	PC	44.9453107811532
1804	2028	PC	276.16635894332
1804	2030	PC	291.53480005217
1832	1677	PC	3.22654772214274
1833	51	PC	29240.9607650393
1833	1850	PC	4.12130394725853
1833	5850	PC	206.144574031168
1833	5880	PC	5.88237528941189
1841	4001	PC	32.087652383601
1845	805	PC	281050.200403443
1845	1246	PC	6888.69963998974
1845	1263	PC	8123.4691852741
1845	1271	PC	10629.2423608337
1845	1273	PC	3822.94670846066
1845	1671	PC	2112.34157915213
1845	1833	PC	970.711969636148
1850	104	PC	39.1000953746659
1850	136	PC	45.0452197803865
1850	217	PC	180.885974352143
1850	219	PC	62.3698881135567
1850	230	PC	34.632351315086
1850	231	PC	665.450630137859
1850	235	PC	3.41609378688513
1850	237	PC	10.8713463898588
1850	305	PC	157.497751480281
1850	306	PC	17625.0071198333
1850	309	PC	49.3970220551792
1850	403	PC	1.2089386214896
1850	602	PC	1653.38891395084
1850	626	PC	6.13297484412334
1850	805	PC	1363.88607743049
1850	806	PC	1125.18975519321
1850	1124	PC	47.6939031266112
1850	1274	PC	13.404447644037
1850	1502	PC	459.948917060114
1850	1671	PC	1310.34747461988
1850	1676	PC	6.58603966301093
1850	1677	PC	12.0744060488534
1850	1804	PC	490.28906942492
1850	1805	PC	9.79759180811653
1850	1833	PC	5298.87687231254
1850	1850	PC	2583.66011664878
1850	1901	PC	40.5736785525273
1850	1931	PC	7.22465677219411
1850	1971	PC	8.07775027837966
1850	1972	PC	4.95087920287786
1870	1676	PC	4.0520716538269
1870	1972	PC	5.35233721089837
1871	5930	PC	51.2686840051314
1901	104	PC	803.718499671551
1901	217	PC	540.241869213134
1901	219	PC	4162.97090050738
1901	230	PC	74.2182477566032
1901	231	PC	1522.30164534908
1901	233	PC	7836.43732799511
1901	235	PC	1238.90197117243
1901	237	PC	36.8473885970954
1901	302	PC	39.8953603530913
1901	305	PC	58.9055516440552
1901	306	PC	768.845051608792
1901	309	PC	615.096874373379
1901	403	PC	1.35672518324329
1901	418	PC	8252.37386788509
1901	625	PC	23.8643170428899
1901	626	PC	36.1070089957899
1901	627	PC	3102.24626687188
1901	706	PC	92.1947391248219
1901	709	PC	21.3666663533088
1901	805	PC	639.709532626765
1901	926	PC	4.24153311182756
1901	1003	PC	72.7908239017822
1901	1004	PC	14.355900988851
1901	1017	PC	997.259437455427
1901	1072	PC	631.292193919
1901	1102	PC	87.6430811693423
1901	1124	PC	1849.11994514142
1901	1154	PC	222.941591274031
1901	1171	PC	109.000051459655
1901	1172	PC	129.406453787719
1901	1211	PC	44.6706624744803
1901	1271	PC	217.605124602377
1901	1273	PC	71.9962097970151
1901	1274	PC	19.8176095620022
1901	1418	PC	1.72020344042386
1901	1432	PC	126.519174576947
1901	1502	PC	64.0541909348083
1901	1504	PC	32.4359393587807
1901	1671	PC	23632.1753488869
1901	1676	PC	6.19122925630767
1901	1677	PC	681.68248307064
1901	1804	PC	30.9147650650216
1901	1805	PC	10.0475562604641
1901	1833	PC	1162.16999461659
1901	1850	PC	1748.13600201288
1901	1901	PC	55.7909926752011
1901	1971	PC	16.5676733567861
1901	1972	PC	16.1935646035684
1901	2012	PC	85.63340305091
1913	1850	PC	4516.32381765764
1913	1860	PC	17035.5155931567
1924	301	PC	20.8091472609064
1924	403	PC	86.7306357940755
1924	716	PC	92.866634134667
1924	806	PC	31.4247092546978
1924	906	PC	24.8332288470897
1924	1130	PC	18.3861100702441
1924	1529	PC	13.367432914661
1924	1531	PC	47.93969845787
1924	1825	PC	32.7854206333865
1924	1837	PC	72.778951455685
1924	1917	PC	97.7888051295019
1924	1919	PC	1156.55132483426
1924	1920	PC	111.478505481243
1924	1922	PC	14286.9937058064
1924	1923	PC	338.602874318748
1924	1924	PC	7058.65785030082
1924	1925	PC	1254.46916013959
1924	1926	PC	429.244746633049
1924	1927	PC	306.848100430097
1924	1928	PC	464.997379173843
1924	1929	PC	3718.24466895968
1924	1931	PC	4213.33126319909
1924	1933	PC	7805.25623780998
1924	1938	PC	1653.84974348506
1924	1939	PC	2111.03421092221
1924	1940	PC	94.6478031325617
1924	1973	PC	69.3975041862673
1924	2022	PC	101.191675614235
1971	3001	PC	20.1681770129953
1972	826	PC	1.00688318772295
1972	1933	PC	16001.6945708939
2011	5101	PC	45.294367621288
2011	5880	PC	22.6001002684181
2012	58	PC	183.806615483045
2012	62	PC	28.2501253355226
2012	3001	PC	56.4060835865936
2012	4004	PC	18.7674999312322
2012	5404	PC	68.0319518330056
2012	5930	PC	25.9901153086808
3001	101	PC	3.08399923020745
3001	106	PC	327.556567196707
3001	123	PC	2176.7142371152
3001	230	PC	7774.24347057055
3001	302	PC	2.24731953272839
3001	626	PC	11.7897093085115
3001	627	PC	8508.71154972419
3001	704	PC	949.874490670756
3001	1129	PC	15.3964331989734
3001	1271	PC	635.525631663011
3001	1273	PC	2.05923402459877
3001	1672	PC	1.71719116552
3001	1677	PC	4.09826070128121
3001	1859	PC	1.29477110460009
3001	1871	PC	174.555751319432
3001	1925	PC	1.14549945864728
3001	1933	PC	31.7216310025058
3001	1938	PC	12.7505551828404
3001	1940	PC	1.29068315528654
3001	1941	PC	1.75295834563752
3001	1971	PC	3.12428177610556
3001	1972	PC	37.3923826362979
3001	1974	PC	2.0760604905529
3001	2002	PC	16.3366893383156
3001	2003	PC	5.97488337319115
3001	2004	PC	.90008752619806
3001	2011	PC	18.1177429686852
3001	2012	PC	20.354371837152
3001	2018	PC	3.38804239146782
3001	2020	PC	10.7635770750422
3001	2021	PC	129.599060879902
3001	2022	PC	6.21568938599323
3001	2023	PC	1.60707444557216
3001	2025	PC	25.4024675134357
3001	2027	PC	4.30575441560789
3001	2028	PC	2.12903683117808
3001	2030	PC	50.3479960615578
4001	104	PC	3.25729706015471
4001	105	PC	2944.10142697037
4001	119	PC	254.107132764773
4001	213	PC	6.95579660973879
4001	214	PC	5.38702763777342
4001	217	PC	17.0669698866066
4001	219	PC	6.88088751496315
4001	220	PC	11.9523814003015
4001	226	PC	22.2742297804039
4001	230	PC	90.5559076614563
4001	235	PC	109.6969368879
4001	237	PC	1818.46585657686
4001	301	PC	1.67272078856488
4001	302	PC	2946.12950023207
4001	303	PC	28.7625687417945
4001	304	PC	65.6773458390546
4001	305	PC	17.3883511320196
4001	306	PC	3618.79025920815
4001	307	PC	4.93871167514363
4001	309	PC	51.1251006072395
4001	311	PC	20.0173177318591
4001	312	PC	45.0882668876945
4001	403	PC	68.6698068878006
4001	417	PC	4.77453372307218
4001	502	PC	1.64865918542556
4001	529	PC	85.5783049479567
4001	602	PC	70.3364775936065
4001	623	PC	4.15035447977398
4001	625	PC	48.8504118833171
4001	626	PC	40.7300335265833
4001	627	PC	231353.725494734
4001	628	PC	163.393683172962
4001	702	PC	267.895700828161
4001	704	PC	12481.984753183
4001	706	PC	2.28469319564269
4001	709	PC	37.4747033313933
4001	805	PC	2825.64664993642
4001	806	PC	46.0638157491495
4001	819	PC	1.44265242978117
4001	821	PC	3.46780939192269
4001	901	PC	1.19377954440807
4001	904	PC	.852150409531534
4001	906	PC	2.95954024691066
4001	1002	PC	2.34600249699846
4001	1072	PC	248.452662584053
4001	1075	PC	2200.23915705732
4001	1101	PC	3.58201327326117
4001	1102	PC	2015.8651166308
4001	1106	PC	3.31521465367631
4001	1119	PC	3.91756927377694
4001	1120	PC	4285.76489000085
4001	1121	PC	72.4149709427215
4001	1129	PC	.824034452902801
4001	1149	PC	122.324852594625
4001	1154	PC	.804962914986926
4001	1172	PC	76.4195250854673
4001	1173	PC	11.7509038857443
4001	1231	PC	52.0374363698351
4001	1271	PC	446.839669328169
4001	1272	PC	7.32093686469761
4001	1274	PC	8.2383474993715
4001	1275	PC	5.68935733595452
4001	1277	PC	64.6167595025229
4001	1504	PC	49.2908134975322
4001	1535	PC	3.1250972279352
4001	1571	PC	.961499638657265
4001	1624	PC	65.2407831819592
4001	1634	PC	10.4803914756422
4001	1671	PC	2.60951728903128
4001	1674	PC	49.6452231603014
4001	1714	PC	131.850461456197
4001	1866	PC	1.72178102968948
4001	1931	PC	12.4023096603615
4001	2003	PC	92.0241220633206
4002	119	PC	40.7648813138657
4002	230	PC	195.336101225947
4002	237	PC	122.096141440193
4002	529	PC	468.703045039329
4002	1119	PC	103.024474028656
4002	1122	PC	3.49510293472435
4002	1149	PC	4.00878536739474
4002	1172	PC	7.2770167629433
4002	1221	PC	8.81346780949605
4002	1223	PC	6.83719367647586
4003	304	PC	6.12905327107742
4003	306	PC	1.4684190128623
4003	309	PC	18.3304093199815
4003	311	PC	5.67504932507168
4003	626	PC	1.41339455260673
4003	1072	PC	1.68669565585842
4003	1102	PC	281.733374283058
4003	1172	PC	1.79009730284852
4004	233	PC	29.7221601326762
4004	237	PC	152.255140354281
4004	627	PC	28.5645068970309
4004	904	PC	94.1085154653277
4004	1072	PC	7.45704896787761
4004	1120	PC	8.39440382987745
4004	1172	PC	16.0023849800095
4004	1173	PC	2.44104177661162
4004	1251	PC	1.44694885424884
4004	1931	PC	225.710335526447
4005	220	PC	9.72668663499883
4005	301	PC	.977527246243597
4005	302	PC	1.61313277065162
4005	304	PC	80.8694528822714
4005	517	PC	1.30346401090902
4005	626	PC	2.05584662197343
4005	627	PC	288.849474151499
4005	1124	PC	33.9185212059298
4005	1129	PC	3.8021238791831
4005	1231	PC	5.84061391234178
4005	1805	PC	1.4597149618442
5101	105	PC	19.2708259778133
5101	106	PC	2.06516842850544
5101	123	PC	38.581020378672
5101	124	PC	1.52635926467214
5101	138	PC	39.6325688012604
5101	214	PC	2.79813522415589
5101	217	PC	1.79629161535296
5101	219	PC	1.08480441603979
5101	220	PC	171301.51592517
5101	226	PC	1526.42864441626
5101	230	PC	45.7745004025833
5101	231	PC	1.27087566986556
5101	235	PC	4.70968341515433
5101	301	PC	46.8631385641107
5101	302	PC	317.04798064378
5101	304	PC	1.41876233126792
5101	305	PC	88.7492588701334
5101	306	PC	64.0982633643533
5101	415	PC	.915678633778345
5101	418	PC	565.82928144083
5101	419	PC	61.6700015341932
5101	534	PC	9.89890615369444
5101	602	PC	146491.781487673
5101	626	PC	175.513622337186
5101	627	PC	159.95623608276
5101	713	PC	5.14810364161461
5101	806	PC	327.771966306679
5101	904	PC	1.08209575813528
5101	1004	PC	3.13430715490201
5101	1018	PC	1.33078125042907
5101	1121	PC	10.5771127234257
5101	1124	PC	4565.53777197049
5101	1172	PC	36.5166288437894
5101	1273	PC	71.0499251530514
5101	1277	PC	65.5426385430553
5101	1432	PC	.794513946196034
5101	1511	PC	2.85460419725175
5101	1535	PC	155.58739082266
5101	1620	PC	12.8663782541829
5101	1931	PC	7.37118404342241
5101	1973	PC	32.0522775315657
5102	219	PC	2.54465829272144
5102	226	PC	1015.4155690249
5102	230	PC	78.473865539854
5102	304	PC	31.9221524535282
5102	305	PC	81.3376444515899
5102	602	PC	31.5584484653402
5102	626	PC	1.7902997666352
5102	627	PC	.818471227979723
5102	904	PC	3.39507544114945
5102	1121	PC	21.6802654641313
5102	1124	PC	7077.28788584618
5102	1172	PC	17.8155365663038
5102	1277	PC	15.7822857183437
5103	226	PC	20.6356657505811
5103	306	PC	1.8089219723666
5103	418	PC	149.052105715002
5103	612	PC	1.24330073965402
5103	720	PC	29.4990715582522
5103	1124	PC	1.76658964614218
5104	220	PC	19358.8856613141
5104	302	PC	4.29033728975419
5104	306	PC	1.53226331776935
5104	819	PC	34.0746326936978
5106	105	PC	276.698785216646
5106	214	PC	.86816271701632
5106	220	PC	22974.6555431067
5106	226	PC	1843.0990649736
5106	233	PC	1.26394236523805
5106	304	PC	.934964376305559
5106	305	PC	49.7162696122905
5106	306	PC	50.0766352444325
5106	529	PC	27.8922091173528
5106	602	PC	14910.0017643961
5106	704	PC	39.7220108792494
5106	1120	PC	1.74066357816339
5106	1121	PC	11.0990323228156
5106	1124	PC	2594.82575857517
5106	1172	PC	52.8241440458754
5106	1173	PC	4.87123447866052
5106	1246	PC	128.703730874493
5106	1271	PC	4.38240003178833
5106	1272	PC	2.18908291442953
5106	1273	PC	70.4006807038976
5106	1276	PC	17.642512205267
5106	1277	PC	408.738899969674
5201	211	PC	32.744433427694
5201	219	PC	1.98731387511422
5201	226	PC	6469.70365509613
5201	230	PC	332.501771559071
5201	302	PC	13.5236425416458
5201	309	PC	8.69701309067235
5201	418	PC	5266.04170059265
5201	602	PC	614.330758877462
5201	928	PC	496.106113650988
5201	1121	PC	6.86736314986738
5201	1134	PC	8.46280272611394
5201	1228	PC	20.1986466313416
5201	1273	PC	3.7260985777524
5203	302	PC	1.91532914721169
5203	306	PC	9.38653158366856
5203	806	PC	5.7841121186217
5402	305	PC	32.3690625878776
5402	501	PC	2.83664873080396
5402	806	PC	12.3329843305595
5403	105	PC	1926.64339336035
5403	211	PC	644.786230383117
5403	214	PC	1.23076361229709
5403	230	PC	89.9831057232092
5403	231	PC	5.81587170955426
5403	233	PC	1.25643676924495
5403	301	PC	30.7133669472879
5403	302	PC	122.695985170381
5403	304	PC	34.5042998964358
5403	305	PC	106.242598414667
5403	306	PC	25.6795981959493
5403	403	PC	140.733781445764
5403	418	PC	149.360162531265
5403	805	PC	5.53416843246051
5403	1002	PC	24.454093824645
5403	1074	PC	2.96068918315574
5403	1102	PC	804.986990032281
5403	1124	PC	50.3642930850827
5403	1224	PC	11.5753160358862
5403	1246	PC	26.2443884872977
5403	1271	PC	1.69932677561132
5403	1272	PC	60.9725221814029
5403	1274	PC	1.5525410740635
5403	1277	PC	191.174262256274
5403	1441	PC	53.0295997471532
5403	1504	PC	28.69007919522
5403	1677	PC	2.60645087623571
5403	2012	PC	32.0392890029245
5404	213	PC	.815758345854184
5404	231	PC	3.87724780636951
5404	233	PC	2.27719782430655
5404	305	PC	1318.64594859967
5404	418	PC	91.8009312464098
5404	1526	PC	2.99909008631436
5404	1721	PC	1.22544378380078
5501	101	PC	667.561523588332
5501	211	PC	5364.26120740118
5501	304	PC	36.9005894739473
5501	305	PC	491.310301506424
5501	306	PC	69.4058532456266
5501	307	PC	77.6502811526245
5501	309	PC	42.9487732921425
5501	501	PC	1.43496160135977
5501	709	PC	35.0754682579238
5501	1002	PC	3.22078308909959
5501	1072	PC	6.10679526465052
5501	1504	PC	32.2117517598145
5501	1674	PC	2.37800312296564
5605	106	PC	223.132324884375
5605	219	PC	1034.27285165738
5605	220	PC	10.2988446723517
5605	231	PC	24.6162155173282
5605	301	PC	1.63299544328938
5605	302	PC	2096.37740830479
5605	304	PC	2.89427515578656
5605	305	PC	3.73418245589717
5605	308	PC	7.0228735397762
5605	309	PC	29.2038038268189
5605	502	PC	50.9784467874366
5605	602	PC	3.60913052697912
5605	604	PC	3.36951014383577
5605	626	PC	3.44354309180549
5605	627	PC	27.878047157435
5605	704	PC	1.2486146802117
5605	720	PC	34.7211294235548
5605	806	PC	1.43550380818777
5605	926	PC	35.5057402928255
5605	1074	PC	1.8018335685367
5605	1121	PC	4.80715420490716
5605	1124	PC	315.630683444069
5605	1130	PC	931.568395280685
5605	1172	PC	10.9806195917913
5605	1173	PC	11.0741928598947
5605	1273	PC	40.7471461892848
5605	1277	PC	1.5920603014033
5605	1535	PC	9.93196214260483
5605	1721	PC	2.60390594483806
5700	135	PC	17.0912914539711
5700	211	PC	162.61530896439
5700	220	PC	211.133467758677
5700	301	PC	69.4739538375275
5700	305	PC	592.004120443502
5700	306	PC	23.6904934075117
5700	307	PC	35.7130854026761
5700	309	PC	34.9299285958162
5700	521	PC	17.1190691045999
5700	602	PC	296.733870548139
5700	624	PC	1.55525343311709
5700	626	PC	11.0487479218419
5700	706	PC	4.2784516772335
5700	1172	PC	2.53054664175404
5700	1551	PC	33.0729779939006
5700	1804	PC	1.1843989875883
5710	105	PC	6287.0648848379
5710	106	PC	15550.7906778812
5710	219	PC	37.3555239683124
5710	305	PC	311.561626708766
5710	306	PC	5.26644577366652
5710	309	PC	519.522390463687
5710	612	PC	3.67870748262336
5710	904	PC	1.69077462208638
5710	1121	PC	11.9354771544695
5710	1273	PC	587.142806191287
5710	1277	PC	899.658033192458
5710	1677	PC	19715.2312248005
5710	1804	PC	2.02115868189129
5720	301	PC	19.7931532835187
5720	302	PC	2.93683802572459
5720	709	PC	270.166792552923
5720	806	PC	94.6422188143035
5720	1149	PC	32.3289142531835
5720	1227	PC	756.297411658432
5720	1246	PC	113.409501050324
5720	1277	PC	305.222518156002
5720	1504	PC	407.708863725717
5730	304	PC	1.7025147975215
5730	1017	PC	63.3840503764889
5730	1120	PC	8.66302475243353
5730	1515	PC	1.00367091930239
5740	306	PC	1.7734529140849
5740	602	PC	3.35180677825483
5750	128	PC	4.71909671645519
5750	305	PC	13.3420409632435
5750	403	PC	1.77395522830795
5750	628	PC	1.20283924597293
5760	230	PC	2.76292699625076
5760	502	PC	80.2604872142924
5760	627	PC	396.162307856019
5760	1620	PC	191.643947250275
5770	106	PC	38.6169117434065
5770	136	PC	1.67790099596196
5770	213	PC	9.28507802941887
5770	220	PC	7.79565325893288
5770	301	PC	25.1830313800056
5770	402	PC	.867487728123651
5770	806	PC	6.35662976646198
5790	301	PC	197.751350019116
5790	302	PC	9.82918543102415
5790	306	PC	358.658861057536
5790	901	PC	34.0395987465611
5790	904	PC	25.6997742557129
5790	1172	PC	69.4571314848428
5790	1173	PC	34.3454577969255
5790	2012	PC	47.1933342258624
5800	101	PC	1.70960826891935
5800	136	PC	2.19394052879004
5800	211	PC	53.3888615736055
5800	214	PC	14.9719079341737
5800	219	PC	1.04595467111275
5800	227	PC	5.17674796456049
5800	233	PC	5.34398434708723
5800	235	PC	2.52304468668981
5800	302	PC	215.254620899969
5800	306	PC	46.9440080169929
5800	415	PC	6.86041358849607
5800	602	PC	36.0055306868831
5800	626	PC	7.74368894276659
5800	716	PC	9.2261084977978
5800	904	PC	1.69077462208638
5800	1101	PC	5.74255360383205
5800	1219	PC	2.06997777135745
5800	1221	PC	.924190027245766
5800	1273	PC	6.18193627672557
5800	1275	PC	5.64560390568545
5800	1503	PC	9.86557956163774
5800	1504	PC	146.179517180233
5800	1514	PC	4.79401154275709
5800	1525	PC	.817578577974098
5800	1620	PC	12.0187109809662
5800	1648	PC	45.1503376064738
5800	1653	PC	7.92108033898191
5800	1657	PC	1.06303619927153
5800	1804	PC	7.16837612510778
5800	1818	PC	4.10093837811688
5800	1820	PC	3.55348222919127
5800	1833	PC	35.9061200501616
5800	1871	PC	5.33351511394511
5800	2004	PC	.954970911941844
5810	216	PC	4.91617714492983
5810	217	PC	2.57492904208964
5810	220	PC	10.5849236910281
5810	231	PC	125.795151051099
5810	305	PC	13.620118380172
5810	502	PC	5.22911964901174
5810	627	PC	1.805083404322
5810	906	PC	1.34093585557966
5810	1071	PC	1.04670829707526
5810	1271	PC	1.21521624069879
5810	1438	PC	2.42859329663255
5810	1504	PC	5.93433333151165
5810	1515	PC	1.06208562889141
5810	1662	PC	12.185943490178
5810	1671	PC	6.82276847014642
5810	1672	PC	3.37305407512857
5810	1677	PC	47.5079334417881
5810	1833	PC	8.95715957051617
5810	1870	PC	13.9480276136299
5810	1871	PC	8.21248942337793
5820	119	PC	8.30395730467633
5820	124	PC	1.40161548638397
5820	217	PC	5.33168678646807
5820	219	PC	2.2577678686448
5820	220	PC	.843933105095487
5820	301	PC	2.12814349690188
5820	302	PC	.898076555692593
5820	304	PC	.959083335937114
5820	305	PC	519.082574140994
5820	306	PC	1.21446055556534
5820	309	PC	.87963264538611
5820	502	PC	169.318971455571
5820	602	PC	26.0240084543163
5820	627	PC	26.8761494403325
5820	704	PC	29.2073609406245
5820	709	PC	2.41609152597633
5820	906	PC	2.97985745684368
5820	919	PC	.888351720955225
5820	1173	PC	3.66156266491742
5820	1272	PC	4.59552157922796
5820	1277	PC	2.54052175755845
5820	1502	PC	2.0609464959618
5820	1514	PC	.856073489778052
5820	1535	PC	4.80578813351847
5820	1657	PC	1.61473853053903
5820	1818	PC	.820763650114684
5820	1865	PC	8.17666446177029
5820	1920	PC	11.0392458019836
5820	1971	PC	8.15283222096512
5820	1972	PC	1.25786554266319
5820	2004	PC	2.95272615301559
5820	2019	PC	2.12569823612023
5831	806	PC	227.160409075923
5831	1216	PC	829.898015333289
5831	1648	PC	198.147497782337
5831	1867	PC	2.992308347785
5840	101	PC	3.33401547214908
5840	105	PC	1.75681768391521
5840	106	PC	2.7805914324898
5840	213	PC	1.42757710524482
5840	214	PC	31.5566750477145
5840	215	PC	1.6358566567664
5840	219	PC	4.68438270562638
5840	220	PC	7305.43397410932
5840	221	PC	6.61787177762459
5840	226	PC	5.46486706508876
5840	228	PC	.931408979461912
5840	231	PC	2.23587956833975
5840	235	PC	10.1493677596576
5840	302	PC	2.26718220536614
5840	304	PC	5.39129685881809
5840	305	PC	11.7828211611801
5840	307	PC	11.9176035826505
5840	308	PC	12.9816753311015
5840	310	PC	1.50956312046907
5840	312	PC	34.0502959504301
5840	402	PC	51.1508402899418
5840	502	PC	37.9642065977229
5840	536	PC	4.2451033780055
5840	602	PC	2644.86322279804
5840	612	PC	.914191720333837
5840	619	PC	8.14028808663055
5840	623	PC	73.7700750699957
5840	624	PC	2.31888286877758
5840	626	PC	6.84853905944899
5840	706	PC	4.02174457659949
5840	805	PC	1.44708256048782
5840	806	PC	3.61191280769827
5840	906	PC	25.0890453059616
5840	911	PC	.894703479874605
5840	937	PC	3.7986648563131
5840	1004	PC	5.75876361360199
5840	1037	PC	1.29330554615497
5840	1102	PC	2.94898709757358
5840	1149	PC	3.52255849702687
5840	1172	PC	16.2058051280605
5840	1173	PC	1.55955446839075
5840	1244	PC	4.98118021732409
5840	1247	PC	1.20216056217249
5840	1273	PC	4.06342341111711
5840	1277	PC	4.93990341747477
5840	1401	PC	22.3433712684553
5840	1503	PC	1.82220034527053
5840	1515	PC	1.04482673742193
5840	1545	PC	3.39501762291112
5840	1551	PC	1.04123824785882
5840	1674	PC	1.50254226983
5840	1820	PC	2.03816012488481
5840	1833	PC	38.9813447080778
5840	1853	PC	.736930282225795
5841	105	PC	87.9872856694201
5841	220	PC	7620.17954085223
5841	238	PC	33.6187309058891
5841	301	PC	1.16906016096477
5841	302	PC	1.86850999027985
5841	305	PC	6.81005919008601
5841	308	PC	2.61477897652678
5841	919	PC	1.66121771818627
5841	937	PC	1.83349874826904
5841	1149	PC	33.8289758745312
5841	1274	PC	3.21376002331144
5841	1449	PC	3.49951795519526
5841	1502	PC	1.17309485711541
5842	304	PC	11.5841944348026
5842	626	PC	3.08376993296015
5842	706	PC	9.2842401395967
5842	709	PC	16.491229369164
5842	805	PC	63.8410738677914
5842	806	PC	4.46647959087163
5842	1243	PC	3.19135057068953
5842	1504	PC	2.18021637497962
5842	1653	PC	1.31556404231343
5842	1751	PC	4.0755556639134
5842	1865	PC	10.1526917066981
5842	1924	PC	3.30631314100838
5860	231	PC	29.5187799658265
5860	304	PC	230.869519117904
5860	521	PC	35.7885240826678
5860	1516	PC	4.90818287660278
5870	627	PC	456.3553777752
5880	106	PC	18.8906430444776
5880	220	PC	161.121133713662
5880	231	PC	18.6007373466312
5880	301	PC	9.00204699189495
5880	302	PC	19.3292180011941
5880	305	PC	204.890562070057
5880	306	PC	239.909872692743
5880	307	PC	66.2604571572057
5880	308	PC	5.35299027587386
5880	309	PC	329.971486719299
5880	418	PC	30.3187148898346
5880	425	PC	5.06275474591768
5880	502	PC	21.5805755044619
5880	602	PC	1963.47785382994
5880	612	PC	1064.63110983197
5880	621	PC	3.65765828128763
5880	626	PC	849.568622831663
5880	627	PC	91.9661507812462
5880	704	PC	2.41690911783668
5880	706	PC	61.253166512393
5880	709	PC	102.015250571224
5880	805	PC	68.1700233971827
5880	806	PC	1631.60373163883
5880	1072	PC	2.3924761076006
5880	1074	PC	24.9894129438882
5880	1121	PC	81.8589687464191
5880	1127	PC	315.942844523844
5880	1149	PC	4.30103875224353
5880	1172	PC	198.154278485089
5880	1173	PC	32.2570109436022
5880	1272	PC	73.2545334782216
5880	1273	PC	12.5755826999143
5880	1274	PC	22.0743112712301
5880	1277	PC	19.4067634257937
5880	1503	PC	27.0187924272132
5880	1504	PC	1.13561687868239
5880	1551	PC	13.5935545144422
5880	1634	PC	70.5226836271457
5880	1671	PC	1.39061820279164
5880	1674	PC	11.2200044189959
5880	1721	PC	12.9676590878389
5880	1804	PC	.778819812088777
5880	1841	PC	87.0747221699158
5910	220	PC	11.5862002563957
5910	226	PC	5.2638869458058
5910	230	PC	28.8865968176692
5920	1216	PC	24.85328033272
6000	101	PC	34.0804262758432
6010	1277	PC	61.4665125231504
6020	104	PC	3283.985791651
6020	105	PC	57122.3179623727
6020	106	PC	49857.2122039456
6020	124	PC	2696.19099968829
6020	125	PC	915.268128760231
6020	211	PC	105.593979674014
6020	213	PC	459.854633248659
6020	217	PC	11.0563581875603
6020	219	PC	12120.286641943
6020	220	PC	1915.03583734156
6020	221	PC	106.078729924211
6020	228	PC	10.6040912311739
6020	231	PC	1236.60367129267
6020	236	PC	576.602798353863
6020	238	PC	18.873230056299
6020	301	PC	1504.82019799564
6020	302	PC	37.5007259400737
6020	305	PC	632.216101198629
6020	306	PC	3849.45831407501
6020	307	PC	11.8041025961491
6020	309	PC	32769.5139309273
6020	311	PC	5.98433951328809
6020	502	PC	157.25325727652
6020	521	PC	1115.38649207077
6020	602	PC	1.60860333176875
6020	605	PC	74.354585650869
6020	612	PC	2001.81170462647
6020	626	PC	5948.57506862494
6020	706	PC	11053.0176658907
6020	709	PC	4654.67056001217
6020	720	PC	291.911645825241
6020	722	PC	53.7310140126139
6020	723	PC	1.52708642232569
6020	805	PC	54.6721182673445
6020	806	PC	237.335226390849
6020	906	PC	4.81111531214035
6020	1002	PC	71.5729575355464
6020	1018	PC	61.8813281449519
6020	1072	PC	2142.11544532073
6020	1073	PC	36.3357308841841
6020	1074	PC	6114.08484029087
6020	1102	PC	169.412401759345
6020	1106	PC	788.02752173749
6020	1119	PC	1.35961914231115
6020	1121	PC	18.4045332416446
6020	1124	PC	39.9190373706594
6020	1127	PC	11.4297233604551
6020	1146	PC	28.4022599152962
6020	1149	PC	570.592405002986
6020	1172	PC	177.653595964512
6020	1173	PC	953.56177894396
6020	1216	PC	30.9959945058638
6020	1221	PC	60.3477726400216
6020	1244	PC	31.4288751807353
6020	1245	PC	157.992905168237
6020	1246	PC	.749839671065649
6020	1271	PC	36.6964253869554
6020	1272	PC	351.619502453902
6020	1273	PC	7106.44202410793
6020	1275	PC	262.721000553025
6020	1277	PC	26452.2837381554
6020	1432	PC	855.187527899659
6020	1502	PC	5.43503969945037
6020	1503	PC	28.6178900379025
6020	1504	PC	394.883814413939
6020	1516	PC	.904846868133049
6020	1520	PC	529.716876299028
6020	1551	PC	1310.05989746484
6020	1671	PC	19.5023853798343
6020	1674	PC	1374.36621497511
6020	1675	PC	80.1483644442482
6020	1677	PC	52194.991396011
6020	1804	PC	64.7579241677969
6020	1805	PC	548.609539826445
6020	1901	PC	29.8343590074801
6020	1931	PC	173.749338166385
6030	309	PC	105.286352603392
6030	1504	PC	1.10201046057095
6030	1671	PC	2.25994623033614
6040	106	PC	26.315691104048
6040	309	PC	100.459723152419
6040	521	PC	71.3920282483799
6040	706	PC	35.8363112485078
6040	1274	PC	74.8607077893891
6040	1277	PC	142.918462872427
