50	106	PC	19.678255165582
50	213	PC	16.5673553823855
50	301	PC	5.61734097984458
50	706	PC	1.12524576633046
50	805	PC	32.5351148698611
50	1034	PC	2217.90067218537
50	1853	PC	71.575128267795
51	301	PC	158.643989371951
51	423	PC	439.074119399071
51	1805	PC	59.0144056931343
51	2030	PC	.796747301773862
52	106	PC	1640.75918146844
52	124	PC	9689.51893822978
52	125	PC	404.950579531944
52	213	PC	9.41222551790768
52	220	PC	98.3085908516403
52	229	PC	226.490543978402
52	231	PC	4.39539552707409
52	233	PC	294.990503245061
52	237	PC	33.2555951660846
52	301	PC	1132.96899911889
52	417	PC	1144.69274473278
52	427	PC	134.43953533176
52	605	PC	28.4065377402566
52	626	PC	1.25094154709884
52	627	PC	36.2226709128137
52	904	PC	3.15915426481401
52	1003	PC	37.7426709573964
52	1102	PC	8.01157621109021
52	1173	PC	141.10526873397
52	1251	PC	83.2122244219269
52	1271	PC	35.6207915267813
52	1416	PC	151.989935079908
52	1548	PC	301.656943619981
52	1804	PC	98.6302207458211
54	301	PC	65.6280235538958
55	1130	PC	23.3760365597826
56	105	PC	1.25457673650408
56	124	PC	42.8131343665448
56	904	PC	100.980109536019
57	418	PC	52.5095904324373
58	101	PC	111.643268195046
58	104	PC	197.862016443179
58	105	PC	39.8776176960224
58	106	PC	131.780129823497
58	124	PC	1193.24738634964
58	136	PC	41.5595904685438
58	213	PC	17.8381362593578
58	217	PC	40.0140279175055
58	219	PC	81.7525413543358
58	220	PC	248.847876630723
58	230	PC	127.353584012209
58	231	PC	19.7366979991276
58	235	PC	2866.82169229309
58	237	PC	55.7045145160546
58	301	PC	1416.54108854923
58	402	PC	415.601069826218
58	403	PC	2.25226274437873
58	412	PC	194.401484619494
58	425	PC	4.67032352935136
58	427	PC	1013.22855416506
58	434	PC	391.833903419468
58	501	PC	6.53064962522306
58	513	PC	5.69517796689525
58	517	PC	5.96388347130846
58	602	PC	293.72915776277
58	605	PC	3.13342722157624
58	617	PC	5.54993928329798
58	625	PC	1.79202452338514
58	626	PC	133.71123097153
58	701	PC	2.28095602645153
58	704	PC	34.5736390347602
58	706	PC	2125.95651216536
58	709	PC	213.343804676858
58	716	PC	2.40419746643555
58	722	PC	11.2115058345517
58	728	PC	1575.62312537879
58	805	PC	1662.17414268069
58	806	PC	58.875161077953
58	819	PC	3823.47714494445
58	904	PC	17.1496945804189
58	906	PC	80.4636403081204
58	1002	PC	985.846048703349
58	1032	PC	.893955186588959
58	1034	PC	25.6222859771142
58	1101	PC	3.20136823784122
58	1102	PC	79.9021200786064
58	1106	PC	29.8241122416069
58	1121	PC	5.69129080054213
58	1149	PC	57.2966833932228
58	1173	PC	16.4188369673091
58	1221	PC	3.73237094998917
58	1253	PC	205.718053165732
58	1271	PC	1831.03098252747
58	1273	PC	34.5224837880389
58	1274	PC	14.077336811384
58	1277	PC	39.1828706794594
58	1416	PC	73.2211956272975
58	1420	PC	4.59402616324677
58	1432	PC	24.3827544809597
58	1502	PC	1229.68976135686
58	1504	PC	7.21977253610372
58	1516	PC	1.87250523015788
58	1534	PC	3.01121347880878
58	1545	PC	6.72280597724927
58	1548	PC	137.216308966064
58	1551	PC	318.902393365052
58	1560	PC	10.4248800050087
58	1622	PC	76.9557383469129
58	1634	PC	3.50901320899632
58	1663	PC	2.02607945640323
58	1677	PC	216.127725308746
58	1702	PC	9.6706933055959
58	1703	PC	6.06801682878337
58	1717	PC	14.358761783347
58	1719	PC	2680.35080939543
58	1804	PC	1695.66153380111
58	1805	PC	2.78023422376544
58	1833	PC	1.92062342719421
58	1841	PC	3.09235662869275
58	1901	PC	29.9895264822298
58	1971	PC	2.58657455981964
58	2003	PC	167.95161300603
58	2012	PC	6.48100462047232
58	2101	PC	37.3134871517762
59	106	PC	2599.24823450328
59	233	PC	33.1060312534538
59	301	PC	2.02641164168545
59	403	PC	1510.80313169312
59	529	PC	2.55345904152078
59	821	PC	.778613673667862
59	1034	PC	8.28378026037153
59	1102	PC	.633137064459768
59	1119	PC	6.45259045525103
59	1142	PC	.540426591526158
59	1173	PC	84.8214453611076
59	1271	PC	195.249431955464
59	1416	PC	2.86535217590573
59	1502	PC	73.204533953855
59	1804	PC	10.4875135629152
59	1833	PC	13.5815513780162
59	1922	PC	11.9728017076728
60	301	PC	.847989909670824
60	914	PC	566.00829069305
60	1871	PC	147.499907220488
62	211	PC	210.247378287645
62	301	PC	3021.25303300393
62	428	PC	4.62194312240931
62	517	PC	55.3281397400228
62	520	PC	7.54934631991425
62	1271	PC	63.0951080313877
62	1634	PC	14.4139095395603
62	1718	PC	46.1766543817596
62	1721	PC	894.123634387364
101	105	PC	201207.397925556
101	106	PC	79614.9156437658
101	1037	PC	2732.6153236543
101	1401	PC	3589.44424152831
101	2012	PC	1.28083450726881
101	4001	PC	150104.845786269
101	5101	PC	15814.9401228018
101	5831	PC	17646.1661637219
101	5840	PC	31031.1008371452
104	56	PC	2.2615785817033
104	1273	PC	645.245539876333
104	1277	PC	36.090441703031
104	1401	PC	1003.2012816468
104	1671	PC	1053.9256806669
104	1675	PC	10.7696067283589
104	2002	PC	1.91191986894159
105	58	PC	28.8543902581858
105	105	PC	27244.648830823
105	106	PC	15566.555778691
105	136	PC	14276.8973290586
105	215	PC	14866.8048136737
105	306	PC	11670.906017282
105	1263	PC	.833916823878798
105	1271	PC	8.85501033789873
105	1401	PC	1566.01733963747
105	1504	PC	7.57816174004388
105	1833	PC	36323.8046461228
105	1901	PC	106.289222512969
105	5831	PC	6.10936224505049
105	6020	PC	25.9689512323672
106	50	PC	6.32577017198688
106	105	PC	167442.021301894
106	106	PC	230817.492946932
106	111	PC	64695.2700443713
106	135	PC	49896.1997297477
106	306	PC	24395.8790242921
106	516	PC	6995.06291107816
106	701	PC	1215.06679796243
106	914	PC	44306.142818366
106	1037	PC	35.4091947398612
106	1531	PC	704.453592156343
106	1804	PC	2.9733044529488
106	1833	PC	24782.4380090589
106	1901	PC	599.11691756477
106	1928	PC	14.2877518309182
106	1931	PC	32.1788734160749
106	1939	PC	7.80741743083897
106	1973	PC	7.8908543271264
106	1974	PC	3.27404359820607
106	2004	PC	6.08561802861043
106	2012	PC	2.82649934121203
106	2023	PC	11.5048119879463
106	6020	PC	6.4922378080918
119	125	PC	140255.266844485
123	106	PC	89.4246932004455
123	211	PC	45219.7044593776
123	306	PC	145939.251654013
124	60	PC	24.0602981684016
124	122	PC	27524.7947551196
124	124	PC	67954.0371936363
125	52	PC	15.6708152760001
125	119	PC	15734.2568186706
125	125	PC	96032.1386272039
125	128	PC	6856.87305562778
125	138	PC	24884.1564019193
125	217	PC	8100.91226169126
125	235	PC	46631.1908377272
125	301	PC	14515.963325428
125	306	PC	35477.6618922608
127	128	PC	121671.95801184
128	125	PC	3282.26235306326
128	217	PC	5565.35396527704
128	402	PC	3166.92343649922
128	1002	PC	5028.32922552468
135	106	PC	25237.794056141
135	111	PC	18844.9208773306
135	415	PC	3.47310559629951
135	519	PC	13.5499978403215
135	605	PC	4.7305567947369
135	814	PC	13.5644591538361
135	1071	PC	2.70622465173627
135	1072	PC	3.67889490814691
135	1102	PC	2.44156190164491
135	1119	PC	1.37386234622524
135	1246	PC	21.5877440934553
135	1271	PC	1.54673321584419
135	1273	PC	2.07648934227082
135	1274	PC	76.0294134359517
135	1504	PC	1.17397804320103
135	1677	PC	7.36617167760354
135	1804	PC	6.82566786788858
135	1805	PC	1.36370299089995
135	1833	PC	.907610183279425
136	135	PC	112681.959533826
137	306	PC	15141.5585351651
211	123	PC	44918.8820471723
211	211	PC	2220.36884939733
211	1271	PC	18224.4380488182
213	211	PC	239454.495191308
213	213	PC	1169067.41019611
213	229	PC	25733.3167497116
213	236	PC	120493.364880621
213	306	PC	73862.9129437673
213	311	PC	1231831.81102943
214	137	PC	15708.0628762101
214	214	PC	354971.031599052
214	216	PC	32274.2737448672
214	217	PC	47184.213490609
214	303	PC	25494.6252402671
215	229	PC	29863.6010634718
216	216	PC	93739.3523313783
216	306	PC	84742.4030672557
219	219	PC	5914436.97630928
219	220	PC	34059.3186039777
219	229	PC	3444.01097296736
219	231	PC	58531.4938590949
219	302	PC	20133.8325976744
219	307	PC	39531.6903400189
219	605	PC	567236.45190858
219	624	PC	8044.01455188446
219	625	PC	37612.3254160485
219	626	PC	253212.801960967
219	806	PC	5.91988554829048
219	1102	PC	51.0224928557705
219	1931	PC	3.62358503887708
219	6030	PC	55.439024315157
220	60	PC	6.65268291781884
220	711	PC	137116.632723596
220	4001	PC	13.5947575425628
221	221	PC	111681.935252282
221	236	PC	10695.564168782
221	301	PC	5.02579155803604
221	402	PC	28176.9132329447
221	806	PC	2.44451639154913
226	219	PC	32286.2854005752
226	238	PC	136806.425840975
226	301	PC	2.51289577901802
226	1271	PC	1347.06663456812
227	227	PC	63619.2262656224
227	1432	PC	14813.5527803356
228	58	PC	1.1396302654911
229	229	PC	469088.044550977
229	301	PC	32926.5611003886
229	302	PC	4134.35376982163
229	306	PC	290450.041147729
229	307	PC	41737.8279613974
229	311	PC	56194.4460313491
230	52	PC	1581.74234456743
230	58	PC	4.88659644142394
230	230	PC	985844.056367252
230	231	PC	160525.747562202
230	301	PC	136290.922050524
230	306	PC	808353.070702593
230	806	PC	2.44451639154913
230	1271	PC	270.585134170042
230	1411	PC	5.35855951810954
230	3001	PC	3382.44024725215
230	4001	PC	2275.15169123551
230	4002	PC	8.15774546090295
230	4003	PC	1.32766200991187
230	5101	PC	53.8734307323063
230	5201	PC	7.34399215251052
231	227	PC	125933.442761758
231	231	PC	930674.020045841
231	234	PC	327638.763075906
231	236	PC	225492.278125621
231	306	PC	207084.166538662
231	427	PC	3.22276063612775
231	1612	PC	.638532193006829
231	1972	PC	1.12640129107392
233	104	PC	18057.2215035154
233	213	PC	198959.296380407
233	301	PC	2.51289577901802
233	303	PC	19273.6940285033
233	306	PC	397957.771377721
233	427	PC	11.8839298457211
235	104	PC	3.37532847823366
235	123	PC	.957500599599591
235	213	PC	2.49499516703183
235	226	PC	20868.1903257383
235	235	PC	4600957.08920348
235	238	PC	14655.4723773904
235	301	PC	3.40525726321568
235	306	PC	24794.6716275661
235	309	PC	278485.674997331
235	311	PC	24814.5956534165
235	542	PC	2.86389845452478
235	702	PC	1.48572438623373
235	906	PC	.790936801119694
235	1074	PC	4.77837069392878
235	1102	PC	2.30009313934329
235	1106	PC	2.1079712286609
235	1120	PC	1.10770754705808
235	1124	PC	.948765021499834
235	1127	PC	1.9972617116409
235	1172	PC	7.62739188297159
235	1173	PC	6.5362274199288
235	1274	PC	2.46568398667613
235	1401	PC	1.04679055080561
235	1420	PC	1.31133530406977
235	1430	PC	1.23302042012724
235	1502	PC	6.4608235913301
235	1504	PC	1.31520733789499
235	1520	PC	1.98711312763973
235	1532	PC	3.11510574785205
235	1640	PC	2.03505702912578
235	1703	PC	1.22589674245788
235	1714	PC	4.72963631463205
235	1805	PC	2.44354673945398
235	1813	PC	3.96241449866471
235	1820	PC	1.11236558324343
235	1824	PC	1.70575612015265
235	1833	PC	1.22590030706589
235	1856	PC	2.20191945380052
235	1860	PC	.964810280431919
235	1866	PC	2.0831428356027
235	1901	PC	3.22660213003116
235	1942	PC	2.87259175477477
235	1971	PC	6.03834794050234
235	2002	PC	3.24142123766614
235	2003	PC	1.58768230398121
235	2004	PC	.984885652332708
235	2012	PC	6.81377147128398
235	2015	PC	1.04339044794736
235	2019	PC	.956950390437228
235	2020	PC	3.90539964907043
235	2023	PC	2.07481854858526
235	2030	PC	3.8326006753897
236	236	PC	32970.7009019747
236	806	PC	2.44922717834534
237	237	PC	563617.192326246
237	417	PC	297835.300443661
237	806	PC	2.95813928655196
301	211	PC	50382.8553398385
301	213	PC	194359.227029555
301	214	PC	78998.3100394716
301	228	PC	278105.594409554
301	230	PC	479443.175695183
301	231	PC	1933466.68059644
301	235	PC	64954.2825644605
301	236	PC	433323.520043825
301	301	PC	367157.435430556
301	306	PC	174601.609971076
301	602	PC	407825.713474087
301	605	PC	7133.5923160399
301	1172	PC	.828427897521812
301	1449	PC	3264.66587057058
302	626	PC	17105.5119403996
302	702	PC	177694.510378607
302	1037	PC	814.401452457685
302	1106	PC	21.9370540732994
302	1111	PC	691.931730913826
302	1130	PC	1627.64712856811
302	1159	PC	565.308330187856
302	1271	PC	32.6267801848703
302	1671	PC	19.5421037767202
302	1833	PC	30544.0066105341
303	307	PC	18606.6200040631
303	602	PC	5527.48275997283
303	612	PC	20288.9259007996
305	306	PC	53104.5967207037
305	309	PC	79044.9887796859
305	704	PC	2.31713713291658
305	1072	PC	2.08599034748092
305	1102	PC	1.44801758622145
305	1221	PC	1.87681576240759
305	1272	PC	.768686941155545
305	1677	PC	1.870093284878
305	1804	PC	1.81722724610804
305	1824	PC	.923285978286364
306	213	PC	239945.635609667
306	228	PC	381312.642443002
306	229	PC	244885.708355561
306	233	PC	50327.2400868686
306	235	PC	264466.512541234
306	236	PC	211327.444835759
306	301	PC	48650.2359988972
306	303	PC	206708.104514377
306	306	PC	3396660.47862876
306	307	PC	110393.830537184
306	308	PC	5258.35042196777
306	309	PC	6393.95661639373
306	311	PC	19404.0595277115
306	428	PC	3.30062383094016
306	605	PC	141861.130442786
306	626	PC	14902.3372890968
306	627	PC	227115.79387447
306	628	PC	49243.6564355811
306	1002	PC	1.16667648608883
306	1102	PC	2.03287482446708
306	1172	PC	9.12023175947575
306	1221	PC	1.0317222804056
306	1443	PC	2201.91357302666
306	1805	PC	8.33959791549452
306	1971	PC	104.516328415692
307	229	PC	19958.0566255208
307	306	PC	563064.986586814
308	306	PC	62830.2619528208
308	311	PC	33068.5589225852
309	104	PC	8.39536141251695
309	213	PC	1.59172257312748
309	231	PC	2.92649412008012
309	235	PC	8.65766740339475
309	306	PC	36207.9561122431
309	309	PC	26741.5895456297
309	720	PC	21.5681232040838
309	805	PC	1.66455756785458
309	806	PC	2.43134116471427
309	906	PC	36.3234673179374
309	911	PC	1.10303391651195
309	1017	PC	1.61560439042414
309	1034	PC	7.74339587782556
309	1071	PC	.728128706196171
309	1075	PC	1.60713092809065
309	1101	PC	1.46514423973146
309	1127	PC	6.21628092402609
309	1173	PC	13.9797207706806
309	1504	PC	5.86365364366817
309	1804	PC	7.13065523232934
309	1805	PC	.483696679098682
310	310	PC	193936.398698303
310	1101	PC	.742261450509245
311	213	PC	531064.828693808
311	311	PC	37974.4660931188
402	60	PC	77705.0102883184
402	101	PC	423.801585601253
402	105	PC	307.087842988057
402	106	PC	591.052308747945
402	128	PC	10909.0242506757
402	221	PC	65136.7205212328
402	237	PC	5041.69457962713
402	305	PC	.796545330733847
402	402	PC	178102.499572128
402	1520	PC	8.87051589810645
402	1971	PC	.911431861931975
403	403	PC	23680.1678718063
403	412	PC	280867.72586069
403	602	PC	.863300508505838
412	101	PC	697.224254483215
412	105	PC	611.784128935441
412	106	PC	522.708825936519
412	221	PC	1463.75678539332
412	237	PC	5094.78431760788
412	403	PC	641798.680159991
412	412	PC	747502.663730795
417	237	PC	1333352.48011365
417	306	PC	4.25944419469467
417	417	PC	1925406.45799917
418	50	PC	4.68153718736017
418	51	PC	.856052514260146
418	54	PC	5.85860939446788
418	55	PC	1.07006564282518
418	56	PC	1.01656236068392
418	58	PC	1.07006564282518
418	4001	PC	45.675751963993
418	5810	PC	15.3730919684627
419	402	PC	139289.00918523
419	419	PC	436905.189236705
419	1173	PC	1.20473908167613
420	60	PC	1.02726301711218
420	309	PC	6099.04056676006
420	420	PC	46146.2333512322
423	101	PC	11985.7368324266
423	111	PC	7107.27167278491
423	301	PC	5367.2937660514
423	402	PC	6.41025214881076
423	420	PC	6570.54714572379
423	423	PC	100.433006083175
425	51	PC	602.446956910578
425	101	PC	578.718686233822
425	105	PC	80.754191071561
425	106	PC	686.865550929242
425	221	PC	720.472864486771
425	237	PC	2384.05608683875
425	427	PC	6114.21127182163
425	538	PC	4841.70013532179
425	619	PC	15047.1876557538
425	631	PC	3393.42678254071
425	1263	PC	4628.30285837329
425	1702	PC	5721.14204702064
427	101	PC	1157.62248651413
427	105	PC	618.079451044091
427	106	PC	1327.3040680742
427	221	PC	1642.14329047719
427	237	PC	6087.05456816185
427	402	PC	1.66132065164599
427	423	PC	95.4987731356572
427	427	PC	138147.787721392
427	1271	PC	7352.9826322141
428	1046	PC	1.14778255819693
429	101	PC	285.919302530701
429	105	PC	112.560793305606
429	106	PC	304.986026452117
429	221	PC	674.433080395979
429	237	PC	1356.23618174128
437	101	PC	659.626257551364
437	105	PC	642.326044122099
437	106	PC	609.461269732336
437	221	PC	911.745660078766
437	237	PC	2463.15187723817
438	101	PC	879.48164161563
438	105	PC	288.524215232775
438	106	PC	628.873098807812
438	221	PC	1044.82995863293
438	237	PC	3014.28689498482
438	438	PC	14107.7776528583
441	101	PC	328.45574942813
441	105	PC	140.189645120067
441	106	PC	438.41499028234
441	221	PC	505.556738416008
441	237	PC	1854.14065693732
501	412	PC	5963.47660584453
501	501	PC	33004.0542266861
501	502	PC	372249.643130541
501	522	PC	11439.5851439357
502	502	PC	205371.290536803
511	101	PC	292.625494102649
511	105	PC	156.63612653833
511	106	PC	371.244579972951
511	221	PC	259.46781809886
511	237	PC	1114.70748993715
511	511	PC	25967.9886984265
512	101	PC	645.881486726438
512	105	PC	352.111017413699
512	106	PC	397.535036519584
512	221	PC	1007.58902855693
512	237	PC	2696.61708755137
515	515	PC	41493.3913909846
516	101	PC	1214.35689288738
516	105	PC	964.496518180441
516	106	PC	1487.25998677386
516	221	PC	2818.9643381402
516	237	PC	7730.54954805279
516	516	PC	601980.21643726
517	58	PC	19.6134643945002
517	309	PC	.824829511732275
520	101	PC	735.609006441708
520	105	PC	725.975430286933
520	106	PC	1250.17948641375
520	221	PC	1367.46526978942
520	237	PC	4619.23671466406
520	402	PC	99.6268409161379
521	402	PC	53.6324329590618
521	423	PC	9.42466556548534
521	428	PC	4.00404952652461
521	517	PC	2.82964230067965
521	521	PC	4162.78157346287
522	101	PC	342.821530735874
522	105	PC	153.57916859913
522	106	PC	374.289178864473
522	221	PC	799.041455854642
522	237	PC	2246.77827480179
522	522	PC	4289.84442897588
528	101	PC	190.485703060382
528	105	PC	49.9942936056333
528	106	PC	277.970947893386
528	221	PC	289.139754497255
528	237	PC	876.649269501876
528	528	PC	1066623.96750301
529	101	PC	247.654132646323
529	105	PC	100.66129983347
529	106	PC	358.808144436481
529	221	PC	297.328949139156
529	237	PC	1371.53481855566
529	528	PC	334178.501324907
533	101	PC	893.85907025457
533	105	PC	610.440476665489
533	106	PC	818.802474683573
533	221	PC	1170.55862929077
533	237	PC	4311.37377335369
533	533	PC	12801.5339117078
533	534	PC	13200.4401744888
534	402	PC	1.95104842658018
534	423	PC	48.899544795652
534	533	PC	49999.8662557212
534	534	PC	113244.500772367
538	402	PC	3.92133171078383
538	423	PC	57.3650385854016
540	540	PC	50437.6308737185
542	101	PC	1499.92904351568
542	105	PC	561.556009372905
542	106	PC	1195.33014368417
542	221	PC	2346.27767519569
542	237	PC	6265.39060445173
542	542	PC	1432833.0768846
543	101	PC	518.4864212914
543	105	PC	45.2495625866978
543	106	PC	234.756421042461
543	221	PC	493.111198073304
543	237	PC	1273.46499539984
544	50	PC	19.8172340334376
544	101	PC	566.287639033504
544	105	PC	397.237949184968
544	106	PC	626.445479142648
544	221	PC	385.430186463874
544	237	PC	1762.9618113363
544	805	PC	16513.8033603875
545	545	PC	552389.198793813
602	106	PC	1696.9098032041
602	302	PC	113170.250600445
602	602	PC	1249765.29034925
602	624	PC	120311.499823449
602	625	PC	114912.309226235
602	627	PC	93.6783081394072
602	702	PC	1025.3471941937
602	704	PC	17650.0196172564
602	709	PC	1337.73813637317
602	805	PC	12156.7362329516
602	806	PC	351.92634603052
602	1037	PC	85687.9105030989
602	1071	PC	1297.31752701993
602	1101	PC	676.109278307972
602	1149	PC	1006.12448376195
602	1271	PC	14.5513230322007
602	1401	PC	1944.3537483985
602	1438	PC	122122.38518868
602	1504	PC	544.120124954338
602	1671	PC	190.374958179617
602	1675	PC	233.546602239247
602	1805	PC	911.65361588016
602	1833	PC	82881.0772327407
602	2101	PC	11530.5681824687
605	101	PC	1.89131091664451
605	106	PC	83.5535931605035
605	213	PC	42084.3774523276
605	215	PC	10.0655808316915
605	216	PC	2.28999706674031
605	217	PC	6.94293298540232
605	219	PC	50569.580059061
605	226	PC	25460.7676317106
605	229	PC	3.05925178852089
605	231	PC	12.8318413648317
605	301	PC	8623.99603627419
605	305	PC	5.85670666646792
605	306	PC	13198.8179186605
605	311	PC	12.4212414290782
605	403	PC	6.48420624383891
605	412	PC	26.0952969800618
605	417	PC	16.4254089708871
605	502	PC	59837.9100388294
605	511	PC	29.7148094002274
605	529	PC	7748.63952349717
605	543	PC	6.39306703657087
605	605	PC	487827.816617231
605	704	PC	6.41725578043708
605	706	PC	19.7997194777678
605	709	PC	11.7747773737569
605	720	PC	50.6929345002236
605	5101	PC	81.9484852020691
612	602	PC	4846.73641862634
612	5880	PC	1749.20129475567
615	605	PC	1.04963672279347
616	720	PC	2.84854497511062
617	617	PC	349807.691863762
618	618	PC	167701.534585166
619	620	PC	7292.87124561685
619	1271	PC	12.8910067414789
619	1901	PC	12.4816460186585
620	1271	PC	5760.26724629305
621	621	PC	11578.9979793418
622	622	PC	1.04002731967384
622	1246	PC	.690285631089081
622	1657	PC	1.32620230631447
623	213	PC	1.1916785044995
623	226	PC	6757.25951847245
623	418	PC	113417.897004441
623	1154	PC	2.97506330553098
623	1172	PC	2.63119944187446
623	1246	PC	11.5295191441339
623	1503	PC	1.26706545914542
623	1850	PC	.459695606743832
624	213	PC	.983850293698412
624	219	PC	7268.19574892038
624	602	PC	305176.248228338
624	604	PC	155386.220513193
624	605	PC	.826368974766475
624	624	PC	2065325.18954973
624	625	PC	665297.120372276
624	1824	PC	1.42963410664329
624	1833	PC	2.51435399358509
625	106	PC	42.5516895940238
625	219	PC	22497.0417355521
625	423	PC	4.29014952528908
625	602	PC	315309.658060935
625	625	PC	318176.093372183
625	626	PC	15517.6810037585
625	1411	PC	3.506768215628
626	219	PC	115143.929440155
626	220	PC	113024.822177661
626	306	PC	14134.2355789599
626	602	PC	1779261.29399465
626	625	PC	51426.9030199151
626	626	PC	164696.233437986
627	58	PC	19.6119721761144
627	220	PC	1430055.97202314
627	303	PC	60322.3662298205
627	306	PC	32343.9403161891
627	627	PC	211304.364917463
627	701	PC	180.409916882656
627	1037	PC	1007.95001857294
627	1102	PC	29.6523501560426
627	1420	PC	248469.311351317
627	6010	PC	18.1494267948037
627	6030	PC	1.79210106163706
628	105	PC	1759.73039135603
628	301	PC	14116.622027859
628	602	PC	395733.277893385
628	628	PC	80261.8607455591
628	702	PC	832.608582934104
628	704	PC	14385.6755178268
628	1037	PC	91627.1728601997
631	502	PC	1.02627084935122
631	631	PC	92794.7214003753
631	1702	PC	3.98204650552243
633	633	PC	11041.4559717541
701	602	PC	870.15643060836
701	1037	PC	690.979431133482
702	702	PC	268334.919564394
702	713	PC	147206.629758689
704	101	PC	4.1180023348763
704	136	PC	6.31756843549341
704	216	PC	5.13098487641912
704	217	PC	3.67118034950616
704	220	PC	19.255002490237
704	229	PC	3.61650590458151
704	231	PC	14.6650964086466
704	301	PC	10.5223094535278
704	305	PC	36.5201507959867
704	311	PC	6.31338567211668
704	403	PC	7.20372364217092
704	417	PC	9.12402401206267
704	511	PC	42.431899629088
704	528	PC	7.79384182822039
704	602	PC	614.418930493971
704	627	PC	7.63359967049195
704	706	PC	7.52021738226964
704	720	PC	18830.3514638373
704	722	PC	31146.647715406
704	826	PC	15.6587507392999
704	829	PC	20006.513029502
706	50	PC	11.1385701534529
706	219	PC	1.22224078415901
706	706	PC	863534.217215915
706	1845	PC	1.79259962653096
709	50	PC	1.76016911066909
709	51	PC	130.076497278446
709	58	PC	163.872844308987
709	105	PC	7111.92158189958
709	106	PC	260.450303127506
709	220	PC	887.088742724503
709	235	PC	390.648375554533
709	306	PC	1506.97939618027
709	403	PC	156.682137784778
709	501	PC	146.788128661846
709	602	PC	777.075208150047
709	625	PC	318.790505194258
709	701	PC	2688.97943359444
709	704	PC	120530.381804169
709	709	PC	596751.65669506
709	1037	PC	4139.27770133572
709	1071	PC	1491.25735342144
709	1101	PC	9.544916633129
709	1102	PC	316.921925340416
709	1119	PC	2.80810817568631
709	1277	PC	413.258110732066
709	1401	PC	530.556606016091
709	1504	PC	263.874041553642
709	1671	PC	101.489740484772
709	1833	PC	897.677780314287
709	1901	PC	941.333098158749
709	3001	PC	54.3452212919083
709	4001	PC	230206.647820427
709	4002	PC	1111.10675110987
709	4004	PC	33622.5303308622
709	4005	PC	26419.038245449
709	5101	PC	111970.380208337
709	5104	PC	27111.1147376502
709	5201	PC	3796.02470829674
709	5302	PC	26.8425789377037
709	5403	PC	27247.7478648658
709	5404	PC	17180.3506258245
709	5501	PC	1143.55986908783
709	5605	PC	138568.951302651
709	5700	PC	11672.7814785409
709	5710	PC	271.176053612457
709	5720	PC	249.063929159677
709	5760	PC	54.7852635695756
709	5790	PC	1752.68839194875
709	5800	PC	375.906115697269
709	5831	PC	57.4255172355792
709	5840	PC	3817.3667587636
709	5880	PC	44942.397902714
709	5900	PC	41.9140269478078
709	5910	PC	24.9723992576178
709	5930	PC	27472.6468723474
709	6000	PC	3981.06248605583
709	6010	PC	2322.7631626667
709	6020	PC	241275.070834397
709	6030	PC	39620.8918316964
709	6040	PC	448.293070373535
711	58	PC	16.3537244441793
711	220	PC	140146.292413043
711	711	PC	218090.7188248
713	602	PC	897548.202483817
713	713	PC	401703.174730372
713	4003	PC	1.14393707639754
714	806	PC	222109.803591642
716	50	PC	6.53913437054328
716	702	PC	19005.3735136367
716	716	PC	1900003.95872893
722	722	PC	173174.200291356
723	704	PC	8369.46349388153
723	723	PC	32256.7478317432
728	58	PC	30.9140701118202
805	101	PC	1.9906308559546
805	136	PC	6.02122914836568
805	215	PC	9.75217203290981
805	216	PC	2.21869415418101
805	217	PC	3.17652228895241
805	220	PC	58.2892225859868
805	231	PC	8.01570744821593
805	301	PC	6.01724258660193
805	305	PC	24.3049406439215
805	311	PC	18.0517277598058
805	403	PC	6.67613545521419
805	417	PC	16.9115927336714
805	511	PC	21.2291841137731
805	516	PC	2.39719582349517
805	528	PC	1.86817725587994
805	543	PC	3.54598595117636
805	627	PC	7.27552907613749
805	704	PC	5.63486843859597
805	706	PC	93.2221102195529
805	709	PC	5.52648548814623
805	720	PC	5.80559682323605
805	805	PC	17459.767557187
805	806	PC	470899.174048088
805	906	PC	179.383615246613
805	1002	PC	459.285801227704
805	1037	PC	5217.82702385216
805	1071	PC	253.301870232592
805	1102	PC	6125.44205818315
805	1106	PC	225.256837895363
805	1134	PC	5154.1074298525
805	1135	PC	4420.62187914295
805	1263	PC	707.750449407028
805	1271	PC	757.773193661474
805	1273	PC	4255.23532408114
805	1274	PC	.950728123949908
805	1401	PC	220.424144299193
805	1504	PC	310.632643017812
805	1511	PC	2093.28342138866
805	1554	PC	60.8750628983801
805	1563	PC	39.0814496056679
805	1569	PC	167.78301678025
805	1677	PC	.80993558046152
805	1833	PC	22116.4318171822
806	51	PC	6.99384372198111
806	62	PC	64.8579015948789
806	706	PC	73763.9853552926
806	709	PC	56062.1162813267
806	805	PC	46309.4315705638
806	806	PC	2493000.73563734
806	1037	PC	1361.66977157545
806	1071	PC	358.895926160849
806	1101	PC	8799.05425593065
806	1102	PC	1624.02153719785
806	1106	PC	7643.92933686846
806	1677	PC	9320.03173640586
807	305	PC	1.95791351566893
807	604	PC	22468.8621967351
807	807	PC	458704.109017784
807	826	PC	66309.0432541716
807	827	PC	92641.9048608871
814	709	PC	2.03885098304006
814	805	PC	534195.618202014
814	814	PC	157351.730016335
814	1804	PC	3.62438380153652
814	1931	PC	5.44638168938946
815	704	PC	30.9918926458186
815	709	PC	2162.6095132429
815	805	PC	64862.1259558772
815	806	PC	22171.514050233
815	815	PC	116143.210039352
815	901	PC	17606.6923180724
815	4001	PC	443925.233507351
815	5101	PC	191235.265817186
815	5501	PC	21387.5413367041
815	5831	PC	4786.53009506442
821	821	PC	662806.973765275
821	822	PC	1.23999130929516
821	828	PC	275015.409800499
821	1411	PC	4.88076818067277
827	827	PC	4324004.63668895
827	828	PC	20850.3078883956
828	828	PC	411794.739572802
833	833	PC	112390.167714403
833	1824	PC	92701.2542976856
901	901	PC	410988.692557029
904	904	PC	1084784.87360988
904	926	PC	148597.349657383
904	1072	PC	107474.071772981
904	1504	PC	2941.16752960294
906	213	PC	1.20409730493355
906	302	PC	1710.82289795383
906	602	PC	357.787392957367
906	805	PC	2931.37179542822
906	826	PC	.902874681089109
906	906	PC	375384.488876042
906	1504	PC	904.630863782801
906	1838	PC	3.83741682087546
906	4001	PC	49776.3927221828
919	919	PC	162261.782430095
919	4001	PC	24.6456286075297
926	709	PC	5179.30581851433
926	926	PC	21667.2688736152
926	928	PC	4831.42351692822
926	1072	PC	335506.426293483
926	1671	PC	664.697982063525
928	926	PC	222850.489688069
928	928	PC	208074.517061764
928	1071	PC	712787.320263418
928	1072	PC	181170.449466785
937	926	PC	15525.4873939911
940	940	PC	218292.524831849
1002	704	PC	1552.81777345933
1002	1002	PC	9398.00326122814
1002	1014	PC	11371.3248480768
1002	1071	PC	89914.6798453642
1002	1101	PC	75.4440034298257
1002	1246	PC	21.7933628757823
1003	1504	PC	410.447989975125
1003	5404	PC	.84375106354006
1004	704	PC	17321.207052354
1004	1101	PC	1195.15074221951
1018	1017	PC	19826.8298412585
1018	1018	PC	40977.0358937578
1032	1032	PC	2128571.87600888
1037	805	PC	131541.230745322
1037	806	PC	6234.63234193126
1037	1037	PC	2336524.62499463
1037	1101	PC	2007.47542149655
1037	1149	PC	398.653927017865
1037	1511	PC	9973.18005295064
1046	1029	PC	286535.489169671
1071	602	PC	1117.22404803906
1071	805	PC	972.982560123697
1071	926	PC	559.742572437911
1071	1071	PC	411408.363828505
1071	1554	PC	47.0930648575248
1071	1557	PC	235.680426646823
1071	1638	PC	278.338338061359
1071	1671	PC	261.891861355714
1071	1675	PC	266.302526540714
1071	1833	PC	6399.9308092459
1072	511	PC	4.58376837571292
1072	926	PC	5439.75710245779
1072	1271	PC	551.582045430742
1072	1833	PC	3328.03917412004
1074	1528	PC	1.30777761453718
1075	1071	PC	77432.7417336194
1075	1072	PC	133.390652814684
1075	1073	PC	34440.3810240111
1101	51	PC	5531.95848338868
1101	105	PC	2316.74652591311
1101	309	PC	3.93681086095985
1101	602	PC	427.282730344063
1101	701	PC	2766.44292056405
1101	805	PC	2592.87710809844
1101	806	PC	7300.98918473864
1101	1004	PC	2369.88725604765
1101	1032	PC	406.86168541818
1101	1037	PC	13888.9044934192
1101	1071	PC	2829.89720782949
1101	1101	PC	1572.68998787317
1101	1102	PC	5185.20137592401
1101	1106	PC	6680.68028585446
1101	1149	PC	47.286792064377
1101	1159	PC	2276.61629201719
1101	1172	PC	940.019019860358
1101	1173	PC	392.093494915016
1101	1221	PC	1440.5492759658
1101	1228	PC	1552.75674597023
1101	1251	PC	1326.56747877078
1101	1263	PC	598.05239698443
1101	1271	PC	4397.30468715534
1101	1401	PC	7939.13334061145
1101	1424	PC	1771.02868590119
1101	1438	PC	332.740959582581
1101	1439	PC	2926.94741897803
1101	1502	PC	4024.23501934289
1101	1503	PC	906.446916779581
1101	1504	PC	4078.2838764173
1101	1520	PC	1678.12414711921
1101	1531	PC	1510.65842652349
1101	1671	PC	1799.16871607133
1101	1702	PC	2881.26986336121
1101	1703	PC	2943.72264332
1101	1719	PC	801.104997751164
1101	1750	PC	1210.82990860097
1101	1833	PC	6210.53324352002
1101	2303	PC	740.621455989972
1101	3001	PC	1626.2464329214
1101	4001	PC	147360.047331234
1101	4004	PC	9131.65717460651
1101	4005	PC	1869.68318535461
1101	5101	PC	135067.091588362
1101	5102	PC	7428.55586925025
1101	5103	PC	2564.42277563204
1101	5403	PC	3356.98170022053
1101	5404	PC	9171.67417500648
1101	5850	PC	2381.0115237988
1102	233	PC	2.99046089321368
1102	709	PC	17627.7770203635
1102	1102	PC	1310453.763005
1102	1114	PC	128911.571539562
1102	1120	PC	209161.71496239
1102	1172	PC	28988.0366849448
1102	1175	PC	433497.975737313
1102	1263	PC	5049.87207876894
1102	1277	PC	5999.23927068098
1102	1676	PC	.960382988550508
1106	106	PC	659.53907558468
1106	805	PC	5186.04384816961
1106	1101	PC	711.002211649315
1106	1106	PC	68586.2414885759
1106	1130	PC	555.989250884619
1106	1146	PC	367.665176115953
1106	1149	PC	3756.4149721934
1106	1246	PC	146.233362186744
1106	1263	PC	138.777311884853
1106	1271	PC	165.781983076153
1106	1273	PC	777.438556825694
1106	1401	PC	6343.30191619569
1106	1503	PC	129.435287859953
1106	1504	PC	129.581032489167
1106	1554	PC	863.880186748493
1106	1563	PC	716.228769670788
1106	1569	PC	149.14632131168
1106	1671	PC	276.520459202491
1106	1833	PC	16778.4440759316
1106	1871	PC	6218.8247588594
1111	805	PC	646.498274673051
1111	906	PC	17398.754335476
1111	926	PC	3477.00661247954
1111	1003	PC	6394.63604526347
1111	1004	PC	2169.6557299097
1111	1032	PC	917.508983941677
1111	1037	PC	52563.1023975072
1111	1106	PC	10661.5886674719
1111	1173	PC	402.147174271811
1111	1224	PC	1092.36918869731
1111	1228	PC	124574.16898456
1111	1271	PC	240.739919481203
1111	1401	PC	615.019528661679
1111	1502	PC	327.119874895201
1111	1833	PC	45177.7178360818
1111	4001	PC	524798.394253824
1111	5101	PC	504679.958461068
1111	5403	PC	53593.8793690174
1111	5404	PC	317513.778090295
1111	5605	PC	160903.912274941
1111	5800	PC	39820.2501480133
1111	5810	PC	50971.6542594743
1111	5820	PC	55759.2437239941
1111	5831	PC	132893.1235783
1119	231	PC	1.44217571945584
1119	709	PC	8647.3644568038
1119	1119	PC	1057824.13869654
1119	1121	PC	25399.8508912249
1119	5760	PC	57.515714289307
1121	1102	PC	7411.37023361665
1121	1119	PC	23452.602078865
1121	1120	PC	279566.083676947
1121	1121	PC	6401.20369808641
1121	1124	PC	75024.7453419468
1121	1173	PC	18713.9498536178
1122	1106	PC	1822.13709151291
1122	1122	PC	181944.530013993
1122	1173	PC	21855.7128507542
1122	1175	PC	30901.89310911
1122	4001	PC	177618.554117569
1122	5403	PC	52431.0512241225
1122	5831	PC	30273.9112244181
1124	805	PC	498.809063289791
1124	1106	PC	124.946543418028
1124	1121	PC	587268.485845104
1124	1124	PC	320850.447828113
1124	1149	PC	287.959502745106
1124	1263	PC	125.900650641309
1124	1271	PC	987.890950741241
1124	1833	PC	1357.19067752023
1124	2004	PC	5.57533760671758
1124	4005	PC	59.9820602779383
1124	5103	PC	6.31129114945801
1124	5930	PC	8.1145171921603
1124	6000	PC	7.89249498565258
1127	805	PC	1334.61115445691
1127	1833	PC	3126.57893379063
1129	58	PC	66.9673071608563
1129	106	PC	1.66243856940443
1129	301	PC	1.537644370849
1129	1102	PC	11470.9126901967
1129	1129	PC	6225247.28485694
1129	1235	PC	2.07538290092573
1129	1243	PC	5.54127560959828
1129	4001	PC	26369.9268419676
1129	5101	PC	1137.49752806214
1129	5403	PC	28.1754069172233
1129	5605	PC	20120.6215877275
1129	5800	PC	162791.995693204
1129	5810	PC	27314.3664818329
1129	5850	PC	13875.8243985941
1129	5930	PC	75613.6633339861
1130	227	PC	1.00564408781683
1130	231	PC	12.7508546986427
1130	302	PC	38529.844165126
1130	1037	PC	2553.39476551318
1130	1102	PC	.842691538442052
1130	1106	PC	466.235712939494
1130	1127	PC	486.798918487601
1130	1130	PC	204536.691096371
1130	1149	PC	9915.27569805989
1130	1173	PC	20995.0617617211
1130	1175	PC	1596.60460614536
1130	1263	PC	56.4576908705424
1130	1511	PC	323.551941688789
1130	1675	PC	952.552191394261
1130	1804	PC	842.898166956309
1130	1833	PC	1453.05057955516
1130	4001	PC	248950.006406648
1130	5101	PC	23360.7933832082
1130	5201	PC	15752.3064992812
1130	5605	PC	25661.0336039303
1130	5800	PC	9942.53759294975
1130	5810	PC	228177.529874646
1130	5820	PC	39248.341835692
1130	5831	PC	144309.926164911
1130	5850	PC	5911.20037123344
1130	5930	PC	14903.8886461898
1133	2301	PC	20414.0423370996
1133	2302	PC	20414.0423370996
1133	2303	PC	20414.0423370996
1133	2304	PC	20414.0423370996
1133	2305	PC	20414.0423370996
1133	2306	PC	20414.0423370996
1134	1017	PC	1.10476427200676
1134	1106	PC	171.199320709667
1134	1149	PC	309.057200457324
1134	1173	PC	6413.95475873892
1134	2302	PC	764102.504047798
1134	4001	PC	1685036.76294219
1134	5101	PC	3891467.95579704
1134	5201	PC	810216.219928141
1134	5403	PC	303070.942051308
1134	5501	PC	14442.0862518357
1134	5605	PC	1661544.68124578
1134	5810	PC	311803.567303837
1134	5820	PC	10491.6498605371
1134	5831	PC	176721.359115822
1134	5840	PC	479727.033087621
1134	5880	PC	29238.7698796085
1134	5920	PC	40640.1836327841
1135	104	PC	817.051208229739
1135	602	PC	3321.43186912334
1135	805	PC	52998.6865264444
1135	806	PC	24007.5672380477
1135	1101	PC	399.26383188141
1135	1106	PC	908.303027830534
1135	1146	PC	735.330352231906
1135	1149	PC	471.393251412505
1135	1173	PC	1855.46667691213
1135	1247	PC	1675.3222689975
1135	1263	PC	2570.71092535502
1135	1271	PC	5319.54911790643
1135	1273	PC	5541.22331241969
1135	1401	PC	473.620947711603
1135	1439	PC	490.292895587412
1135	1502	PC	1606.16285113804
1135	1511	PC	4737.17014204899
1135	1554	PC	3048.31224351998
1135	1671	PC	1641.16688124076
1135	1675	PC	459.670373739205
1135	1833	PC	268.771306752262
1135	2302	PC	16248.7611386378
1135	4001	PC	3646.81238815248
1142	1142	PC	68029.6271413267
1146	1172	PC	501.116315334569
1146	1221	PC	1349.89341997948
1146	1401	PC	306.550775217866
1146	1871	PC	13884.5349202275
1146	4001	PC	34.6840558338416
1146	5101	PC	2.21623359960649
1149	50	PC	36.7405322508988
1149	104	PC	38.5202779570559
1149	124	PC	15040.1243033794
1149	306	PC	7401.66237105928
1149	516	PC	7998.48395628358
1149	1106	PC	1547.01580194055
1149	1146	PC	223557.046497095
1149	1149	PC	297526.602124493
1149	1172	PC	334.077543556379
1149	1221	PC	631.865005096778
1149	1224	PC	969.978531453906
1149	1228	PC	1041.15163806608
1149	1263	PC	3406.98300677315
1149	1271	PC	8750.44672956816
1149	1401	PC	3155.94023086793
1149	1416	PC	1584.54092193308
1149	1424	PC	48.0790003706179
1149	1503	PC	1992.22480564444
1149	1563	PC	289.888640372683
1149	1820	PC	1454.27564175255
1149	1871	PC	23377.1697749234
1154	1154	PC	166048.432519972
1159	1263	PC	864.860207666405
1159	1273	PC	821.015535234283
1172	1172	PC	1665534.40996828
1172	1173	PC	115957.911399665
1172	1671	PC	7.4217256630105
1173	58	PC	151.245584331655
1173	1102	PC	253251.145320623
1173	1121	PC	79008.9522609702
1173	1127	PC	143376.620975326
1173	1172	PC	5253551.494308
1173	4005	PC	71.0020254314027
1173	5605	PC	.730306547294427
1173	5830	PC	2.25403255337786
1175	1172	PC	2434.70781036586
1175	1175	PC	197922.258863563
1211	805	PC	1.34349324575044
1211	829	PC	17.8248163973296
1211	834	PC	1.98841566631722
1211	1211	PC	1451569.30950372
1219	1871	PC	499.360620420174
1221	1439	PC	264.617181745413
1221	1504	PC	1797.49697596521
1221	1833	PC	9418.06259998787
1221	2302	PC	11538.0167289287
1222	627	PC	1.25756859688505
1224	1122	PC	1.93031969723715
1227	829	PC	9.44837306705949
1227	834	PC	10.9352130657635
1227	1865	PC	11.3061540525401
1228	834	PC	2.37149199016558
1228	1671	PC	1668.77907097091
1228	1833	PC	296.281089621316
1228	5403	PC	25118.241360685
1228	5605	PC	59239.7426404447
1233	1233	PC	395141.787384221
1235	829	PC	5.13639248382899
1235	834	PC	5.58656593097442
1235	1235	PC	650570.103921674
1235	1421	PC	36913.0411982105
1235	5810	PC	33.1109202939188
1238	805	PC	1555.4151835752
1241	829	PC	9.08173164322245
1241	1241	PC	427912.116304839
1243	1243	PC	119637.182769669
1243	1271	PC	8893.16409441795
1244	1244	PC	623729.63189865
1245	829	PC	9.08173164322245
1246	1246	PC	26394.9261713251
1246	1271	PC	5488.87992699269
1246	1638	PC	1.46606803793959
1246	2303	PC	662.23153341551
1247	237	PC	15.6915453554179
1247	1106	PC	4257.40314519563
1247	1130	PC	2.06234669028045
1247	1172	PC	1510.92994714358
1247	1221	PC	762.622184751502
1247	1244	PC	1050.90671136486
1247	1246	PC	30825.4624884387
1247	1247	PC	312812.950714353
1247	1263	PC	2.41634957939744
1247	1271	PC	86735.4036681943
1247	1401	PC	644.551449750381
1247	1421	PC	1153.41205643286
1247	1428	PC	432.158800883683
1251	1235	PC	28680.5691412664
1251	1401	PC	3978.97554918426
1252	829	PC	9.08173164322245
1252	1252	PC	31532.4551320033
1252	1271	PC	288.905078484283
1253	1253	PC	2884.83131559248
1253	1256	PC	61391.7591918598
1259	1172	PC	2.03766682015317
1263	104	PC	1674.92579123804
1263	105	PC	9306.36677199356
1263	402	PC	3.38768512868395
1263	805	PC	2296.05152098753
1263	926	PC	1179.83464710853
1263	1106	PC	1825.59250776875
1263	1221	PC	785.395741570268
1263	1224	PC	329.339050193349
1263	1228	PC	1344.52521007859
1263	1251	PC	1140.84729747089
1263	1263	PC	399119.534656322
1263	1271	PC	10455.8672903657
1263	1273	PC	65.4974777397862
1263	1401	PC	5951.84314134931
1263	1411	PC	1997.99938102776
1263	1416	PC	3600.65148208383
1263	1502	PC	4206.69755484207
1263	1504	PC	1442.27065630154
1263	1520	PC	2906.89084302074
1263	1563	PC	167.995861691996
1263	1671	PC	2557.28613266545
1263	1833	PC	533.774245234148
1263	1901	PC	2889.05614322817
1263	2030	PC	60.2710935671256
1263	2304	PC	10032.2769661442
1271	105	PC	4.0839609138275
1271	106	PC	2263.56360627774
1271	302	PC	766.188398463342
1271	709	PC	250.87299373051
1271	720	PC	1.08827823004246
1271	805	PC	341.134415261802
1271	906	PC	4000.86946686549
1271	1037	PC	1006.97645872788
1271	1101	PC	982.193833256037
1271	1106	PC	7268.54670195245
1271	1122	PC	.992020830011343
1271	1146	PC	224.253064819012
1271	1149	PC	5040.59882450655
1271	1173	PC	549.830430304664
1271	1175	PC	916.950069068927
1271	1219	PC	1157.17462805028
1271	1221	PC	3276.47249513069
1271	1224	PC	790.808138488222
1271	1228	PC	2814.02790401664
1271	1238	PC	2471.95073646295
1271	1241	PC	3545.84260238715
1271	1243	PC	20367.8842231865
1271	1244	PC	3709.4633199922
1271	1246	PC	114542.39206452
1271	1247	PC	86521.4377786467
1271	1251	PC	2523.02767709909
1271	1263	PC	2517.35998918543
1271	1271	PC	479284.96545209
1271	1273	PC	344649.994271883
1271	1275	PC	21052.1306166068
1271	1277	PC	485685.181645248
1271	1401	PC	14209.2172137558
1271	1411	PC	85.5063929113163
1271	1416	PC	2219.29271705441
1271	1424	PC	355.198918952446
1271	1438	PC	1528.34790332757
1271	1502	PC	2932.04891532533
1271	1503	PC	815.242966165986
1271	1504	PC	5627.41959629833
1271	1511	PC	704.559413827481
1271	1520	PC	6.04029266082231
1271	1554	PC	3185.04416995698
1271	1563	PC	230.582555263524
1271	1671	PC	2327.77216645307
1271	1675	PC	1943.61047399155
1271	1677	PC	10.5138958773397
1271	1702	PC	1225.50620944855
1271	1719	PC	2212.57152304239
1271	1833	PC	38912.6679067627
1271	1871	PC	26.0298985575745
1271	1901	PC	974.834894954291
1271	1931	PC	4.04453873780611
1271	1971	PC	10.4891672754704
1271	2030	PC	25.4477950616753
1271	2302	PC	581.800206607338
1273	104	PC	1159.38564229675
1273	1120	PC	2.61582670303749
1273	1263	PC	352.689978309996
1273	1271	PC	10493.054707668
1273	1416	PC	887.224184497042
1273	1502	PC	3566.87392402583
1273	1833	PC	546.446361073522
1273	1971	PC	475.508916487991
1274	805	PC	9.21323208737586
1274	834	PC	9.49777883093181
1274	1142	PC	19.4800724283454
1274	1502	PC	2.88491904966253
1274	1503	PC	5.26316911579924
1274	1504	PC	2.56403672231385
1275	806	PC	5.72132853740373
1275	6020	PC	109.716063682601
1276	1247	PC	6405.9307497191
1276	1271	PC	48568.5181644863
1276	1272	PC	582822.217974349
1276	1276	PC	1650245.7582454
1276	1277	PC	4587.4545347466
1277	834	PC	1.01309640863273
1277	1276	PC	5549.34016299991
1401	101	PC	1147.83222369382
1401	104	PC	316.302485969926
1401	105	PC	187.926091714199
1401	805	PC	922.189548497373
1401	1071	PC	7.80039786606007
1401	1102	PC	2856.2544220492
1401	1106	PC	7107.61760472001
1401	1173	PC	992.486326618657
1401	1221	PC	98.6093220836265
1401	1246	PC	75.221254344941
1401	1251	PC	623.638522451329
1401	1263	PC	9081.43254927798
1401	1271	PC	11801.9624104715
1401	1401	PC	37368.1824337173
1401	1411	PC	15291.0794321825
1401	1416	PC	15484.3272200705
1401	1421	PC	1344.72414335106
1401	1424	PC	2411.80236812784
1401	1428	PC	168.2680550761
1401	1438	PC	7104.44369446299
1401	1439	PC	6260.0802099506
1401	1502	PC	6216.06095601614
1401	1503	PC	17462.8675438337
1401	1504	PC	15730.6742185715
1401	1511	PC	2408.73970802552
1401	1520	PC	3401.50935452417
1401	1554	PC	625.281964911942
1401	1563	PC	550.330860060144
1401	1671	PC	870.545666737327
1401	1702	PC	4441.97207091802
1401	1719	PC	108.265086948875
1401	1750	PC	1.42021527471181
1401	1804	PC	978.921098994307
1401	1820	PC	1205.18514636679
1401	1833	PC	7340.80364429024
1401	1871	PC	45.3027530636053
1401	1931	PC	1.21694282677044
1401	1971	PC	8284.70815577138
1401	2303	PC	305802.354209751
1401	5101	PC	10338.5378598834
1401	5800	PC	15635.6586398031
1401	5820	PC	88630.4729826738
1401	5831	PC	157049.646556906
1401	5835	PC	6101.74018052409
1411	231	PC	1.35433518016189
1411	709	PC	2747.62140940489
1411	1149	PC	378.041850324398
1411	1263	PC	3515.10492800716
1411	1271	PC	9643.33977419609
1411	1401	PC	38035.9090335679
1411	1413	PC	8981.88491611556
1411	1421	PC	4.20346321291015
1411	1438	PC	2336.06563743191
1411	1503	PC	13635.5453333125
1411	1504	PC	14950.7865978294
1411	1554	PC	9409.06970991505
1411	1563	PC	4301.59754086438
1411	1833	PC	1822.99247803739
1411	4001	PC	109054.558223039
1411	5101	PC	47044.7324135187
1411	5103	PC	8123.84845000359
1411	5404	PC	493615.887823055
1411	5501	PC	143968.771772147
1411	5605	PC	9687.08643219465
1411	5790	PC	64696.6410914116
1411	5800	PC	40674.3297586989
1411	5810	PC	210913.305427697
1411	5820	PC	74934.1868556331
1411	5831	PC	40532.110441476
1411	5835	PC	221089.413028935
1411	5840	PC	250747.363589359
1411	5841	PC	77266.9869402273
1411	5842	PC	51725.632358703
1411	5850	PC	4471.07890032727
1413	1134	PC	1742.06517682063
1413	1271	PC	371.996734479704
1413	1401	PC	8701.19258708759
1413	1411	PC	2226.36127332016
1413	1416	PC	5548.53597359721
1413	1421	PC	965.990000027802
1413	1424	PC	745.764300794402
1413	1503	PC	578.102039343387
1413	1504	PC	2959.05050888398
1416	1401	PC	703.028620144441
1416	1439	PC	113.801669488986
1416	1504	PC	2191.33888539275
1416	1554	PC	179.646821478224
1416	4003	PC	11.5569435664777
1416	5831	PC	9.97811477994299
1420	1420	PC	347833.649781058
1420	1426	PC	2243.53689268431
1421	51	PC	24214.7222970828
1421	1421	PC	1027623.39966748
1421	1671	PC	7329.13601613379
1421	4001	PC	11482.375849954
1421	5101	PC	3231.520981623
1421	5403	PC	13196.0326073349
1421	5800	PC	17952.9798949114
1421	5831	PC	7669.31443892727
1421	5840	PC	22122.9453234113
1422	1422	PC	186252.6482908
1424	602	PC	519.645401684349
1424	1173	PC	978.540114848342
1424	1247	PC	1493.3748648731
1424	1271	PC	11.0320822809588
1424	1273	PC	2436.25150371173
1424	1439	PC	279.887590584034
1424	1504	PC	67.6190169138095
1424	1554	PC	7978.93092106109
1424	1563	PC	6687.78502308768
1424	4001	PC	11549.1656353539
1424	5930	PC	1399.07114711864
1426	1420	PC	8041.16433457966
1426	1426	PC	11778.5686866798
1428	1503	PC	892.093882692474
1428	6020	PC	69.0464323495531
1433	423	PC	2.02581273687223
1438	805	PC	1636.11888207135
1438	1246	PC	.825284619098781
1438	1263	PC	15.2006124187715
1438	1271	PC	151.700074686644
1438	1273	PC	273.060134435959
1438	1401	PC	3356.74250690347
1438	1411	PC	566.795234933794
1438	1428	PC	574.689688102649
1438	1438	PC	607.927910901899
1438	1439	PC	1177.14225717631
1438	1504	PC	6342.67666984632
1438	1511	PC	1158.2937104775
1438	1520	PC	2466.55105074312
1438	2301	PC	153404.995669755
1438	2302	PC	163312.338696797
1438	2303	PC	163312.338696797
1438	2304	PC	163312.338696797
1438	2305	PC	163312.338696797
1438	2306	PC	163312.338696797
1438	5402	PC	1356180.13805087
1438	5403	PC	583449.226520157
1438	5501	PC	408251.486417987
1438	5605	PC	29978.4851270314
1439	1246	PC	1045.38077109787
1439	1263	PC	1945.05088450597
1439	1271	PC	9.68708541424374
1439	1401	PC	5317.97302643441
1439	1438	PC	544.294680684558
1439	1439	PC	1099296.1032962
1439	1504	PC	796.728116928562
1439	1554	PC	330.826244597655
1439	1675	PC	809.039135816362
1443	1923	PC	.833547500617907
1445	829	PC	8.65172077218957
1445	834	PC	10.9783231660713
1445	1445	PC	1528384.26036715
1449	834	PC	25.334591921703
1502	106	PC	559.992293712251
1502	309	PC	.687819250011826
1502	805	PC	817.981369770064
1502	829	PC	18.2440133918094
1502	834	PC	35.6156227156803
1502	937	PC	2.10933420507947
1502	1135	PC	5.64715399304875
1502	1173	PC	2226.9742974187
1502	1263	PC	586.366308055765
1502	1271	PC	892.130050619659
1502	1401	PC	3877.2096494839
1502	1438	PC	224.142518854848
1502	1439	PC	311.796656579313
1502	1502	PC	1276150.39287725
1502	1503	PC	16408.5397316995
1502	1504	PC	30535.890581971
1502	1547	PC	31334.3715831152
1502	1554	PC	53143.5513465478
1502	1557	PC	2588.57818154775
1502	1563	PC	26224.3816597207
1502	1566	PC	1098.61672447085
1502	1671	PC	1444.67308948284
1502	1675	PC	2343.43065227024
1502	1677	PC	3.22144964774966
1502	1703	PC	1.46767426813418
1502	1714	PC	1441.83249003591
1502	1750	PC	1.2382466819028
1502	1833	PC	6542.99656822293
1502	1870	PC	.866449033980592
1503	106	PC	610.976532147208
1503	625	PC	2.02598785060011
1503	805	PC	3208.19412659668
1503	1106	PC	70.3951072518055
1503	1173	PC	257.024734160336
1503	1263	PC	704.37460357635
1503	1271	PC	625.337738584895
1503	1401	PC	8230.60937899378
1503	1416	PC	781.288869072285
1503	1439	PC	305.84597250756
1503	1502	PC	12165.5662662231
1503	1503	PC	169770.253979143
1503	1504	PC	10939.7528100983
1503	1520	PC	299.395798121571
1503	1531	PC	46.0226256166018
1503	1554	PC	10969.6198012178
1503	1563	PC	20104.6401267368
1503	1566	PC	483.482942587856
1503	1569	PC	246.699589057467
1503	1638	PC	391.075701938577
1503	1671	PC	26099.9226540486
1503	1675	PC	93526.6192958199
1503	1702	PC	10564.5933448149
1503	1750	PC	630.739999616601
1503	1804	PC	169.380324272211
1503	1805	PC	74.2468763063748
1503	1833	PC	28429.5665727794
1503	1931	PC	376.049477790347
1503	2301	PC	23825.6370924756
1504	106	PC	523.206463920037
1504	302	PC	346.347722638588
1504	709	PC	49.7555752480019
1504	805	PC	751.147964670363
1504	1037	PC	521.615090444906
1504	1071	PC	715.841274874782
1504	1106	PC	23.8794748243675
1504	1221	PC	340.227651892634
1504	1247	PC	40.1296084453135
1504	1271	PC	1514.24929610851
1504	1273	PC	354.49279956845
1504	1401	PC	3909.46771298715
1504	1411	PC	891.203882159103
1504	1424	PC	13.6207698413308
1504	1438	PC	13.8161858433421
1504	1439	PC	360.384685148557
1504	1502	PC	1927.58683174344
1504	1503	PC	8539.50221454723
1504	1504	PC	16809.4462111755
1504	1511	PC	5496.52641814212
1504	1520	PC	239509.353432273
1504	1554	PC	14770.8596870615
1504	1557	PC	783.041612172126
1504	1563	PC	12574.9795763161
1504	1566	PC	5737.3998896799
1504	1569	PC	49.1251043180637
1504	1671	PC	5844.76771040552
1504	1675	PC	887.431102519651
1504	1702	PC	63.9106410784925
1504	1750	PC	60.0516984812618
1504	1804	PC	556.736081393075
1504	1813	PC	171.991811485806
1504	1833	PC	2018.73421643348
1504	1860	PC	197.715288924529
1504	1865	PC	170.587330135573
1504	1870	PC	3033.81747292304
1504	1871	PC	2880.43655454093
1504	1901	PC	3207.691416148
1504	1931	PC	120.987775471567
1504	1971	PC	864.370676799135
1504	2012	PC	15.5629883940996
1504	2018	PC	740.000748056233
1511	51	PC	1.08676488758524
1511	56	PC	18247.325845
1511	57	PC	3757.38092233722
1511	58	PC	447.747133685121
1511	59	PC	1939.22326540711
1511	60	PC	31.4075052512135
1511	62	PC	39.1235359530688
1511	623	PC	4392.93188387242
1511	805	PC	2968.3590185526
1511	1130	PC	743.6960003754
1511	1263	PC	1144.35621642279
1511	1271	PC	2632.98986096292
1511	1273	PC	3313.07051665271
1511	1401	PC	3018.46532155525
1511	1438	PC	650.62362321861
1511	1504	PC	79151.8003963264
1511	1511	PC	28126.4567766302
1511	1671	PC	2361.13385873631
1511	1675	PC	1762.39764754124
1511	1805	PC	265506.113746164
1511	1833	PC	223.636125960822
1511	3001	PC	6820.97114044002
1511	4001	PC	10307.964958746
1511	4005	PC	31.298828762455
1511	5101	PC	35900.1912964909
1511	5102	PC	65196.2645182106
1511	5104	PC	3314.63290713499
1511	5201	PC	145910.140572082
1511	5203	PC	59772.0688171884
1511	5302	PC	5891.13510262209
1511	5404	PC	343679.995182556
1511	5501	PC	139087.766418173
1511	5605	PC	38593.3033644159
1511	5700	PC	11257.6887940068
1511	5710	PC	1.08676488758524
1511	5730	PC	26.0823573020458
1511	5820	PC	782.90542501641
1511	5831	PC	1383.34302540726
1511	5835	PC	629.888928844407
1511	5842	PC	9040.03636440033
1511	5850	PC	3727.92959388367
1511	5880	PC	58555.761555003
1511	6000	PC	236.914745493583
1511	6020	PC	125088.812090837
1511	6030	PC	84604.7964720657
1511	6040	PC	124192.665764534
1514	520	PC	1.25223975943915
1514	1247	PC	1.77427438707779
1514	1515	PC	3.38777027679523
1515	1515	PC	265487.677870784
1516	1515	PC	110821.68136199
1517	106	PC	1865.79169184183
1517	1504	PC	1589.94369797178
1517	1569	PC	223.625791280781
1517	1671	PC	3666.37879914155
1517	1833	PC	8721.80891247205
1519	1519	PC	830218.028299529
1519	1520	PC	810116.814940271
1520	829	PC	16.2663769275947
1520	834	PC	23.8161882679972
1520	1401	PC	1595.38742834232
1520	1503	PC	569.623129388682
1520	1504	PC	16552.3444040002
1520	1520	PC	214888.156191026
1520	1554	PC	474.041545368426
1520	1671	PC	9365.02595411385
1520	1675	PC	1396.90148830118
1520	1833	PC	17086.3324384844
1524	1102	PC	.709948472969172
1524	1524	PC	2247.96836987017
1524	5930	PC	13821.5084421503
1525	1520	PC	2.08972205659688
1525	1634	PC	3.79801361530368
1528	829	PC	9.12968549832821
1528	1528	PC	1336188.54377133
1529	829	PC	18.2593709966564
1529	834	PC	8.91140088636566
1531	1242	PC	1.23874928523601
1531	1401	PC	307.210768745414
1531	1504	PC	91982.6902259211
1531	1531	PC	16857.5243957546
1531	1824	PC	1.38537209184109
1534	1534	PC	2172534.88651226
1535	1263	PC	.726548764958398
1535	1535	PC	420037.272344609
1535	1851	PC	1.82878940329545
1539	829	PC	9.12200669590472
1539	834	PC	8.90390567892008
1539	1539	PC	908648.727134975
1539	1671	PC	1.15437513907706
1548	1548	PC	51093.2799089144
1548	6030	PC	3.72386327361799
1551	52	PC	9280.25926346379
1551	805	PC	1.52661710094893
1551	834	PC	8.90390567892008
1551	1101	PC	199.355796616842
1551	1102	PC	2.54155327447925
1551	1234	PC	2.81880796975629
1551	1243	PC	1.12425927404023
1551	1244	PC	2.13799414606664
1551	1256	PC	2.03507518745037
1551	1264	PC	5.49498149549631
1551	1271	PC	17.7793029704043
1551	1275	PC	1.30319498212388
1551	1411	PC	14.2867296157992
1551	1428	PC	6.93895885879098
1551	1439	PC	45.5808925461056
1551	1622	PC	6.85371273589096
1551	1805	PC	84.3386486365416
1551	1813	PC	3.69818198825149
1551	1849	PC	2.8419120974054
1551	1852	PC	51.3325153673432
1551	1860	PC	1.49440512733174
1551	1865	PC	29.4711314810709
1551	1866	PC	65.2861433737453
1551	1874	PC	6.65781527328074
1551	1931	PC	17.9951656210756
1551	1971	PC	13.5184590551001
1551	2002	PC	214.909894272862
1551	2003	PC	10.2105914842799
1551	2004	PC	9.37324660290072
1551	2025	PC	6.53122081582811
1551	4001	PC	10648.942343855
1551	5101	PC	11781.3452106862
1551	5403	PC	47606.6520611479
1551	5501	PC	40013.0197599164
1551	5605	PC	20652.1972838341
1554	1504	PC	1.87308497733042
1554	2301	PC	121345.558741034
1557	1106	PC	318.139424524118
1557	1502	PC	407.640366020518
1557	1503	PC	1166.124464998
1557	1557	PC	390.579137627499
1557	1833	PC	806.633925615927
1560	1502	PC	62918.887176623
1560	1551	PC	12141.4415191738
1560	1560	PC	495284.21703409
1563	1149	PC	152.5431930356
1563	1271	PC	188.613738668969
1563	1438	PC	270.097324056587
1563	1439	PC	772.61878641414
1563	1502	PC	16948.4994940172
1563	1503	PC	70417.8770658817
1563	1504	PC	46778.7952980533
1563	1511	PC	651.288370010426
1563	1554	PC	7241.00110976523
1563	1563	PC	37909.8036349117
1563	1671	PC	216.796241483115
1563	1702	PC	442.370134487691
1563	1719	PC	188.64726359421
1563	1750	PC	795.007800521401
1563	1833	PC	1933.88095130762
1563	1837	PC	83.3769013002868
1563	1845	PC	6443.17014884413
1566	829	PC	8.67744159769695
1566	1566	PC	803166.174815182
1566	1567	PC	217160.670539941
1567	829	PC	8.67744159769695
1567	1567	PC	62642.5011172906
1569	1569	PC	4049.04959752751
1569	1677	PC	65218.0170581929
1569	1833	PC	165.576974797783
1571	829	PC	17.3548831953939
1612	1106	PC	280.716574365643
1617	427	PC	1.42926249077724
1617	625	PC	26.844874695083
1627	1627	PC	711470.537359584
1630	1630	PC	222711.687424225
1634	50	PC	36.4294843696665
1634	52	PC	129.775979523669
1634	55	PC	1.12015794184803
1634	56	PC	.633132749740193
1634	58	PC	52.5987207476468
1634	60	PC	1.12015794184803
1634	61	PC	1.02275290342646
1634	306	PC	2916.75627681361
1634	427	PC	1.23146899308581
1634	625	PC	74.1050288864897
1634	815	PC	5.26725004739032
1634	1276	PC	9199.28297786348
1634	1634	PC	15.3156861440535
1634	4001	PC	121.177279187454
1634	5106	PC	2.70000340332819
1634	5201	PC	1.08227820468409
1634	5403	PC	4.4917699283481
1634	5605	PC	12.6701812129819
1634	5800	PC	25.7582212714813
1634	5810	PC	8.98290909887795
1634	5820	PC	26.6781577454628
1634	5831	PC	165.458691932104
1634	5880	PC	84.8506112472326
1635	625	PC	20.299423669921
1636	427	PC	1.18805767686726
1636	625	PC	38.5567445024138
1638	1271	PC	401.603942188019
1638	1503	PC	168.501600773228
1638	1504	PC	116.149545903726
1638	1833	PC	75.0480940798076
1638	5930	PC	9.46486649557787
1640	438	PC	5773.65052190407
1640	1640	PC	285246.147355338
1648	55	PC	99.2808570696318
1648	625	PC	8.46395092404021
1648	1677	PC	6948.33650848152
1653	625	PC	2.59913671138586
1653	1653	PC	189251.293327205
1657	1653	PC	17541.1867483661
1662	625	PC	9.76724297129673
1662	1672	PC	15891.3209848749
1662	1677	PC	52971.0699494862
1663	1274	PC	14.0341806373496
1664	1664	PC	35158.5211924499
1671	106	PC	1482.76250927171
1671	602	PC	2447.63787382685
1671	1037	PC	12794.3362058573
1671	1071	PC	2236.1312479027
1671	1102	PC	38.8566775736811
1671	1106	PC	1744.72504954162
1671	1238	PC	660.014315961668
1671	1271	PC	342.24263236082
1671	1273	PC	191.056231858463
1671	1401	PC	716.819436705237
1671	1438	PC	261.057693464345
1671	1502	PC	2505.54102408323
1671	1503	PC	3038.34712667249
1671	1504	PC	1576.06628853159
1671	1520	PC	92.0279037277668
1671	1531	PC	20376.2474474848
1671	1563	PC	1108.79074456154
1671	1674	PC	88036.1229674306
1671	1702	PC	1835.55214773736
1671	1703	PC	3853.16537820656
1671	1719	PC	8412.54898410052
1671	1750	PC	713.117943272598
1671	1804	PC	6352.7231050618
1671	1805	PC	322.924435158803
1671	1820	PC	3.97382416310006
1671	1833	PC	13876.8500209826
1671	1860	PC	707.878932345194
1671	1865	PC	1.37893400872424
1671	1868	PC	54703.9142642571
1671	1870	PC	4.50708792537545
1671	1901	PC	1207.09830472283
1671	1931	PC	351.252993439392
1671	1941	PC	7.39039910469928
1671	1971	PC	351.578240319031
1671	1972	PC	29.5297929121716
1671	2014	PC	119.315560836615
1671	2030	PC	48.2421092176853
1673	1673	PC	695059.77149482
1674	1271	PC	5.74125571527937
1675	805	PC	45943.7879239112
1675	1037	PC	583.545754930517
1675	1502	PC	465.306499047774
1675	1503	PC	9252.31856081917
1675	1702	PC	657.392593942226
1675	1750	PC	429.552931288886
1675	1804	PC	812.765735654217
1675	1805	PC	117.427067330474
1675	1860	PC	113.20735512576
1675	1865	PC	89.6307105670757
1675	1870	PC	28.3302669595028
1675	1901	PC	102.681298801521
1675	1931	PC	227.855291495815
1675	1971	PC	291.823835837931
1675	2012	PC	76.5755110522872
1675	2014	PC	23.8631121673231
1675	2025	PC	57.5401800948676
1676	625	PC	8.12261253071112
1677	58	PC	12.9322550460262
1677	305	PC	2.77064508340013
1677	625	PC	19.474906877576
1677	1121	PC	4.99402478981067
1677	1135	PC	1.45375308171306
1677	1449	PC	1815.62147746902
1677	1563	PC	13866.5122421117
1677	1620	PC	.918504942542792
1677	1671	PC	72852.6280114448
1677	1675	PC	662098.558537712
1677	1677	PC	3795429.92235929
1677	1703	PC	11821.0179341059
1677	1751	PC	9440.67589613146
1677	1913	PC	.914358858317881
1702	625	PC	18.5681470303104
1702	1401	PC	1355.40461796377
1702	1438	PC	267.435384938592
1702	1503	PC	2919.38844833739
1702	1504	PC	305.099622055943
1702	1554	PC	2701.05666335244
1702	1563	PC	1828.63119018016
1702	1671	PC	4744.71788079564
1702	1675	PC	15088.86995659
1702	1721	PC	15130.7398595985
1702	1729	PC	8587.67669176704
1703	1563	PC	787.842971042109
1703	1804	PC	4392.66000612791
1703	1868	PC	21386.7886926906
1711	50	PC	536.146908109235
1711	62	PC	3133.22341539602
1711	1711	PC	796800.360752872
1714	720	PC	2.17504527541727
1714	1664	PC	7041.13725273764
1714	1744	PC	14568.0096138888
1714	1804	PC	371.340225952118
1714	1805	PC	71.4770209341386
1714	1871	PC	71.4192163740541
1714	1901	PC	145.662739296607
1714	1931	PC	1.86685070567597
1717	1717	PC	45751.1795972388
1718	62	PC	32.1630433460367
1719	625	PC	51.0367912473684
1719	1271	PC	284.918413565992
1719	1401	PC	549.211037259686
1719	1554	PC	2069.50192781507
1719	1557	PC	433.588847860701
1719	1563	PC	121.967595923508
1719	1640	PC	4368.78912947666
1719	1664	PC	12025.8132318796
1719	1671	PC	42834.2961010555
1719	1702	PC	60713.5314550171
1719	1717	PC	14230.7494676418
1719	1719	PC	423251.885610203
1719	1721	PC	7351.97905259057
1719	1868	PC	1944.83197272731
1721	58	PC	24936.4963771517
1721	219	PC	853.598278075563
1721	540	PC	93.9638015030453
1721	720	PC	.846358476895238
1721	1271	PC	62.8958970344353
1721	1674	PC	15026.2601595331
1721	1677	PC	60105.0406381324
1721	1702	PC	220839.049828029
1721	1719	PC	127178.733411386
1721	1729	PC	27439.0065801636
1721	1742	PC	9112.38513248252
1721	3001	PC	117016.169653411
1721	6040	PC	33779.4259690185
1724	1723	PC	52981.6644556023
1725	1749	PC	37157.2584881296
1729	105	PC	2.51972617018104
1729	219	PC	4.0642877942636
1729	220	PC	3.13033316291699
1729	226	PC	49.5588827634256
1729	228	PC	1.27406941740025
1729	233	PC	1.16228661133941
1729	305	PC	1.28943967079289
1729	306	PC	23.9949237192732
1729	312	PC	2.60647733691786
1729	415	PC	1.16982561705357
1729	418	PC	17.0397919330325
1729	419	PC	11.4663597472877
1729	427	PC	.956715095886718
1729	502	PC	2.17902465054773
1729	514	PC	2.00748147576336
1729	538	PC	6.15039509873661
1729	602	PC	5.78836796787007
1729	625	PC	19.6029747268795
1729	806	PC	3.57853926383186
1729	1253	PC	4.1062415131032
1729	1256	PC	.778609294404139
1729	1503	PC	11.0201043840725
1729	1515	PC	28.7309590850008
1729	1563	PC	1.38944844816412
1729	1630	PC	54.2571962802834
1729	1702	PC	9466.558677142
1729	1721	PC	7717.09588280695
1729	1804	PC	1.2072875446097
1736	625	PC	16.4490869600455
1736	1422	PC	29240.9835122774
1736	1736	PC	17853.6848008212
1738	50	PC	47.2012503931492
1738	51	PC	774.060458532031
1739	625	PC	9.43104749768546
1742	1742	PC	281576.934127035
1743	1743	PC	247037.476889722
1750	1554	PC	561.638173412554
1750	1675	PC	1.40131411168057
1750	1804	PC	2795.54102715925
1750	1868	PC	1785.13494140457
1751	625	PC	22.132413968444
1751	1750	PC	8575.46989385217
1751	1751	PC	28566.021742382
1804	402	PC	29.6494045795837
1804	1804	PC	625366.447192112
1804	2002	PC	2.198785482258
1805	709	PC	2573.94807998497
1805	805	PC	14980.3915348868
1805	1238	PC	443.160452723851
1805	1503	PC	325.598660293847
1805	1511	PC	43916.6784056123
1805	1671	PC	3467.19690782067
1805	1675	PC	1937.55121319391
1805	1804	PC	5418.30980514672
1805	1805	PC	114022.051895749
1805	1850	PC	800.406370643556
1805	1851	PC	4996.00505341905
1805	1868	PC	11904.0991244475
1805	1901	PC	8501.51744370149
1805	1931	PC	13421.8264235959
1805	1941	PC	655.134546835407
1805	1971	PC	1403.47580603635
1813	301	PC	71.9091222457161
1813	1671	PC	1561.18702507861
1813	1676	PC	2.80180076643442
1813	1804	PC	262.546322524143
1813	1931	PC	1.30888583672268
1820	1531	PC	1.78322873464389
1820	1820	PC	69958.5079753605
1820	1931	PC	2.35703669119145
1824	106	PC	1816.51563665866
1824	805	PC	1849.12424269816
1824	1671	PC	1879.09727837305
1824	1824	PC	660367.567766963
1824	1833	PC	141705.997557889
1828	720	PC	2.98879089514681
1832	213	PC	2.70805301258482
1833	104	PC	2172.5305864248
1833	106	PC	2369.71076881326
1833	302	PC	1150.15745499481
1833	805	PC	11150.4666579152
1833	1438	PC	933.181124892563
1833	1502	PC	131.30381362473
1833	1504	PC	213.117653699748
1833	1511	PC	501.712248012738
1833	1671	PC	4374.62854446399
1833	1675	PC	802.857631951852
1833	1804	PC	1729.82458339465
1833	1833	PC	112852.08269302
1833	1901	PC	1356.97627003388
1833	2030	PC	23.7345068036964
1833	5102	PC	21.2192801060556
1837	1401	PC	1.29654269730805
1841	1841	PC	73130.5851673311
1841	4001	PC	45.9443756610534
1841	5101	PC	235.128562248996
1841	5102	PC	75.7087169555965
1841	5605	PC	62.7300797632085
1841	5840	PC	26.1735850046491
1841	5880	PC	27.0388274841416
1848	1848	PC	7412.59201629631
1850	805	PC	2231.27866843352
1850	1671	PC	1609.18727074736
1850	1675	PC	815.811037134276
1850	1804	PC	1939.76210048422
1850	3001	PC	1.81770852893565
1850	5101	PC	565.480465036502
1850	5106	PC	1360.71050999036
1850	5201	PC	22.5635858108591
1850	5404	PC	1514.61531071549
1850	5605	PC	23.4687724301772
1850	5880	PC	22.7607759434568
1850	6020	PC	75.0979740091991
1851	1401	PC	3590.16387892908
1851	1503	PC	254.277048991385
1851	1504	PC	3.81626485141453
1851	1554	PC	123.020752361483
1851	1569	PC	231.696546712926
1851	1804	PC	134976.6342074
1851	1805	PC	25890.3939180757
1851	1868	PC	51996.1623417886
1851	1901	PC	11.9752332199901
1854	1122	PC	2.92895821605448
1860	1804	PC	2888.79874039357
1860	1860	PC	177326.048003077
1865	709	PC	21.4515557389541
1865	1401	PC	1031.30477811178
1865	1804	PC	417.2030408047
1865	1805	PC	520.283185474576
1865	1901	PC	24.7196519022547
1865	2002	PC	48.1287512452052
1866	214	PC	1.04671418851214
1866	305	PC	1.51933803424096
1866	1401	PC	725.188036461358
1866	1528	PC	4.8005897433465
1866	1805	PC	32337.2365242465
1866	1866	PC	369619.854407576
1866	1931	PC	2.33557744035072
1868	1805	PC	4038.23087204959
1870	106	PC	2113.66594003286
1870	1504	PC	705.503021832969
1870	1675	PC	341.836894544025
1870	1805	PC	3052.65712192368
1870	1833	PC	31282.537905909
1870	1901	PC	138.612530819649
1870	2014	PC	6.11474473876386
1871	213	PC	1.13531941979295
1871	1703	PC	6776.39387530207
1871	1832	PC	1.83331303610843
1871	1865	PC	17134.5977307638
1871	1871	PC	341142.152508284
1871	1915	PC	6.76158686925119
1871	1924	PC	15573.2965572647
1871	1931	PC	13654.7154809144
1871	1942	PC	14595.7481842699
1901	105	PC	1915.89475682706
1901	106	PC	6355.18535819479
1901	1106	PC	1390.00502799361
1901	1149	PC	228.582695520375
1901	1676	PC	.870027840423011
1901	1805	PC	2626.98602075733
1901	1833	PC	4547.08591049241
1911	1911	PC	463330.967379884
1913	1860	PC	5280.00702531024
1913	1901	PC	4692.53917619944
1913	1917	PC	5146.50389113985
1913	1931	PC	3406.02620085685
1924	720	PC	1.32835964761283
1924	1924	PC	60502.942972334
1931	1677	PC	2.03414729175424
1931	1871	PC	.778911181806658
1931	1924	PC	58882.1273361621
1931	1931	PC	46665.3467145751
1931	1972	PC	16.0228603725758
1931	2014	PC	6.46528138953987
1931	2022	PC	18.0430249261551
1933	1933	PC	253214.852098494
1933	1940	PC	12525.8138665452
1938	1971	PC	2.64337178647879
1940	1940	PC	31569.8599110228
1942	1942	PC	.759294837858512
1971	105	PC	1536.41224686749
1971	106	PC	3592.90355018554
1971	310	PC	.92939400590148
1971	1172	PC	.9622856655005
1971	1263	PC	6.28039850356191
1971	1401	PC	1805.43096903374
1971	1504	PC	157.182296684153
1971	1671	PC	71.3672253715201
1971	1805	PC	14762.9551435148
1971	1833	PC	6819.27627839433
1971	1901	PC	916.302833969562
1971	1971	PC	83887.0798075127
1972	1971	PC	2.70698595645549
1972	1972	PC	1605355.37285515
1973	1972	PC	130650.228276258
1973	1973	PC	251275.033979286
2002	1106	PC	12.3027219395984
2002	1820	PC	2.19727556981219
2002	2003	PC	1.10430705691091
2002	2030	PC	3.71460557781991
2002	2301	PC	61.2421270112987
2004	2004	PC	541364.571633174
2011	51	PC	97.25332924261
2011	4001	PC	163.165884609695
2011	4003	PC	26.2788619437396
2011	4004	PC	26.1711616898718
2011	5101	PC	554.807087774508
2011	5102	PC	32.2023759064678
2011	5106	PC	25.7403606744006
2011	5501	PC	79.8058881160288
2011	5840	PC	179.740953679947
2011	5880	PC	716.529788982375
2012	52	PC	34.8948822531624
2012	58	PC	4.3618602816453
2012	1106	PC	46336.7267928202
2012	1120	PC	1.28226853071869
2012	1146	PC	26494.796811613
2012	1149	PC	238288.457240462
2012	1173	PC	1366.10272334384
2012	1219	PC	2185.53691555227
2012	1263	PC	20.5018592084217
2012	1271	PC	1382.24563029143
2012	1401	PC	149.693497069038
2012	1504	PC	82.8340662120246
2012	1551	PC	1.44606370873843
2012	1554	PC	535.623787529743
2012	1563	PC	877.077721567937
2012	1804	PC	7.41667285191784
2012	1813	PC	8.66592257932185
2012	1820	PC	10.0589877375936
2012	1833	PC	4992.03972391053
2012	1871	PC	302.543089731223
2012	1901	PC	1.22962696203181
2012	3001	PC	765.754190012646
2012	4001	PC	34.2486807299557
2012	5404	PC	2834.0524823429
2012	5820	PC	12.7086299563986
2012	6020	PC	53.7962768069587
2014	1504	PC	1.83857797156018
2014	1671	PC	62.8261196726989
2017	2017	PC	1926684.01323367
2018	1504	PC	90.6207742559453
2018	1931	PC	1.02432688772895
2019	806	PC	2128.46834504156
2019	1149	PC	129.845860651004
2019	1554	PC	32761.9439995333
2019	1612	PC	8970.92064451762
2025	1805	PC	33427.7527259407
2025	1833	PC	124970.560466036
2025	2030	PC	1.41166647370086
2027	2027	PC	12212.7539534293
2028	1941	PC	38.176214565311
2030	51	PC	1.34005592143861
2030	623	PC	2853.07974043015
2030	1263	PC	544.534712377989
2030	1271	PC	158.9375833515
2030	2002	PC	8.71353325643894
2030	2003	PC	6467.05583375189
2030	2012	PC	4723.52757105293
2030	2027	PC	215.561427503208
2030	2030	PC	90186.6652641868
2030	5831	PC	139171.302182663
2030	6010	PC	284518.704155608
3001	302	PC	345.413766976949
3001	418	PC	5.16439396347501
3001	602	PC	1.73384240253983
3001	709	PC	2.77370060251602
3001	1551	PC	76.2031124057138
3001	2012	PC	10.7535534804456
3001	2030	PC	1.75501884561975
4001	104	PC	879.957809286787
4001	105	PC	58.1884638740462
4001	106	PC	24.9154675290089
4001	124	PC	279.544583216851
4001	125	PC	485.054503072398
4001	211	PC	241.225707328227
4001	213	PC	1288.67988152397
4001	216	PC	1.29960315130085
4001	219	PC	3193.43307262364
4001	220	PC	1.16547632441473
4001	227	PC	186.763213379079
4001	228	PC	10.7406587379005
4001	229	PC	189.29730963829
4001	230	PC	10.7479144720693
4001	231	PC	240.055307378818
4001	233	PC	36.7820062643415
4001	235	PC	110.62516299371
4001	236	PC	1.53206613761532
4001	237	PC	49.2031787329809
4001	301	PC	12.8832880410604
4001	302	PC	1961.06312318558
4001	303	PC	845.621222772302
4001	304	PC	42.5783313443796
4001	305	PC	2420.37519967795
4001	306	PC	7.70060110709455
4001	309	PC	17.289045672311
4001	310	PC	2.8128156919947
4001	312	PC	1765.71396163413
4001	412	PC	3.71282277656682
4001	418	PC	75.1323684760364
4001	419	PC	21.0183810828924
4001	522	PC	3.27258658386467
4001	534	PC	.891524372198269
4001	602	PC	96.2715994010239
4001	604	PC	.942758175918051
4001	605	PC	123.169309024223
4001	626	PC	5.71658011588935
4001	704	PC	3.71189376140064
4001	706	PC	140.012723210548
4001	709	PC	13.0340814146566
4001	711	PC	132.168531451615
4001	713	PC	29.7512189061793
4001	722	PC	.682898628540982
4001	723	PC	7.39328636487164
4001	728	PC	31.339137773615
4001	805	PC	1.63348714656958
4001	806	PC	1165.52841725708
4001	819	PC	31.1698786786345
4001	834	PC	9.35852734877716
4001	904	PC	92.9129834669405
4001	906	PC	69.0095081302479
4001	941	PC	11.9986418922097
4001	1004	PC	2.33391884231232
4001	1018	PC	867.032080612845
4001	1071	PC	180.723275472132
4001	1072	PC	8.95201483416543
4001	1073	PC	7.43017231235731
4001	1074	PC	35.8080593366617
4001	1075	PC	29.5416489527459
4001	1102	PC	34.8759490533612
4001	1121	PC	2.2162347354136
4001	1122	PC	3.03430789599592
4001	1146	PC	19.3547747802928
4001	1149	PC	30.5482607225081
4001	1172	PC	29.646867056503
4001	1173	PC	28.6067142631647
4001	1224	PC	64.1924917900051
4001	1247	PC	7.04411361537354
4001	1271	PC	34.6732784721689
4001	1273	PC	51.2939397985651
4001	1274	PC	1756.10502227032
4001	1275	PC	575.236600286839
4001	1277	PC	20.6600590855332
4001	1424	PC	9.45951232413014
4001	1438	PC	228.659788426067
4001	1504	PC	34.3798692195415
4001	1548	PC	62.60413277495
4001	1671	PC	4.34948050470451
4001	1676	PC	2025.5264691266
4001	1702	PC	.898878544430388
4001	1714	PC	33.5554035478158
4001	1804	PC	12.4648999667279
4001	1805	PC	51.1692587942536
4001	1845	PC	481.586028449277
4001	2003	PC	1.18221822359716
4001	2012	PC	3.05426371042241
4001	2028	PC	1.48467272609311
4002	214	PC	1.10827160735183
4002	219	PC	20.5372838860352
4002	220	PC	6.28899220351195
4002	230	PC	30.3827970941889
4002	237	PC	7.10665817414821
4002	304	PC	10.6590910433483
4002	306	PC	7.2837122129547
4002	722	PC	2.97330777443788
4002	1146	PC	17.8838118969905
4003	106	PC	10.0016454568536
4003	219	PC	21.8655596645889
4003	309	PC	2.5581818504036
4003	626	PC	6.33091317182168
4003	628	PC	21.2421341446862
4003	704	PC	.861395028439322
4003	1119	PC	18.8738270816093
4003	1149	PC	1.26402776008637
4003	1677	PC	1.21531588147596
4004	106	PC	28.3667562000101
4004	213	PC	1.62853737019625
4004	227	PC	36.3824441647557
4004	231	PC	14.1939575685923
4004	233	PC	373.866318211273
4004	237	PC	.717969298206926
4004	304	PC	29.6085862315232
4004	502	PC	35.0462628186327
4004	605	PC	24.6338618048446
4004	628	PC	.790208970600269
4004	1074	PC	23.2776257727859
4004	1075	PC	4.81021597089156
4004	1504	PC	23.7102546341666
4004	1714	PC	33.5554035478158
4004	1845	PC	113.760479161247
4005	233	PC	33.3916519152483
4005	304	PC	11.0143940781266
4005	517	PC	5.41997729872513
4005	1102	PC	9903.75473150117
4005	1146	PC	18.0497099665359
4005	1149	PC	435.70737777561
4005	1430	PC	.774522079290027
5101	104	PC	.814735934569152
5101	105	PC	104.717727943515
5101	106	PC	18102.0953616182
5101	211	PC	1.23705490937552
5101	213	PC	1.98380944332831
5101	217	PC	175.4552602264
5101	219	PC	2087.51821357491
5101	221	PC	29.9180138249973
5101	226	PC	1.05442552127577
5101	230	PC	94.2158852199606
5101	231	PC	7.07332218834851
5101	301	PC	457.896786070506
5101	302	PC	6.64771978070159
5101	304	PC	1.40818436117124
5101	305	PC	242.334434870525
5101	306	PC	11.2631062024714
5101	309	PC	8.3176440441595
5101	312	PC	1.24356062172397
5101	403	PC	3.54790513991983
5101	412	PC	33.6587838879838
5101	417	PC	3.31564345015869
5101	418	PC	300.332735086489
5101	602	PC	43.0448049460544
5101	711	PC	238803.282470497
5101	713	PC	95.7852763761976
5101	805	PC	22.3549896171328
5101	806	PC	27.5349069479889
5101	1124	PC	1080.28527653395
5101	1172	PC	1.47354979056263
5101	1173	PC	31.2058400233301
5101	1246	PC	.766437223322007
5101	1271	PC	3.0515144741276
5101	1273	PC	30.8713526565438
5101	1277	PC	30.8713526565438
5101	1430	PC	65.3101801963888
5101	1445	PC	32.6782928515039
5101	1449	PC	28.6978796862467
5101	1502	PC	221.125060180259
5101	1515	PC	91.7698626247083
5101	1548	PC	83.2269329233932
5101	1554	PC	66.8413448601032
5101	1653	PC	32.5670350701519
5101	1664	PC	62.5584123804777
5101	1676	PC	36.505388377579
5101	1804	PC	1.18983136046039
5101	1833	PC	29.7239339922913
5101	1865	PC	66.7329196343551
5101	1929	PC	29.7715040183118
5101	1931	PC	1.01702128783362
5102	105	PC	1.77552479090006
5102	106	PC	82.7895599179046
5102	217	PC	11.7003518507531
5102	219	PC	2.518058347969
5102	230	PC	1076.26968714248
5102	301	PC	881.15152625013
5102	304	PC	1.68176769795052
5102	305	PC	31.8564700982204
5102	306	PC	1585.97799977429
5102	711	PC	305.385842988733
5102	713	PC	151.259462933115
5102	904	PC	233.393804006938
5102	1102	PC	2.80961526847261
5102	1172	PC	43.9050001535924
5102	1271	PC	2.41271494608065
5102	1548	PC	3326.37963172712
5103	312	PC	3.10534852396215
5103	713	PC	59.4407109202491
5103	720	PC	24.6814681720944
5104	418	PC	2538.60840369234
5104	602	PC	15.7378707575537
5106	105	PC	1.16018477251948
5106	301	PC	53.6211496652885
5106	305	PC	8.86362637426878
5106	519	PC	6.15268645932434
5106	602	PC	264.382791448282
5106	713	PC	434.477304109182
5106	1074	PC	28.6512218772409
5106	1102	PC	1.98397783116303
5106	1246	PC	1.26162505896627
5106	1247	PC	22.6417937637007
5106	1277	PC	162.098348641206
5106	1673	PC	2.70070195883546
5106	1676	PC	29.167581155423
5106	1850	PC	.944411238923741
5201	211	PC	601.208685956505
5201	230	PC	79.7548423722458
5201	303	PC	1.06590910433484
5201	805	PC	54.2999848172854
5201	1074	PC	9.18238001589796
5204	125	PC	4.17407666395666
5402	125	PC	3.66276456377822
5402	302	PC	.746136373034385
5403	124	PC	1.72511747300489
5403	125	PC	1.98010527256601
5403	217	PC	.849047654874571
5403	219	PC	4.52872793882226
5403	412	PC	36.2993490772056
5403	602	PC	4.33460600634957
5403	605	PC	32.024020346298
5403	1124	PC	1765.86805246366
5403	1172	PC	1.8604665301136
5403	1227	PC	21.6768760265915
5403	1260	PC	59.5281635731927
5403	1271	PC	4.1854430043968
5403	1273	PC	123.485410626175
5403	1274	PC	92.6140579696314
5403	1430	PC	32.2201184984651
5403	1551	PC	211.231739935099
5403	1702	PC	.879153936872355
5403	1824	PC	1.67472755525255
5403	2012	PC	3.31602071828851
5404	104	PC	29.4210198594416
5404	219	PC	135.798886705969
5404	704	PC	2.84578521707382
5404	1102	PC	8.90175134565579
5404	1124	PC	1.37897245604889
5404	1127	PC	14.5504856881774
5404	1850	PC	7.37770564339667
5501	106	PC	1.29777909615046
5501	219	PC	27869.869795321
5501	626	PC	12.6618263436434
5501	926	PC	18001.4671218737
5501	1002	PC	1.04898938176693
5501	1224	PC	23.2418156354077
5501	1274	PC	2.27498121884377
5501	1275	PC	13.3067403546879
5501	1277	PC	1.1719240412311
5501	1520	PC	.759419020313509
5501	1548	PC	23.6047455753128
5501	1551	PC	252.86752369329
5501	1671	PC	1.33684746962355
5501	1677	PC	1.47863432246242
5605	104	PC	11.5160661195976
5605	106	PC	6.34824364792727
5605	125	PC	.812445428408525
5605	219	PC	362.842135708942
5605	220	PC	2.59128655376594
5605	228	PC	30.2196105489929
5605	231	PC	3.97430811920586
5605	302	PC	41.2317328425699
5605	306	PC	1.30751516798406
5605	418	PC	21.641269942181
5605	627	PC	1.54051619986449
5605	904	PC	1.14406515161479
5605	926	PC	3.46391867345145
5605	1072	PC	1.40725673193081
5605	1075	PC	.993076845603418
5605	1106	PC	39.5794231297134
5605	1121	PC	11.6352323609214
5605	1124	PC	169.196865671379
5605	1172	PC	2.9709678215521
5605	1272	PC	122.315861304379
5605	1674	PC	1.07758008157535
5700	106	PC	76864.4537166275
5700	309	PC	11.2986365059493
5700	521	PC	7.67515965203083
5700	805	PC	86807.0521743277
5700	1529	PC	.634775790035358
5710	213	PC	6.1489397272856
5710	301	PC	12.6724749070919
5710	305	PC	1.2790909252018
5710	308	PC	2.20287881562533
5710	309	PC	30.7929296807841
5710	612	PC	2.70365544738551
5710	1074	PC	55.8605725651923
5710	1149	PC	31.2406510380681
5720	231	PC	78.0099907969835
5720	521	PC	79.0069162911007
5720	626	PC	57.4940707307658
5740	304	PC	1.68650507174756
5740	602	PC	9.37358548873094
5750	428	PC	1.37931021016013
5750	628	PC	.816549269620278
5760	237	PC	2.46337741970997
5770	231	PC	1.06454681764443
5770	233	PC	1.20801466049017
5800	104	PC	26.5920756421876
5800	233	PC	2.10197023831453
5800	306	PC	42.8649424591008
5800	545	PC	1.49033571231896
5800	1274	PC	3.51695948341087
5800	1276	PC	3.08832262537194
5800	1504	PC	40.6986520795469
5800	1653	PC	1.46357733818374
5810	1515	PC	.847106424228077
5810	2004	PC	24.209794307842
5820	219	PC	76.5489737782578
5840	125	PC	1.91127479754199
5840	219	PC	12.4706839683165
5840	220	PC	191.86367743907
5840	228	PC	.756960711052033
5840	238	PC	4.85596566914762
5840	301	PC	1.33001769352002
5840	302	PC	2.11760608727854
5840	307	PC	27.7835129762121
5840	310	PC	1.30277779418702
5840	312	PC	.799431828251126
5840	604	PC	1.23289455141999
5840	620	PC	30.6375628646814
5840	623	PC	4.64658543386184
5840	626	PC	3.14200875934854
5840	1102	PC	4.10815824602015
5840	1124	PC	52.7587879545289
5840	1149	PC	2.99334181222908
5840	1172	PC	23.1145065186294
5840	1173	PC	.879356226252207
5840	1271	PC	2.25123402449258
5840	1401	PC	.929811941553016
5840	1503	PC	1.87984965976736
5840	1702	PC	6.44290216877769
5840	1865	PC	1.30646988686289
5841	215	PC	1.46839595264597
5841	231	PC	1.517570630042
5841	305	PC	3.83727277560541
5841	1119	PC	19.3342175779655
5841	1130	PC	14.1097134119169
5842	105	PC	8.89793614928177
5842	229	PC	2.14219588569958
5842	304	PC	1.14170708508753
5842	706	PC	.752119432969579
5842	1221	PC	14.0395898003065
5842	1653	PC	1.21964778181979
5842	1865	PC	1.33647030648715
5850	2015	PC	1.17554809159689
5880	106	PC	1.41715586182551
5880	211	PC	38.7198186634539
5880	219	PC	76.4230708608594
5880	231	PC	32.6366397693833
5880	302	PC	93.8000011814655
5880	305	PC	1.68176769795052
5880	306	PC	3.24746973787346
5880	403	PC	9.84215166592575
5880	418	PC	281.724521916508
5880	626	PC	64.2552515200057
5880	806	PC	796.807211019585
5880	1124	PC	2045.35216776075
5880	1503	PC	17.5432356058764
5880	1551	PC	24.6574015488442
5880	1634	PC	131.287154012859
5880	1841	PC	24.3109797853203
6000	308	PC	7.61059100495072
6020	106	PC	49.7801112864928
6020	124	PC	169.993327631869
6020	213	PC	64.3104562871319
6020	217	PC	8.50298093246993
6020	219	PC	6958.67816616666
6020	220	PC	65.0834762341214
6020	231	PC	30.7535747319501
6020	304	PC	17.4856466848883
6020	305	PC	848.087025833664
6020	308	PC	.729555564744731
6020	309	PC	4226.86255323979
6020	521	PC	33.3701863695846
6020	612	PC	22.3571508149186
6020	619	PC	36.7379171541229
6020	626	PC	5442.20537337057
6020	627	PC	135.822178288053
6020	704	PC	.663427361164622
6020	722	PC	6.2270498654072
6020	901	PC	19.2255967141982
6020	904	PC	1.35392325634886
6020	1072	PC	23.4447300496903
6020	1074	PC	739.794505895431
6020	1102	PC	141.196241688038
6020	1121	PC	28.8110515603768
6020	1149	PC	28.8798770181347
6020	1172	PC	211.467585289131
6020	1173	PC	29.3956224204309
6020	1175	PC	1.80896137971883
6020	1243	PC	19.3598146373644
6020	1272	PC	105.259438961639
6020	1275	PC	1.69317495723967
6020	1277	PC	215.425048276233
6020	1516	PC	2.16725142379384
6020	1551	PC	229.270390411046
6020	1636	PC	3.65744410317533
6020	1671	PC	46.5871087899117
6020	1805	PC	3.1474349703005
6030	106	PC	47.2779270000169
6030	231	PC	2.34791714780465
6030	309	PC	38.6463110928333
6030	602	PC	25.5286620743958
6030	1071	PC	22.6784375798858
6030	1172	PC	.869306440809325
6030	1175	PC	2.81017125446598
6030	1677	PC	128.080790397772
6030	1850	PC	2970.99416649394
6030	1972	PC	2713.07486852946
6040	1272	PC	24.4512986637002
6050	1124	PC	259.419193294198
