50	301	PC	12.7005883381517
50	602	PC	11.1619223985996
50	625	PC	35.4555698893223
51	403	PC	26.6482254575481
52	104	PC	22.4950902252437
52	220	PC	73.531515459714
52	301	PC	2.214387126789
52	709	PC	89.8940419546414
56	104	PC	1.93241075554016
56	233	PC	2.13563790913157
57	1439	PC	6.70179564010175
58	104	PC	363.727616846164
58	106	PC	633.72297328528
58	111	PC	32.2080479727229
58	119	PC	228.555816221209
58	128	PC	.592555253353019
58	137	PC	1.90589194286793
58	215	PC	10.94919750771
58	219	PC	31.487326628985
58	220	PC	523.536909695515
58	230	PC	4.64493708825515
58	231	PC	21.5504790740091
58	235	PC	2.21470801427632
58	301	PC	320.613399053967
58	602	PC	2.59749935676649
58	626	PC	75.1898178790382
58	709	PC	6311.74684870527
58	1004	PC	5.57774065062836
58	1034	PC	1.8472791053472
58	1101	PC	1.13350520630527
58	1106	PC	1.55152970504239
58	1127	PC	14.0979417935153
58	1146	PC	4.41281859011431
58	1271	PC	464.932984359959
58	1416	PC	85.9160317840291
58	1438	PC	1.66063158500963
58	1439	PC	733.910026115347
58	1441	PC	1.83528087679761
58	1504	PC	8.59579094972796
58	1531	PC	4.64896194521328
58	1534	PC	3.0547780621336
58	1621	PC	22.3393019080865
58	1860	PC	23.7779248179191
60	402	PC	2.20382956035276
62	220	PC	14.8652611170028
62	301	PC	6.78726241530318
62	926	PC	1.2763907115044
62	1102	PC	.847990329955797
62	1173	PC	.631329784462682
62	1271	PC	2.62889497856807
62	1277	PC	3.79740982074522
62	1416	PC	2.23802124331054
104	4001	PC	7.52873613574215
104	4003	PC	146.024765327714
104	4004	PC	347.433921315495
104	4005	PC	1.84472592553697
104	5501	PC	1.75950013762095
104	6010	PC	5.76648677915617
104	6020	PC	103.858619451524
105	58	PC	18.3296096128694
105	211	PC	99.1567483491926
105	231	PC	197.723712346448
105	309	PC	561.73268489372
105	412	PC	140.17957877804
105	519	PC	70.2890753399519
105	542	PC	4.98815245039686
105	602	PC	194.607520238335
105	617	PC	174.269988989124
105	709	PC	359.028150694754
105	906	PC	107.127532112637
105	926	PC	8.39744404880998
105	1072	PC	60.8681341978133
105	1102	PC	172.467625626552
105	1106	PC	33.1359282621752
105	1122	PC	5.55686910028271
105	1124	PC	36.0064927250242
105	1274	PC	583.991313802144
105	1276	PC	20.9611225145762
105	1439	PC	14.290639868068
105	1502	PC	3.73698730612994
105	1528	PC	56.8673077311283
105	1531	PC	7.68445596711899
105	1554	PC	.871011887278087
105	1566	PC	18.0989110366186
105	1673	PC	8.0965701437679
105	1719	PC	13.6127883518689
105	1804	PC	5.00465824193251
105	1870	PC	11.2022235035981
105	1901	PC	.845690981451279
105	1931	PC	25.2162649532652
105	1973	PC	7.67205665788617
106	58	PC	96.146019873508
106	211	PC	537.32599282842
106	230	PC	312.757220353227
106	235	PC	125.063377565736
106	305	PC	40.2469361079046
106	309	PC	616.70289825139
106	412	PC	391.839004327788
106	542	PC	84.5572278297448
106	626	PC	427.356863099235
106	709	PC	372.781717692227
106	926	PC	192.045959548615
106	1122	PC	219.164434386213
106	1172	PC	41.4531001598072
106	1245	PC	6.94940196784367
106	1274	PC	6.19678071498035
106	1275	PC	8.73990860092031
106	1276	PC	375.383068176724
106	1502	PC	42.6976251962607
106	1514	PC	5.40159382136782
106	1531	PC	92.9256175874909
106	1534	PC	34.4661828168573
106	1653	PC	6.74321553017549
106	1671	PC	2.82060126515352
106	1673	PC	124.18775892802
106	1674	PC	1.74557965088746
106	1677	PC	88.0939918587247
106	1804	PC	1.5701627502259
106	1805	PC	2.84525306685838
106	1928	PC	20.7492250380242
106	1971	PC	12.4624814580927
106	1973	PC	75.0815952353285
106	4001	PC	3.63596267952165
106	5201	PC	4.90786872546667
106	5810	PC	1.69133544867636
106	5860	PC	1.23649966779238
106	5880	PC	5.31504207422209
106	6020	PC	29.8652799717562
111	52	PC	6.6591226602475
111	58	PC	241.701640459032
111	62	PC	289.85159117908
135	230	PC	2.50292404187701
135	1860	PC	1.81819378339844
137	230	PC	248.523056131689
137	235	PC	51.0193301598515
137	309	PC	53.1213109861514
137	1127	PC	1.45561290674965
137	1172	PC	51.9913642024062
137	1274	PC	29.3592715154271
137	1275	PC	32.3077280927953
137	1674	PC	1.41128970007764
137	1677	PC	54.0824644091955
137	1805	PC	7.25926660826568
137	1971	PC	28.6225541826825
211	542	PC	2.10476409634392
217	52	PC	128.706734441325
217	58	PC	27.693629210254
217	4001	PC	3.47479789165093
217	4004	PC	21.5944698804027
217	5605	PC	1.71351166976958
219	123	PC	63.0671074390962
219	301	PC	20.2502164989305
219	4001	PC	1.61532211205944
219	5101	PC	.898937819211163
219	5403	PC	2.613834582014
219	5700	PC	5.53192504129947
219	5860	PC	1.09255519565664
219	5870	PC	.954257069624158
219	5920	PC	.54858256659553
219	6000	PC	637.471382134144
219	6010	PC	2.12979114090029
219	6020	PC	10.6996650173801
219	6030	PC	36.727372336694
219	6040	PC	1.49361976115086
220	58	PC	24.4806122827639
226	230	PC	4.27617454080294
226	1547	PC	1.85831070242505
230	226	PC	291.883387840545
230	230	PC	2475.45109920804
230	231	PC	15.1130142664232
230	235	PC	32.8222827998045
230	301	PC	27.6892857877559
230	305	PC	1.08620285890416
230	306	PC	20.329767690108
230	309	PC	12.379750220074
230	312	PC	1.89196788878215
230	544	PC	7.96441807858011
230	626	PC	22.4257279992593
230	706	PC	1.1368734692007
230	709	PC	3.6091998201133
230	1002	PC	1.18354260311557
230	1071	PC	16.4237407433646
230	1072	PC	9.43600441461697
230	1074	PC	1.53622248463257
230	1101	PC	63.2579575804712
230	1119	PC	4.30092448441951
230	1124	PC	3.48407805767619
230	1127	PC	11.8895753191794
230	1146	PC	3.86266849542912
230	1149	PC	2.39023506707129
230	1238	PC	.835692592462891
230	1243	PC	2.69658654504033
230	1245	PC	102.978383053058
230	1271	PC	99.4551159034041
230	1274	PC	8.31653788823688
230	1277	PC	1.07070091652638
230	1439	PC	7.08987572670894
230	1511	PC	26.7882805512199
230	1525	PC	193.447528147236
230	1528	PC	6.48264233648716
230	1531	PC	1.6645152052368
230	1532	PC	25.5649940184281
230	1534	PC	66.8553109352828
230	1545	PC	13.8136479581434
230	1547	PC	64.9413365602113
230	1554	PC	2.79269020565265
230	1617	PC	38.4344869055538
230	1620	PC	82.4605399008842
230	1671	PC	6.56394371170701
230	1674	PC	2.20036470154732
230	1677	PC	7.13818264250156
230	1805	PC	.910538546972092
230	1851	PC	3.99188752735146
230	1971	PC	.795099620856655
230	1972	PC	.770314719957133
231	230	PC	71.5147864982396
231	231	PC	3.29079543259287
231	235	PC	365.546798431996
231	309	PC	17.531245020713
231	709	PC	1.29792378146382
231	1072	PC	32.6620276011969
231	1074	PC	3.45996055097425
231	1102	PC	.812173957125932
231	1127	PC	122.966761626598
231	1172	PC	8.1268456637288
231	1245	PC	21.2170382229398
231	1263	PC	.734394238287241
231	1271	PC	4.92879652677158
231	1273	PC	2.48176366286606
231	1274	PC	14.7417356959369
231	1277	PC	29.8784101914822
231	1503	PC	1.03232686917832
231	1504	PC	.864087640039885
231	1671	PC	1.01685932661955
231	1674	PC	37.2565369147665
231	1677	PC	.658092674847728
231	1804	PC	17.6045152649516
231	1971	PC	9.98633227043527
231	2004	PC	.817317759854321
235	230	PC	59.6369939542524
235	235	PC	1.2283310052018
235	301	PC	3.76538007332676
235	309	PC	1.49344811853015
235	1245	PC	32.6625493075487
235	1547	PC	1.19876465012021
235	1620	PC	.887506867694049
237	1523	PC	.868728884828001
237	6000	PC	34.9156668856685
301	50	PC	73.8826276718627
301	56	PC	31.3995980675645
301	58	PC	75.6766137823262
301	101	PC	11.6343023109394
301	104	PC	4.82492067315425
301	105	PC	11.848267083527
301	106	PC	23.9245656716987
301	124	PC	6.70434067909798
301	136	PC	4.04854467840325
301	211	PC	278.163842681521
301	213	PC	99.5001422988828
301	214	PC	54.9134221981591
301	216	PC	7.73318495949731
301	217	PC	22.6802058423435
301	219	PC	52.2821592923472
301	220	PC	23.6240705922472
301	227	PC	1.28343508409525
301	229	PC	3.35286746625277
301	230	PC	109.851879394906
301	231	PC	75.7985198076892
301	233	PC	2.03519860534533
301	235	PC	141.722493662932
301	301	PC	23.3086921939138
301	302	PC	7.11170955614513
301	303	PC	20.770010855225
301	304	PC	5.68366553980407
301	305	PC	16.6975547955213
301	306	PC	280.852037373738
301	308	PC	5.75195919209919
301	309	PC	143.524131469521
301	310	PC	3.1723503001602
301	311	PC	20.6557398676814
301	312	PC	9.5718546252277
301	402	PC	3.03001276173786
301	412	PC	18.3985715642758
301	438	PC	.466012289851737
301	522	PC	6.71063057840152
301	542	PC	4.15979133109529
301	602	PC	28.1406023140668
301	604	PC	6.77253029201865
301	605	PC	5.60690132992396
301	617	PC	2.69630689700642
301	623	PC	2.76804752907038
301	624	PC	1.00808014512492
301	625	PC	5.73552185104635
301	626	PC	35.5795228303992
301	627	PC	5.85179808992207
301	701	PC	11.2721419363977
301	702	PC	4.3570091586009
301	704	PC	20.5818082049448
301	709	PC	42.2303707950444
301	713	PC	2.57015634837188
301	716	PC	4.94382570391053
301	719	PC	1.27852480300671
301	720	PC	657.268824539552
301	722	PC	6.20023788541924
301	723	PC	1.10297561500676
301	807	PC	3.54434079704735
301	826	PC	1.98353973250206
301	926	PC	12.7705507561317
301	1004	PC	12.7461684168142
301	1071	PC	28.5353731917863
301	1072	PC	.863777876822755
301	1102	PC	50.8513941820034
301	1122	PC	29.1985213430716
301	1124	PC	29.5620308658796
301	1127	PC	13.9243379401587
301	1172	PC	8.30654042043364
301	1216	PC	19.3537380481455
301	1235	PC	8.35611351270929
301	1245	PC	20.4696804539945
301	1271	PC	140.618793705408
301	1274	PC	5.67040519823232
301	1276	PC	41.3180617544427
301	1277	PC	65.7612884289561
301	1401	PC	13.4149326141094
301	1420	PC	1.5558494425159
301	1439	PC	5.3260895940102
301	1502	PC	13.183114716231
301	1503	PC	16.6930229132993
301	1504	PC	10.5473784371127
301	1515	PC	.626985383337859
301	1517	PC	1.08084430782273
301	1519	PC	2.28977372007074
301	1520	PC	.86692535808873
301	1525	PC	2.58196545059606
301	1531	PC	23.8020379521495
301	1547	PC	1.49435773112308
301	1671	PC	5.66806460059573
301	1673	PC	20.5927736882614
301	1674	PC	21.235936855093
301	1677	PC	102.443456711656
301	1805	PC	23.5600409464532
301	1833	PC	23.7942631575347
301	1865	PC	14.5912257704421
301	1972	PC	.608469911499313
301	1973	PC	10.4165855232908
301	2002	PC	1.16991310556102
301	2030	PC	.673461843665733
301	4001	PC	5.71115547425108
301	4002	PC	2.48972629054297
301	4004	PC	15.9522296160178
301	5101	PC	.885236014415279
301	5403	PC	73.6765336622567
301	5501	PC	12.863585834472
301	5700	PC	8.79979925579689
301	5720	PC	2.68198848742379
301	5800	PC	29.0398908166387
301	5840	PC	724.380331508388
301	5850	PC	73.5880100608151
301	5860	PC	2.57271716689441
301	6000	PC	83.4473261713653
301	6020	PC	161.688358032951
301	6030	PC	1.18261998800791
301	6040	PC	5.84117451386832
305	211	PC	2.69328435529487
305	230	PC	1.61179145448734
305	1677	PC	3.6294146625068
306	230	PC	43.4252435426767
306	301	PC	.905527480159366
306	706	PC	6.50754322616569
306	1245	PC	12.7337688010751
306	1246	PC	1.21145102012618
306	1511	PC	5.08700519942629
306	1532	PC	10.5243503289987
306	1534	PC	3.17792004669822
306	6000	PC	347.026349463515
309	101	PC	44.6455458154069
309	104	PC	29.2164930884931
309	105	PC	53.643149567575
309	106	PC	124.128763395849
309	124	PC	30.3452711637014
309	136	PC	21.6932429170268
309	213	PC	109.28799187813
309	216	PC	45.5143910846482
309	217	PC	48.1420616588391
309	219	PC	290.104037244514
309	220	PC	1039.95917441005
309	227	PC	6.38036055835921
309	230	PC	69.0021532349424
309	231	PC	124.979122344429
309	233	PC	11.3184899213477
309	235	PC	44.036967937336
309	301	PC	64.5176313135138
309	302	PC	40.3623925209682
309	303	PC	118.510515569242
309	304	PC	30.9894964454097
309	305	PC	99.6127721875685
309	306	PC	2349.97514826149
309	308	PC	32.2321004502925
309	309	PC	115.191650064473
309	311	PC	109.293704965027
309	312	PC	30.2322294202957
309	402	PC	16.3324448829937
309	403	PC	5.04805538870176
309	427	PC	3.11917969327217
309	502	PC	66.8057780647531
309	534	PC	1.52329633724455
309	542	PC	.597719160530164
309	602	PC	130.551323450181
309	604	PC	35.7286111014118
309	605	PC	34.0729162851583
309	617	PC	13.3370773538056
309	623	PC	15.7378120912656
309	624	PC	4.56416391490101
309	625	PC	21.9792812917433
309	626	PC	30.804191214254
309	627	PC	34.1775672800248
309	701	PC	61.0195336514121
309	702	PC	19.0332176323164
309	704	PC	110.314283324138
309	706	PC	38.7479633676711
309	709	PC	45.9633334797597
309	713	PC	15.2757184225981
309	716	PC	30.177301870883
309	719	PC	6.55336811293475
309	720	PC	21.7968259118802
309	722	PC	21.3812073697286
309	723	PC	13.6124831598253
309	728	PC	1.01007055856997
309	805	PC	23.7338430001188
309	806	PC	36.871995642997
309	807	PC	20.5441675144084
309	814	PC	10.9782132635507
309	815	PC	3.24180488147522
309	821	PC	9.69531005238863
309	826	PC	12.0522609368182
309	828	PC	3.38702172944424
309	1124	PC	24.2911280248642
309	1271	PC	58.5026754322015
309	1401	PC	7.08206851360911
309	1504	PC	19.2611512706521
309	1515	PC	2.92175008906222
309	1520	PC	4.08001791377308
309	1531	PC	24.0195978765305
309	1532	PC	5.51261290888056
309	1547	PC	2.20229569163369
309	1833	PC	189.205420472565
310	1271	PC	101.921898563099
402	52	PC	8.83618652442307
402	59	PC	2.42433507396777
402	235	PC	1012.75854590233
402	309	PC	1228.23568472564
402	4004	PC	5.53866292133178
402	6030	PC	3.18787358871438
403	301	PC	.541500917959536
403	519	PC	.527442245361204
403	542	PC	.452723464275057
403	1274	PC	.84539348412184
403	1971	PC	1.20712111147045
412	301	PC	21.2577788936115
542	211	PC	18.616922738272
542	230	PC	9.65089707890055
542	309	PC	8.5853746351959
542	412	PC	19.3371544698293
542	542	PC	3.98080179733947
542	625	PC	5.17270580778429
542	626	PC	4.9498573176365
542	709	PC	2.88291217348063
542	1274	PC	2.71682170830144
542	1432	PC	8.68124687554598
542	1673	PC	1.55845049455362
624	1149	PC	7.86962349454952
625	211	PC	2.24995604965078
625	412	PC	.762472765881381
625	542	PC	.591125137755466
625	709	PC	4.48203467733975
625	926	PC	.824780858810234
625	1276	PC	3.44440190524733
626	58	PC	10.9896657509601
704	6030	PC	318.26311146401
706	309	PC	120.963285595297
706	704	PC	106.332386370158
706	706	PC	1088.47727998827
706	709	PC	560.825516967612
706	723	PC	224.177074094279
706	805	PC	357.13977890147
706	806	PC	928.249688092923
706	1871	PC	179.859744526648
709	106	PC	19.8257915927354
709	230	PC	9.48745623994834
709	235	PC	9.00021283270133
709	709	PC	1.84110832632045
709	1271	PC	1.63146263416566
709	1534	PC	72.4281692725806
716	1534	PC	7.74929061399745
716	1860	PC	1.84642174956983
814	211	PC	20.3096864283612
814	235	PC	4.73597161462367
814	305	PC	1.1528350005634
814	309	PC	.576417500281701
815	101	PC	1.20632479401692
815	104	PC	.581651258116334
815	105	PC	1.53093727209213
815	106	PC	2.07379877798072
815	125	PC	.864343305587822
815	213	PC	1.67737382956152
815	219	PC	2.78004581193027
815	220	PC	1.36528376443582
815	221	PC	.664097787934787
815	230	PC	1.1383470383467
815	231	PC	2.25473224617978
815	235	PC	1.2589058309026
815	301	PC	3.82446290853688
815	302	PC	2.53588982500612
815	303	PC	.990152209329936
815	304	PC	2.05456583435962
815	305	PC	1.83040637585854
815	306	PC	1.2981995633437
815	307	PC	.85400628054707
815	403	PC	2.33177858882872
815	501	PC	3.04304746703815
815	502	PC	1.39980908487148
815	520	PC	.742800022192264
815	532	PC	2.85853416446647
815	602	PC	1.111285093415
815	604	PC	.948873545123436
815	620	PC	1.39338904718638
815	623	PC	.95260340154367
815	625	PC	.653433884132315
815	704	PC	2.18743344912775
815	706	PC	5.37999435314954
815	709	PC	2.21665588691915
815	711	PC	2.9989945849957
815	723	PC	1.28355932164694
815	806	PC	4.09828448053749
815	815	PC	1.36671344577232
815	834	PC	.463798366895295
815	904	PC	1.07300960785491
815	906	PC	1.33329590260539
815	1018	PC	1.41385026601139
815	1032	PC	.651512376023614
815	1071	PC	2.95628340487948
815	1072	PC	.989937768681991
815	1074	PC	1.89982362212888
815	1102	PC	3.73286664438908
815	1106	PC	.968296032038588
815	1124	PC	.713436610215142
815	1149	PC	1.17687636221831
815	1172	PC	16.7700700853877
815	1173	PC	2.74960619889375
815	1224	PC	1.04210096294597
815	1271	PC	3.03925241423096
815	1274	PC	1.75781440251376
815	1275	PC	1.65645772362087
815	1277	PC	1.09899598971
815	1504	PC	7.37775933743844
815	1634	PC	.699039947313575
815	1640	PC	1.41468761610323
815	1671	PC	4.49837975169132
815	1677	PC	1.25071446963769
815	1702	PC	2.12397326501006
815	1714	PC	2.94489550893762
815	1719	PC	1.23097151695363
815	1804	PC	8.67090877637998
815	1833	PC	1.24779441418978
815	1837	PC	1.2463667003737
815	1841	PC	.876907853670267
815	1860	PC	.733816758391692
815	1871	PC	1.11724712318549
815	1901	PC	.97645398059639
815	1931	PC	.669479538561617
815	1971	PC	2.28018533813488
815	1972	PC	2.49558190738108
815	2003	PC	.655620641581609
815	2004	PC	1.20460728596487
822	4001	PC	1.08056935806716
822	4004	PC	.689646655148667
906	301	PC	26.680814311416
906	5605	PC	.798234274714372
1002	58	PC	54.9043702455377
1004	50	PC	145.808738035753
1004	52	PC	3.1967811018801
1004	58	PC	438.976168580899
1004	135	PC	.715430335778587
1004	211	PC	19.9048504710406
1004	235	PC	45.2815148733811
1004	309	PC	30.0227996669503
1004	709	PC	8.78695805055378
1004	814	PC	1.70616238604988
1004	1124	PC	51.9866449109798
1004	1127	PC	95.7103283598001
1004	1146	PC	1.85590631246699
1004	1172	PC	39.4646605366947
1004	1275	PC	7.7472678457583
1004	3001	PC	11.7215307068937
1004	4001	PC	19.5358845114895
1029	1004	PC	2.16673447748157
1029	1172	PC	2.37575517155892
1029	1401	PC	.965716223327023
1034	50	PC	5.6251288475306
1034	55	PC	3.5636781197806
1034	56	PC	5.87367255229479
1034	58	PC	575.365274662655
1034	3001	PC	8.18532281752029
1034	4001	PC	1.16250146532186
1034	4004	PC	1.17375147950239
1034	4005	PC	.570000718480396
1034	5501	PC	1.51738927000559
1071	235	PC	48.640352349146
1071	301	PC	23.111391276834
1071	305	PC	9.88904680827453
1071	309	PC	85.7366651400476
1071	706	PC	10.1116749200552
1071	806	PC	3.09261203561751
1071	815	PC	2.38305033117472
1071	901	PC	7.07529121368806
1071	904	PC	19.612602323266
1071	906	PC	110.137084951006
1071	914	PC	41.2543126533415
1071	926	PC	50.759594530296
1071	1002	PC	68.0477885976971
1071	1004	PC	6.81118839336872
1071	1014	PC	2.57069871116633
1071	1018	PC	9.28455954977367
1071	1029	PC	2.37413155736611
1071	1032	PC	2.63775360039176
1071	1034	PC	.692696684263131
1071	1071	PC	226.16087624347
1071	1072	PC	139.154477541192
1071	1074	PC	26.7394296052383
1071	1075	PC	1.85122562134629
1071	1102	PC	1.44004993376126
1071	1119	PC	11.2672753276665
1071	1124	PC	9.9099935968379
1071	1149	PC	1.11649036952796
1071	1172	PC	40.6339391869906
1071	1271	PC	5.02915645659593
1071	1273	PC	1.36245212165312
1071	1275	PC	6.66611095548741
1071	1531	PC	2.4793020028921
1071	1671	PC	8.05086395218355
1071	1833	PC	402.397960784784
1074	211	PC	12.1999880930739
1074	220	PC	9.37104627893088
1074	231	PC	9.65873414546863
1074	301	PC	193.837263291781
1074	306	PC	.856947604022109
1074	309	PC	148.607568751494
1074	706	PC	47.7350031651366
1074	720	PC	1.8966451308047
1074	814	PC	23.8969506728657
1074	1106	PC	4.60749770182499
1074	1119	PC	1.03969262185226
1074	1124	PC	8.64925109980047
1074	1127	PC	231.386147946299
1074	1271	PC	6.2826350538742
1074	1274	PC	31.096720915918
1074	1674	PC	1.66251688258851
1074	1931	PC	3.29459266046933
1101	50	PC	11.0557396445551
1101	52	PC	19.0204514890792
1101	54	PC	9.28943804453738
1101	58	PC	66.4189368636273
1101	214	PC	154.031099168772
1101	216	PC	.868749156940959
1101	219	PC	20.2941273138385
1101	220	PC	3.90287245558984
1101	231	PC	19.7198463763135
1101	301	PC	524.829811641466
1101	309	PC	44.6825497147218
1101	706	PC	664.266407786528
1101	709	PC	2585.34848614401
1101	1034	PC	5.97215688817723
1101	1071	PC	75.8099757053593
1101	1074	PC	223.148905399901
1101	1106	PC	171.32201426354
1101	1120	PC	26.9430582693186
1101	1122	PC	635.002770366384
1101	1124	PC	9249.17585103336
1101	1127	PC	66.7461310156473
1101	1142	PC	77.1733737326041
1101	1149	PC	119.207149596422
1101	1172	PC	346.020913582813
1101	1173	PC	688.581282685034
1101	1175	PC	1769.95832135043
1101	1246	PC	155.013029166781
1101	1271	PC	807.071492974055
1101	1273	PC	28.5924663014131
1101	1274	PC	46.0644399371832
1101	1275	PC	57.8966283173304
1101	1277	PC	300.916159756782
1101	1439	PC	.710614015365695
1101	1972	PC	4682.85930856759
1101	2025	PC	618.231992279986
1101	4001	PC	5074.1374699026
1101	4004	PC	9.53748348528058
1101	5102	PC	9.91636608158067
1101	5103	PC	1.47191800001472
1101	5605	PC	2.12610377779904
1102	231	PC	.86327662767709
1102	1102	PC	7.45745250692434
1106	50	PC	7.41614447286661
1106	58	PC	5.68933945707437
1106	61	PC	1.17025399021381
1106	106	PC	30.7080434575664
1106	211	PC	21.4066924559788
1106	215	PC	5.77498811595783
1106	219	PC	1.06183662822344
1106	235	PC	26.4759112374507
1106	301	PC	1321.67969404202
1106	306	PC	1528.96750524542
1106	309	PC	50.2254608935303
1106	402	PC	1.68254889493541
1106	403	PC	28.1645023719614
1106	605	PC	12.9824256911224
1106	623	PC	6.07411060106227
1106	704	PC	178.048090235931
1106	706	PC	33.3671171432207
1106	806	PC	1.40358808432569
1106	814	PC	110.881339062766
1106	1002	PC	3.20718813242844
1106	1032	PC	10.0425536725402
1106	1071	PC	20.8278262137223
1106	1072	PC	36.4486958740141
1106	1172	PC	7.36820466572726
1106	1274	PC	1.00126746878711
1106	1275	PC	3.08577760441302
1106	1401	PC	10.8651555897328
1106	1422	PC	28.57594358795
1106	1439	PC	64.9906664638657
1106	1443	PC	2.56378733652733
1106	1502	PC	6.68286161915158
1106	1503	PC	10.0392627993558
1106	1504	PC	27.0805887848766
1106	1528	PC	79.2544054058766
1106	1531	PC	4.07169900604257
1106	1548	PC	1.1533418612656
1106	1554	PC	7.39873999812571
1106	1671	PC	58.8006695496037
1106	1674	PC	.987608144889985
1106	1805	PC	3.4746807880209
1106	1919	PC	2.46331599275269
1106	1926	PC	10.9342303613521
1106	1971	PC	34.5535972378533
1106	1974	PC	9.21429259676089
1106	3001	PC	44.986740600545
1106	4001	PC	10.6465897900382
1106	4004	PC	.774272698176349
1119	50	PC	8.49583770484687
1119	52	PC	1.06460967772474
1119	58	PC	6.26422506023545
1119	1124	PC	221.72181169608
1124	135	PC	5.29008155117118
1124	226	PC	3.34374705019739
1124	301	PC	30.0827061892998
1124	309	PC	19.5727916246533
1124	1071	PC	1.94435758369066
1124	1074	PC	36.8954028423143
1124	1106	PC	8.28045600769999
1124	1119	PC	24.9638702183909
1124	1124	PC	18.8403823200832
1124	1127	PC	7.05980945346417
1124	1146	PC	10.1872072898926
1124	1172	PC	7.57580469280177
1124	1224	PC	9.81297852013741
1124	1271	PC	71.2738147093464
1124	1273	PC	2.07475527770309
1124	1274	PC	.695305292097378
1124	1662	PC	1.01060148511856
1133	235	PC	12016.7958342714
1133	305	PC	29.1075652480687
1133	602	PC	27.1733969772304
1133	1004	PC	.637035853206457
1133	1071	PC	2.75132521998205
1133	1074	PC	36.4333381761833
1133	1133	PC	6.753190584451
1133	1245	PC	18.6965959426559
1133	5106	PC	.889259802122158
1133	5403	PC	54.3216975419807
1133	5605	PC	2.0653333367189
1133	5860	PC	2.84069103455689
1133	5870	PC	1.04021439816141
1141	235	PC	50.3061180411665
1142	1124	PC	3.41338516815378
1142	1539	PC	8.74092973098627
1142	1702	PC	20.8310652523916
1142	2025	PC	3.65625932805834
1144	214	PC	52.5974094502866
1144	227	PC	67.5648062946055
1144	1014	PC	142.308469778815
1144	1121	PC	116.940846396655
1144	1554	PC	66.6873500042305
1144	1841	PC	71.1181801193574
1149	105	PC	5.25999377686649
1149	211	PC	2338.16408188972
1149	213	PC	557.900187351903
1149	214	PC	574.950698240408
1149	230	PC	931.380950099472
1149	231	PC	.795370596590054
1149	235	PC	2013.74142939967
1149	306	PC	5.63360111512806
1149	309	PC	669.071828785368
1149	412	PC	41.347575556146
1149	542	PC	8.14785020389175
1149	626	PC	19.7554196134941
1149	704	PC	12.5251381029236
1149	706	PC	1.33398073810977
1149	709	PC	70.415354754233
1149	926	PC	27.5066575862986
1149	1072	PC	101.050258536916
1149	1101	PC	10.8279666147677
1149	1102	PC	426.080351244628
1149	1122	PC	25.9942131567278
1149	1124	PC	603.645346545395
1149	1172	PC	663.278432145523
1149	1173	PC	6.03744459254784
1149	1271	PC	4.33977928614297
1149	1274	PC	81.5732034668016
1149	1275	PC	263.778107300644
1149	1276	PC	61.7153804424085
1149	1277	PC	512.43238416932
1149	1401	PC	.798644941802012
1149	1439	PC	8.89149295683185
1149	1502	PC	11.1250488422232
1149	1503	PC	2.44860068276971
1149	1504	PC	2.10982781976209
1149	1531	PC	12.9164607442486
1149	1554	PC	291.042581470271
1149	1673	PC	23.9242451330159
1149	1677	PC	1434.50859457212
1149	1702	PC	2.37835258564449
1149	1805	PC	171.902139762969
1149	1870	PC	.68088336577966
1149	1929	PC	1.56783134828944
1149	1971	PC	556.182562083859
1149	1972	PC	56.960165313383
1149	1973	PC	15.7772876774613
1149	4001	PC	1.30360851468004
1149	4004	PC	2.6044955084526
1149	5101	PC	17.6204871154403
1149	5104	PC	2.69430569839925
1149	5201	PC	4.06595223576613
1149	5501	PC	35.1103412273219
1149	5605	PC	20.5883056650407
1149	5700	PC	59.4121621706109
1149	5790	PC	.925317108541155
1149	5820	PC	1.09405140480454
1149	5840	PC	1.66557079537408
1149	5880	PC	4.54766143638903
1149	5910	PC	7.40253686832924
1149	6000	PC	653.571885169424
1149	6020	PC	31.5995792566805
1149	6040	PC	1.22468440836329
1173	5770	PC	4.11694352834332
1175	6000	PC	12.6609736641652
1219	230	PC	39.0012266579677
1219	235	PC	36.51002712384
1219	1071	PC	1.67140194537484
1219	1106	PC	.894248653927505
1219	1274	PC	.8174828111128
1219	1275	PC	1.214549970917
1222	1149	PC	3.98531578778448
1223	831	PC	1.97313051006223
1223	1223	PC	1.17479275014225
1223	1244	PC	104.244329654667
1223	1245	PC	1105.186037625
1223	1271	PC	2608.60927082129
1223	1439	PC	1.34938146255065
1224	235	PC	55.8795574622508
1224	1071	PC	1.33036331068161
1224	1275	PC	1.58369890387649
1238	230	PC	30.0203145451567
1241	104	PC	42.607590714289
1241	302	PC	1.08549773045074
1241	1141	PC	3.3755755393255
1241	1224	PC	12.7304881839679
1241	1241	PC	7.76297431598988
1241	1243	PC	2.18723273748188
1241	1271	PC	1.58783863950235
1241	1401	PC	.808619516178606
1241	1671	PC	75.1487164843199
1241	1833	PC	1.54709306671516
1243	1251	PC	14.6075963133926
1243	1439	PC	15.8215653741175
1244	106	PC	5.53268202860574
1244	230	PC	2.93133642053263
1244	1244	PC	8829.2310595926
1244	1503	PC	6.08091313055512
1245	58	PC	1.52290088547255
1245	106	PC	473.498448502792
1245	211	PC	7.73625480050604
1245	217	PC	6.92324919072404
1245	219	PC	.830022779576009
1245	226	PC	2.92679305225863
1245	228	PC	47.6315274760122
1245	230	PC	825.171525927001
1245	231	PC	188.824203017088
1245	235	PC	8249.33063318609
1245	301	PC	630.209758637401
1245	305	PC	54.3662669850743
1245	306	PC	71.8914504742913
1245	308	PC	1.93913882148233
1245	309	PC	152.212748617648
1245	310	PC	367.501996662686
1245	534	PC	20.7510958125394
1245	709	PC	675.560454859413
1245	1072	PC	86.3024225865637
1245	1102	PC	7.00824473092878
1245	1124	PC	21.197532142996
1245	1127	PC	147.055506415729
1245	1146	PC	1.52699731036848
1245	1149	PC	1.49473057207064
1245	1172	PC	34.2493285926274
1245	1173	PC	2.63960807879436
1245	1245	PC	109.11152457002
1245	1271	PC	183.84928857713
1245	1274	PC	272.294857263543
1245	1275	PC	31.4718271420972
1245	1277	PC	16.8390936699595
1245	1511	PC	86.3688267823269
1245	1525	PC	19.3929987428577
1245	1531	PC	4.22125283378113
1245	1532	PC	259.279668657866
1245	1539	PC	5.17663576357064
1245	1545	PC	4.60100400618385
1245	1671	PC	40.1847631527558
1245	1674	PC	40.6131667520798
1245	1804	PC	5.51774525285876
1245	1813	PC	5.09630335304765
1245	1851	PC	.863752718382596
1245	1865	PC	5.35022341659512
1245	1901	PC	.768015340127327
1245	1971	PC	103.57628514253
1245	4001	PC	2.76591728388528
1245	5700	PC	10.4298130913174
1245	6020	PC	15.2001972163517
1246	1401	PC	1.60481610682933
1246	1439	PC	24.6355941441016
1246	1504	PC	1.27399752400921
1246	1750	PC	4.33631975211148
1246	1870	PC	1.79059651401233
1246	1901	PC	10.1524289761713
1246	1971	PC	4.46078782057053
1246	1972	PC	4.93401165054319
1246	4001	PC	6.71997165499508
1247	106	PC	15.4110084454382
1253	50	PC	1.41039829753674
1253	211	PC	27.8066121048141
1253	309	PC	200.318687685226
1253	1172	PC	59.554264717205
1253	5730	PC	284.343431093861
1253	6020	PC	67.0076389607921
1260	432	PC	46.9610835393781
1260	541	PC	94.500859958696
1260	543	PC	62.1088843186106
1260	605	PC	45.4515768636847
1260	706	PC	85.275119316492
1260	822	PC	82.3867809223989
1260	826	PC	53.5939056401656
1260	1046	PC	53.9320447067842
1260	1130	PC	61.4474828945385
1260	1173	PC	71.9096912436888
1260	1243	PC	41.2491441238205
1260	1516	PC	78.8951329368433
1260	1644	PC	94.9089348664313
1260	1740	PC	61.923969423231
1260	1804	PC	45.8592846222103
1260	1852	PC	69.6782726846094
1260	1929	PC	46.479576019914
1260	2004	PC	46.8337707595181
1260	2015	PC	51.7789090114837
1260	2018	PC	65.7919873727891
1271	50	PC	10.2116678293443
1271	52	PC	4.89523455798743
1271	58	PC	42.4299394451568
1271	104	PC	1.2245124422934
1271	230	PC	297.403492687012
1271	235	PC	3.01499458833242
1271	301	PC	318.233383104449
1271	306	PC	6.90177903387242
1271	402	PC	1.06345617935251
1271	602	PC	110.439224010826
1271	617	PC	7.13278151853804
1271	618	PC	1.62580005590966
1271	706	PC	1.39654409830579
1271	709	PC	28.2795383436896
1271	1002	PC	4.31275564686636
1271	1071	PC	2.09846414503815
1271	1072	PC	1.29109932972651
1271	1074	PC	26.9933203391342
1271	1106	PC	19.1287301503001
1271	1122	PC	5.88151143742408
1271	1124	PC	37.5731545212198
1271	1127	PC	82.3559811128976
1271	1173	PC	9.12436201512809
1271	1219	PC	1.48397546078803
1271	1221	PC	79.7302982553883
1271	1222	PC	4.79315781309295
1271	1223	PC	4.87183525790968
1271	1224	PC	29.1945119813207
1271	1227	PC	.646932811904403
1271	1228	PC	3.20756823607975
1271	1231	PC	6.10347457536702
1271	1232	PC	2.86613231737003
1271	1233	PC	11.1419048548981
1271	1235	PC	108.511388946391
1271	1238	PC	37.1008453602639
1271	1243	PC	63.0853286596043
1271	1244	PC	27.4740240954231
1271	1245	PC	60.4160236393122
1271	1246	PC	95.5771684189618
1271	1247	PC	53.6205662327291
1271	1251	PC	3.92193508408417
1271	1253	PC	8.60498253895402
1271	1256	PC	3.32774415206503
1271	1259	PC	6.41223767067499
1271	1260	PC	12.2215134204351
1271	1263	PC	36.0499167570225
1271	1271	PC	737.386495470478
1271	1272	PC	196.771497276193
1271	1273	PC	340.462630467772
1271	1274	PC	148.868828382457
1271	1275	PC	247.753419387684
1271	1276	PC	106.073519629235
1271	1277	PC	193.465749909179
1271	1417	PC	10.7618886935272
1271	1419	PC	3.2138992545496
1271	1420	PC	45.0075830938887
1271	1421	PC	9.07035025520442
1271	1422	PC	8.33966178311879
1271	1430	PC	1.13939034182912
1271	1439	PC	37.0572113835664
1271	1449	PC	1.23064234220593
1271	1504	PC	5.27546362701474
1271	1515	PC	68.4878512841961
1271	1520	PC	.977899230959126
1271	1523	PC	27.5885737992437
1271	1532	PC	1.28210985111942
1271	1653	PC	1.90708394489055
1271	1671	PC	2.81916070705533
1271	1702	PC	55.9158005956726
1271	1833	PC	83.3001986983089
1271	1971	PC	30.3784295722742
1271	1972	PC	5.90658823361584
1271	1973	PC	16.6165435021382
1271	4001	PC	32.0906772172999
1271	4004	PC	10.892171288078
1271	4005	PC	20.2326300523096
1271	5101	PC	9.83300058214572
1271	5104	PC	2.17870865417154
1271	5106	PC	2.02641856562428
1271	5201	PC	515.152094123633
1271	5302	PC	1.44058191869025
1271	5403	PC	98.4205566849177
1271	5404	PC	17.4982683723575
1271	5501	PC	19.3120296071276
1271	5605	PC	21.5991249008958
1271	5700	PC	123.224633359204
1271	5720	PC	1.15109355217249
1271	5750	PC	4.04460523457033
1271	5760	PC	105.277726617883
1271	5790	PC	13.5689096912824
1271	5800	PC	25.4365607357307
1271	5810	PC	39.2730070690556
1271	5820	PC	11.0074178415732
1271	5840	PC	29.1546340687312
1271	5842	PC	155.761204979908
1271	5860	PC	168.837572853277
1271	5870	PC	63.3362130423015
1271	5880	PC	5.89952595273149
1271	5920	PC	273.532206789785
1271	6000	PC	608.010632619626
1271	6010	PC	172.034292729989
1271	6020	PC	265.602146323091
1271	6030	PC	1707.07036588903
1271	6040	PC	14.6280803972147
1271	6050	PC	743.74912091252
1272	6000	PC	2436.31214088895
1273	52	PC	24.2168680445729
1273	58	PC	29.6416879555265
1273	226	PC	9.45897287766623
1273	230	PC	187.96499170473
1273	235	PC	30.8767994082273
1273	302	PC	1.31252993551233
1273	303	PC	1.63746977900674
1273	305	PC	1.97376123275422
1273	306	PC	2.02910033273799
1273	309	PC	57.8279689107764
1273	311	PC	1.27705615347146
1273	412	PC	7.87925238551238
1273	1072	PC	8.8837109843567
1273	1122	PC	15.9692418807467
1273	1243	PC	34.9783055640305
1273	1271	PC	21.8302574806059
1273	1273	PC	1.29796074073762
1273	1274	PC	138.908652624472
1273	1275	PC	12.3572784975505
1273	1276	PC	5.92735404936846
1273	1439	PC	1.68015578562457
1273	1865	PC	2.74641810019156
1273	4005	PC	10.6671661122064
1273	5760	PC	7.54590528837749
1273	5841	PC	4.11594833911499
1273	5920	PC	12.8719424391923
1274	231	PC	2.35796749490268
1274	1271	PC	4.14193694155382
1274	1439	PC	1.41685660066724
1274	4001	PC	.854745271756214
1274	4004	PC	1.26771208844742
1274	5201	PC	307.937418956448
1274	5501	PC	10.6753980088846
1274	5605	PC	5.09554404382436
1274	5790	PC	6.51691820359874
1274	5800	PC	54.083561175971
1274	5880	PC	34.5616182035486
1274	6030	PC	31.2400478938828
1275	1274	PC	1.9504023397484
1275	1534	PC	2.13809923756953
1275	5720	PC	19.9458856513513
1275	5850	PC	6.60609708427957
1275	5880	PC	12.3711687246
1275	6000	PC	39.3690458636349
1275	6030	PC	1.01252329142229
1275	6050	PC	38.4155178317399
1277	5101	PC	2.68634228266239
1277	5403	PC	6.42911130569762
1277	5605	PC	10.7549730101075
1277	5700	PC	9.48040100776154
1277	5810	PC	.839653461179459
1277	6020	PC	2.12245736020363
1277	6030	PC	4.91169835134389
1401	230	PC	2.62501613357315
1401	709	PC	26.15330075446
1401	1245	PC	6.60755884629032
1401	1432	PC	1.0920240361207
1401	1445	PC	.760123477559716
1411	230	PC	15.0348370340487
1411	1245	PC	3.28179271745367
1411	2025	PC	13.7134323124153
1412	1271	PC	.593467277491253
1412	1432	PC	1.63467362132324
1412	1445	PC	.847611051361217
1416	50	PC	2.95205036621425
1416	52	PC	1.11897613730653
1416	54	PC	.721884207864751
1416	56	PC	.878718835459404
1416	58	PC	35.0441969999797
1416	61	PC	.824216021614453
1416	62	PC	15.4109486902406
1416	4001	PC	376.637055743957
1416	4004	PC	2.96873212967002
1416	4005	PC	10.798112083927
1416	5101	PC	4.87627273053256
1416	5102	PC	1.73436455996512
1416	5403	PC	1.90687740360054
1416	5404	PC	37.7100475331504
1416	5501	PC	1.76040606987451
1416	5605	PC	55.2939379905997
1416	5710	PC	2.09634154770559
1416	5790	PC	3.30727175849204
1416	5810	PC	20.9217490612008
1416	5831	PC	31.8383500152155
1416	5840	PC	15.5155316040123
1416	5860	PC	6.94657276832876
1416	6000	PC	3.86536869116265
1416	6010	PC	19.3795590192795
1416	6020	PC	13.4068856785536
1416	6050	PC	18.4372683223203
1428	230	PC	22.6156115896124
1428	235	PC	1.03261876123297
1428	6020	PC	24.9200017470698
1438	58	PC	14.5654539323864
1438	305	PC	2745.19554997535
1438	5810	PC	10.7080095393038
1439	58	PC	85.4576288717386
1439	137	PC	57.5825538933596
1439	226	PC	57.0744325569456
1439	230	PC	17.9577979466674
1439	231	PC	7.09337444566798
1439	301	PC	60.9330159390357
1439	305	PC	1.21259733212011
1439	306	PC	2.59330474892052
1439	309	PC	1.7513763740053
1439	403	PC	52.5545564945759
1439	412	PC	2.0176192987042
1439	1124	PC	1.43231373609476
1439	1149	PC	2.05567092484681
1439	1172	PC	36.2321569394558
1439	1243	PC	123.332911908963
1439	1246	PC	1.21032517289067
1439	1271	PC	14.4728465009782
1439	1273	PC	7.85684815855309
1439	1274	PC	1.68200973946921
1439	1439	PC	1.43095405168279
1439	1449	PC	6.592349687941
1439	1865	PC	39.448963199081
1439	1871	PC	1.49764854617433
1439	4001	PC	42.2791496388719
1439	4005	PC	138.804528047374
1439	5201	PC	1.03123126778076
1439	5403	PC	2.22500803255022
1439	5404	PC	5.37199544146256
1439	5501	PC	15.588379629244
1439	5700	PC	4.31145269061827
1439	5880	PC	278.076707483625
1439	6000	PC	3.13766102793758
1439	6010	PC	1.33367247939088
1439	6030	PC	13.4006771205929
1439	6050	PC	370.362579569028
1441	58	PC	25.008024413753
1441	105	PC	5.41185094715484
1441	137	PC	6.28194310999451
1441	211	PC	167.911457976833
1441	231	PC	1.38989908890107
1441	235	PC	3.03304013539918
1441	301	PC	1.989761985888
1441	309	PC	31.7474516967211
1441	412	PC	28.9117029382275
1441	542	PC	10.9295739621441
1441	602	PC	7.73783783144216
1441	626	PC	13.493596100628
1441	709	PC	15.8100374734242
1441	926	PC	11.7609353640454
1441	1122	PC	9.54413552353312
1441	1271	PC	.983156400588996
1441	1274	PC	1.47893612396293
1441	1276	PC	23.7526104757683
1441	1502	PC	3.63894759018673
1441	1528	PC	8.03763606405494
1441	1529	PC	1.12645576702336
1441	1531	PC	6.66782020252447
1441	1566	PC	8.0733336353434
1441	1673	PC	14.3958231935709
1441	1677	PC	17.1774863594731
1441	1971	PC	1.41688098642972
1441	1973	PC	15.3010515949367
1441	3001	PC	.839374287728525
1441	4001	PC	.799404083550976
1441	5700	PC	1.636113691001
1502	230	PC	1.70001129663428
1502	301	PC	3.09757080658131
1502	1271	PC	.815778829783166
1502	1502	PC	6.60677743068193
1502	1653	PC	3.92459469215412
1502	1676	PC	1.3216567065221
1503	211	PC	22.2155583630213
1503	226	PC	9.41252134305699
1503	230	PC	2.6592459209645
1503	231	PC	3.94624978576547
1503	235	PC	12.4948622526054
1503	305	PC	.845915347041029
1503	309	PC	30.4668165145609
1503	412	PC	9.65497767637376
1503	542	PC	1.88850097215792
1503	709	PC	12.5995512560192
1503	926	PC	5.87883722991832
1503	1071	PC	2.44901925173285
1503	1106	PC	2.03326893984906
1503	1122	PC	7.06792787047098
1503	1243	PC	3.68369710284139
1503	1247	PC	22.0792611620036
1503	1271	PC	3.08314610129504
1503	1272	PC	1.13916209965676
1503	1274	PC	7.26168690727659
1503	1275	PC	5.57667778416963
1503	1276	PC	13.5808447430311
1503	1401	PC	7.10879349582569
1503	1432	PC	1.46335301680016
1503	1445	PC	.763821433442531
1503	1502	PC	1.87655493718872
1503	1531	PC	4.01110815644076
1503	1677	PC	7.24777544574225
1503	1804	PC	8.16291338257411
1503	1865	PC	1.04516895593783
1503	1973	PC	3.42898363405168
1503	5201	PC	128.151498690906
1503	5403	PC	11.6204702066223
1503	5404	PC	8.12430916333418
1503	5605	PC	36.9696688477522
1503	5880	PC	16.9256440902795
1503	5890	PC	3.67354179335427
1503	6030	PC	278.988776668896
1503	6040	PC	17.8328586135185
1503	6050	PC	1.01553864541677
1504	50	PC	767.299326209269
1504	51	PC	27.9179715585927
1504	52	PC	293.350943254265
1504	54	PC	216.075848293985
1504	55	PC	5.22441573026296
1504	56	PC	252.097106334205
1504	57	PC	7.42846611646765
1504	58	PC	5091.91148630417
1504	59	PC	60.8712458822123
1504	60	PC	36.40764712027
1504	61	PC	60.4249937052523
1504	62	PC	20.8976629210518
1504	106	PC	129.315273254079
1504	125	PC	1.79308496175363
1504	211	PC	128.520675202716
1504	213	PC	122.113833781079
1504	217	PC	1.547290655785
1504	219	PC	7.31424109369182
1504	220	PC	138.957090085622
1504	230	PC	9.66721806355791
1504	231	PC	1.04076879861272
1504	235	PC	15.2706522443494
1504	301	PC	63.9682691064878
1504	302	PC	5.01934098596551
1504	303	PC	3.42678386672024
1504	304	PC	15.5670418109509
1504	305	PC	92.1695598740862
1504	306	PC	2.08854621534243
1504	307	PC	15.7186569634502
1504	309	PC	9.23546640347476
1504	403	PC	2.14983336149208
1504	417	PC	4.381175089245
1504	501	PC	1.14655536850226
1504	514	PC	21.6949868462064
1504	517	PC	1.28054155745186
1504	544	PC	.837897603487569
1504	602	PC	.955573441304595
1504	620	PC	1.84066192702504
1504	704	PC	7.24885339208647
1504	706	PC	1.85220469865359
1504	709	PC	3.68257364024742
1504	720	PC	3.17899731405375
1504	806	PC	1.98942763560211
1504	1072	PC	9.34683587067822
1504	1101	PC	4.45126821387624
1504	1102	PC	1.84592121285915
1504	1106	PC	1.88283807218426
1504	1124	PC	25.0620348924052
1504	1130	PC	2.64152810420412
1504	1149	PC	1.0837044752417
1504	1172	PC	17.1707953297042
1504	1173	PC	19.9189051773663
1504	1175	PC	2.98707656482626
1504	1235	PC	15.937782630003
1504	1246	PC	.880156069229844
1504	1260	PC	8.4054056861107
1504	1271	PC	159.339739412742
1504	1272	PC	10.2225300707529
1504	1273	PC	53.5915740309226
1504	1274	PC	196.748897963017
1504	1275	PC	12.0075810795613
1504	1277	PC	13.7219977442298
1504	1401	PC	7.08274332062139
1504	1418	PC	6.27090872057085
1504	1419	PC	3.9998822894918
1504	1420	PC	1.89817550526645
1504	1421	PC	1.99293466788554
1504	1424	PC	.897320309824868
1504	1430	PC	1.0324040699924
1504	1432	PC	2.41752426312869
1504	1439	PC	1.03398057546166
1504	1445	PC	.902575301673696
1504	1502	PC	.770527277283572
1504	1504	PC	7921.18766042833
1504	1514	PC	10.7629490609972
1504	1515	PC	1.48545919625983
1504	1519	PC	.922433824481347
1504	1528	PC	.99905825123666
1504	1531	PC	16.0194845654411
1504	1539	PC	.835566485820093
1504	1617	PC	18.9051195321365
1504	1653	PC	1.53420702001433
1504	1671	PC	29.8629874972324
1504	1674	PC	1.26840107085773
1504	1676	PC	5.49250552936065
1504	1677	PC	2.06100932131587
1504	1714	PC	1.12537031665125
1504	1748	PC	1.93828522545631
1504	1804	PC	21.9675470868375
1504	1805	PC	.76211299780274
1504	1813	PC	.576326766432889
1504	1833	PC	.743361430823117
1504	1870	PC	1.24692617683077
1504	1901	PC	1.08495341916039
1504	2012	PC	.799141408423141
1504	3001	PC	564.649137922115
1504	4001	PC	447.284815381645
1504	4002	PC	9.76856899564791
1504	4003	PC	13.7195333916593
1504	4004	PC	115.617408530663
1504	4005	PC	5.29244197675075
1504	5101	PC	790.37655006779
1504	5102	PC	42.9245615338012
1504	5104	PC	13.2651180651208
1504	5106	PC	72.5214208557127
1504	5201	PC	1918.4394692758
1504	5203	PC	89.0463566525287
1504	5204	PC	374.16612408177
1504	5402	PC	2.44894487356076
1504	5403	PC	1326.24378310092
1504	5404	PC	67.6983599797277
1504	5501	PC	133.981774032509
1504	5605	PC	1296.72039212521
1504	5700	PC	1680.92174808886
1504	5710	PC	37169.1315629294
1504	5720	PC	3073.47887679101
1504	5740	PC	26.6934991218123
1504	5800	PC	1.36052492975598
1504	5810	PC	53.4482218654635
1504	5820	PC	54.856365167761
1504	5831	PC	1.63262991570717
1504	5840	PC	41.0796897290519
1504	5841	PC	19.5779537391885
1504	5842	PC	1.74147191008765
1504	5860	PC	865.017668764061
1504	5870	PC	2.17683988760956
1504	5880	PC	4479.10248691854
1504	6000	PC	26265.265737022
1504	6010	PC	31.9043096027777
1504	6020	PC	839.344563339567
1504	6030	PC	212.493586153938
1504	6040	PC	58827.405469636
1504	6050	PC	124.709796636222
1511	58	PC	22.2405910838711
1511	306	PC	1.30452312818959
1511	5800	PC	1.03090476121918
1514	58	PC	33.4889074785071
1514	106	PC	9.27743756125666
1514	128	PC	2330.09089480508
1514	211	PC	270.717254364935
1514	230	PC	347.833717362026
1514	305	PC	22.5115814099959
1514	309	PC	272.213531061308
1514	412	PC	88.8367003478174
1514	542	PC	18.9349398404483
1514	626	PC	95.8446706696904
1514	709	PC	107.655628957196
1514	926	PC	78.4232835832126
1514	1021	PC	4239.12293924659
1514	1122	PC	93.5619355652768
1514	1276	PC	175.029831546748
1514	1502	PC	25.4468059492732
1514	1531	PC	45.2479506893203
1514	1673	PC	83.5777381359014
1514	1677	PC	3.39758769237811
1514	1973	PC	47.1099769248408
1514	4001	PC	2.93100373287807
1514	5930	PC	4.07510587964289
1514	6030	PC	20.1289208082757
1515	50	PC	29.2359199930068
1515	52	PC	3.09945222327336
1515	58	PC	58.0244407955236
1515	219	PC	3.32127886960727
1515	231	PC	1.96812783763857
1515	235	PC	3.7672540956039
1515	301	PC	1.30452312818959
1515	309	PC	10.7358351030389
1515	709	PC	2.58629144768845
1515	720	PC	5.88595211170854
1515	805	PC	1.14694535343849
1515	1004	PC	1.08878068307165
1515	1504	PC	2.92664275652581
1515	1529	PC	25.694656055489
1515	1534	PC	4.65907140748677
1515	1617	PC	10.8104580517689
1515	1653	PC	181.458607867506
1515	1677	PC	5.31305675012716
1515	4001	PC	6.95220609559446
1515	5101	PC	20.1706960338938
1515	5102	PC	51.1935176130138
1515	5404	PC	22.4615955032697
1515	5700	PC	2.56985016947057
1515	5710	PC	107.099550193326
1515	5770	PC	19.6774788540164
1515	5790	PC	15.3571119723579
1515	5860	PC	7.96559221381254
1515	5870	PC	2.38927338776681
1515	5880	PC	19.4726454896957
1515	6000	PC	2.13053650651965
1515	6020	PC	2.73560348401953
1515	6030	PC	14.3922390193737
1515	6050	PC	33.2463416523379
1516	1272	PC	1.3420966649021
1516	1432	PC	1.53550899654246
1516	1445	PC	.631874003767369
1517	1529	PC	1.66154819758359
1517	1534	PC	2.17786309531936
1519	1243	PC	2.18532227029619
1519	1503	PC	7.617035946506
1519	1504	PC	6.09051630999861
1519	1677	PC	65.4596984559799
1520	230	PC	1517.32450652347
1520	235	PC	61.6222945698216
1520	301	PC	60.1167779105862
1520	1271	PC	.845327221691701
1520	1529	PC	24.1258394395678
1520	5403	PC	36.7331929362738
1525	5501	PC	1.47889059864475
1525	5605	PC	1.86527967869545
1525	5790	PC	7.40533719266178
1525	5860	PC	54.1556948289367
1525	5870	PC	36.0403053892358
1525	5880	PC	7.57676333381103
1525	6000	PC	6.99445866387549
1525	6010	PC	213.65003234423
1525	6020	PC	437.475430638106
1525	6030	PC	208.148069528297
1525	6040	PC	38.8661156683391
1525	6050	PC	140.621135689719
1529	237	PC	.845456281382581
1529	301	PC	.937129388069755
1529	1547	PC	24.7259334997939
1529	1617	PC	1.93063045404878
1529	1676	PC	1.21530733179973
1531	50	PC	58.4794430557013
1531	52	PC	7.07064805994183
1531	58	PC	5.34006034929222
1531	230	PC	9.09804525700894
1531	235	PC	9.95790309274188
1531	301	PC	2.11269207164765
1531	309	PC	18.3711271200189
1531	310	PC	4.24114367654812
1531	704	PC	.951801555671582
1531	906	PC	1.4512859100642
1531	1071	PC	3.74647367506704
1531	1102	PC	.980986883805715
1531	1106	PC	1.31371511498589
1531	1124	PC	11.60744391508
1531	1127	PC	2.24626050336987
1531	1146	PC	2.02457478094361
1531	1149	PC	12.1429863797039
1531	1172	PC	2.89981900835141
1531	1173	PC	3.92857316765207
1531	1271	PC	31.3877773558497
1531	1273	PC	35753.4855192605
1531	1277	PC	1.79739306975039
1531	1504	PC	57.775431460691
1531	1531	PC	9.39619401480679
1531	1653	PC	4.05748807336707
1531	1671	PC	4.28044914467348
1531	1702	PC	1.04341125736581
1531	1703	PC	2.65762421258564
1531	1804	PC	1.10466528516717
1531	1805	PC	1.02322821460339
1531	3001	PC	27.0159435301644
1531	4001	PC	4.03667746658598
1531	4004	PC	1.04488314605259
1531	5106	PC	2.23806350944859
1531	5201	PC	.806791283345294
1531	5403	PC	185.187850813735
1531	5501	PC	75.5581124989279
1531	5700	PC	27.3846457861283
1531	5710	PC	588.59709773568
1531	5860	PC	4.19585888336743
1531	5870	PC	2.32241605509345
1531	5880	PC	3.68021993498992
1531	6000	PC	808.151808275052
1531	6010	PC	190.51430591373
1531	6020	PC	41.5041735071359
1531	6030	PC	26.3560889392328
1531	6040	PC	1602.00313901344
1532	123	PC	29.024213346958
1532	211	PC	58.9540815272011
1532	213	PC	39.0428966170795
1532	219	PC	3.26218213278106
1532	220	PC	64.3226227885783
1532	231	PC	29.4950822105924
1532	235	PC	1.62927953984799
1532	301	PC	26.7330932509322
1532	302	PC	2.10671189161867
1532	303	PC	1.91647181163815
1532	304	PC	6.4713286970003
1532	305	PC	37.1059617538941
1532	307	PC	2.42162113643851
1532	402	PC	.766908497725648
1532	403	PC	1.94059180295133
1532	514	PC	5.1998416829491
1532	517	PC	.672775115514276
1532	602	PC	.777510736555693
1532	620	PC	1.52193258901204
1532	704	PC	2.40693531298324
1532	706	PC	.883656281106957
1532	806	PC	1.13456682131343
1532	1072	PC	4.47001589805115
1532	1102	PC	.937937455385238
1532	1106	PC	.887620104470752
1532	1124	PC	9.38745895994194
1532	1127	PC	3.44109252155933
1532	1130	PC	1.29170747557262
1532	1173	PC	8.36871891920277
1532	1175	PC	1.00769454212568
1532	1235	PC	4.08748542508444
1532	1271	PC	50.4580777821347
1532	1272	PC	1.67325739306808
1532	1273	PC	3.36510653494802
1532	1274	PC	103.207088058249
1532	1275	PC	3.37368734209196
1532	1277	PC	4.72802473631031
1532	1418	PC	2.49427815277736
1532	1419	PC	4.51852492478928
1532	1432	PC	.867854697973044
1532	1504	PC	354.732971169397
1532	1531	PC	11.0473214390789
1532	1534	PC	1.59575793981847
1532	1617	PC	558.943773021298
1532	1671	PC	10.6110761840682
1532	1674	PC	1.98497665637015
1532	1714	PC	.918629512707257
1532	1804	PC	1.19700366584136
1532	1865	PC	8.31847783897836
1532	1972	PC	2.24559507970213
1532	5201	PC	8.16314957853586
1532	5720	PC	50.6795536334101
1532	5860	PC	9.38081939066746
1532	6030	PC	59.9923467775899
1532	6050	PC	183.847733757926
1534	105	PC	23.8576279397488
1534	106	PC	13.7302963042414
1534	211	PC	468.42662539947
1534	215	PC	4.07457768680717
1534	219	PC	1.98438835314438
1534	230	PC	16.1921216854882
1534	231	PC	9.51431257863144
1534	235	PC	161.018005520362
1534	301	PC	25.6486403689722
1534	305	PC	3.79887770362889
1534	306	PC	3.48679673218747
1534	307	PC	.900544757304269
1534	309	PC	295.296913746039
1534	310	PC	1.25513425549282
1534	412	PC	166.860723189698
1534	502	PC	6.24268036153835
1534	542	PC	31.857215745954
1534	602	PC	49.4331129439991
1534	624	PC	5.24874375504061
1534	626	PC	23.787931320735
1534	709	PC	188.463073718673
1534	828	PC	3.87131624193397
1534	926	PC	94.8107382669458
1534	1072	PC	7.94031437189583
1534	1122	PC	66.6082521103051
1534	1124	PC	25.0649267027365
1534	1271	PC	1.41869344779789
1534	1274	PC	34.9324658829751
1534	1276	PC	141.39278105236
1534	1277	PC	1.44729613827769
1534	1401	PC	.895940207848633
1534	1439	PC	7.16515403645701
1534	1502	PC	22.0665724467067
1534	1503	PC	8.76050910540831
1534	1504	PC	76.0418619389009
1534	1515	PC	1.60392820208014
1534	1525	PC	2.65096363673287
1534	1528	PC	15.4269107548504
1534	1531	PC	61.8075311897908
1534	1566	PC	9.79347499209648
1534	1653	PC	64.0315154523176
1534	1671	PC	30.1472174994571
1534	1673	PC	36.0048773079986
1534	1674	PC	8.19572881882444
1534	1677	PC	48.1459190834111
1534	1804	PC	.776254880072872
1534	1870	PC	.831762142106779
1534	1901	PC	3.51440717315105
1534	1931	PC	6.88157173847101
1534	1971	PC	16.5051238358107
1534	1973	PC	40.2511258216001
1535	1865	PC	15.816218549668
1545	230	PC	11.2602224260462
1545	720	PC	32.6437532151834
1545	1502	PC	1.6065863561329
1545	1617	PC	3.95004808028125
1545	1620	PC	51.749036444518
1545	1653	PC	20.9540651605262
1547	219	PC	1.15927309525093
1547	226	PC	4.06187402588642
1547	230	PC	3008.24213009513
1547	231	PC	119.790117164346
1547	235	PC	7510.17630699611
1547	301	PC	869.397837469066
1547	305	PC	9.12880508558403
1547	306	PC	124.958506618859
1547	309	PC	392.913660885394
1547	310	PC	52.1794831162453
1547	403	PC	65.1116915549717
1547	412	PC	17.7034809678794
1547	625	PC	.718056060436585
1547	1271	PC	48.5175591852345
1547	1277	PC	1.77343223865906
1547	1502	PC	141.965385441855
1547	1503	PC	1.30703290553592
1547	1511	PC	17.5251978838038
1547	1515	PC	1.23271165308214
1547	1525	PC	93.2134946757431
1547	1528	PC	7.17674535280709
1547	1529	PC	2.44719231480871
1547	1531	PC	58.4757103115675
1547	1545	PC	572.654732386458
1547	1547	PC	70.1309519645065
1547	1548	PC	898.231684611694
1547	1554	PC	280.492272580623
1547	1620	PC	424.554898621081
1547	1671	PC	41.7365911002991
1547	1674	PC	42.7347738366405
1547	1676	PC	5.81891048597536
1547	1677	PC	29.3576767787552
1547	1750	PC	2.57419299801326
1547	6030	PC	2.70989846392835
1548	106	PC	.846710879927301
1548	230	PC	1.88193132468739
1548	301	PC	2.908660658736
1548	1149	PC	2.78109095082643
1548	1502	PC	1.62141638403567
1548	1504	PC	2.52835939462717
1548	1531	PC	8.81225617846419
1548	1554	PC	1.41567001252222
1548	1617	PC	12.7517525978902
1548	1676	PC	4.01687079388633
1548	1719	PC	.644294402297174
1554	50	PC	2.31542811155024
1554	123	PC	317.969813242968
1554	211	PC	44.2024951127671
1554	213	PC	46.8645331450866
1554	219	PC	2.78946702464854
1554	220	PC	75.5587946818109
1554	230	PC	60.1830491561184
1554	231	PC	.971385564755057
1554	235	PC	10.260663350071
1554	301	PC	29.8826370807091
1554	302	PC	1.7262806858662
1554	303	PC	2.24702172021303
1554	304	PC	6.73840438891593
1554	305	PC	37.6083978398449
1554	306	PC	577.049181812408
1554	307	PC	4.718528549491
1554	309	PC	12.95330894333
1554	310	PC	293.992238728259
1554	514	PC	11.6481573907462
1554	517	PC	.751284576704125
1554	544	PC	149.655202062522
1554	706	PC	1.10252458906008
1554	709	PC	.896203495917665
1554	806	PC	.739613109134514
1554	1003	PC	1.83206382864916
1554	1072	PC	1.98855765119224
1554	1102	PC	.990370375475026
1554	1124	PC	7.8971929881664
1554	1130	PC	1.03416886544768
1554	1172	PC	1.19314011390208
1554	1173	PC	6.44744307877385
1554	1175	PC	.87468367360535
1554	1235	PC	4.43391447413109
1554	1271	PC	56.1179844988967
1554	1272	PC	3.25686351775423
1554	1273	PC	5.82889184559173
1554	1274	PC	88.3786110822418
1554	1275	PC	1.91672723371372
1554	1277	PC	3.25978134408558
1554	1418	PC	3.70747855155916
1554	1419	PC	1.16063805645362
1554	1420	PC	.857123156161114
1554	1439	PC	1.5109051444329
1554	1502	PC	9.30437038089595
1554	1504	PC	.823390449913218
1554	1525	PC	8.01179042070894
1554	1528	PC	46.5544632425489
1554	1531	PC	2.7379932319182
1554	1545	PC	1.86059620687903
1554	1554	PC	49.948071117392
1554	1617	PC	1.41711572327871
1554	1640	PC	.751563406342287
1554	1671	PC	9.35945469082301
1554	1805	PC	.661224515941202
1554	1865	PC	58.9039586340432
1554	1901	PC	.890049612192787
1554	1971	PC	19.7612441896963
1554	3001	PC	.99116571792677
1554	4001	PC	2.43729274900025
1554	5402	PC	5.72222175404171
1554	5403	PC	4.84750446745606
1554	5404	PC	7.27396480423853
1554	5700	PC	130.984174485855
1554	5710	PC	220.752374534589
1554	5720	PC	716.631770782436
1554	5810	PC	4.54961313146714
1554	5820	PC	3.06015645152254
1554	5860	PC	45.9172413396376
1554	5880	PC	483.045695872833
1554	6020	PC	1.33644885736847
1567	213	PC	1.75668176947635
1567	214	PC	.824567572410852
1567	235	PC	52.4004305061614
1567	309	PC	47.5498570822455
1567	1653	PC	.90156661336679
1567	1671	PC	2.28676728011011
1567	1676	PC	4.17496689546067
1567	1677	PC	.764215286412119
1567	1719	PC	8.0002666135099
1569	301	PC	614.533601694015
1569	305	PC	296.35154501519
1569	309	PC	21.076336924796
1569	403	PC	44.252777991759
1569	1277	PC	42.6560020372954
1569	1502	PC	43.5173046513959
1569	1503	PC	245.86333248319
1569	1504	PC	48.7583049745648
1569	1531	PC	23.1471732972075
1617	58	PC	1.13773707756868
1617	211	PC	1.56222078358798
1617	214	PC	1.60728944113857
1617	309	PC	1.00787716280639
1617	701	PC	1.29601926704917
1617	906	PC	1.4966994025546
1617	1102	PC	.862483827655445
1617	1121	PC	.805957862523935
1617	1277	PC	5.13165189128145
1617	1515	PC	2.12857644552682
1617	1532	PC	21.4276566452934
1617	1548	PC	1.85628247621081
1617	1671	PC	326.095080763196
1617	1818	PC	1.18003287712368
1617	1834	PC	152.943146853704
1617	5101	PC	2.79101126841067
1617	5201	PC	16.1717291818837
1617	5204	PC	14.1779543512405
1617	6020	PC	180.751140836479
1620	104	PC	3.18132117918627
1620	214	PC	2.67406299763619
1620	219	PC	34.1930301443065
1620	226	PC	19.7179632412644
1620	230	PC	3031.67926813321
1620	235	PC	7625.17325880966
1620	301	PC	80.5803901381576
1620	305	PC	124.98601762199
1620	306	PC	55.9114142349204
1620	309	PC	110.873813913001
1620	310	PC	1036.70194900521
1620	412	PC	29.5419472009128
1620	420	PC	95.9157932094868
1620	626	PC	24.8860960974469
1620	834	PC	.72470648915913
1620	1175	PC	13.4680441187779
1620	1238	PC	2.51560390259915
1620	1245	PC	121.373229672832
1620	1271	PC	15290.2861751829
1620	1272	PC	86.8892160694278
1620	1273	PC	194.307842707115
1620	1277	PC	28.6936962347879
1620	1401	PC	910.390624253369
1620	1439	PC	399.996892635473
1620	1504	PC	271.235752256379
1620	1525	PC	207.341749183422
1620	1528	PC	43.8789878725603
1620	1531	PC	2.41415184847324
1620	1545	PC	25.5420629097637
1620	1547	PC	852.341477881684
1620	1617	PC	29378.8916901527
1620	1620	PC	80690.3706953067
1620	1671	PC	306.908018720208
1620	1674	PC	1.41134579282945
1620	1676	PC	107.325487123542
1620	1677	PC	13.8726734197552
1620	1749	PC	1056.88443316428
1620	1804	PC	239.097442166963
1620	1813	PC	1.22776001366629
1620	1820	PC	26.4044501964499
1620	1824	PC	2.67424636148453
1620	1860	PC	475.549794884682
1620	1901	PC	1.06229810529342
1620	1931	PC	4790.26673417995
1620	2028	PC	30.4627667117416
1620	6020	PC	8.370298860334
1621	52	PC	215.404136748149
1621	58	PC	8275.89514987374
1621	1102	PC	1.27620791411145
1621	3001	PC	664.754273720653
1621	4001	PC	3858.33109037319
1621	5101	PC	524.31254910285
1621	5104	PC	22.5596253186765
1621	5403	PC	156.091121847795
1621	5840	PC	268.744222278414
1621	5842	PC	40.2850452119223
1622	230	PC	32.6777743234913
1627	50	PC	15.2478896127126
1627	230	PC	1.17701737863168
1627	1554	PC	1.12280813154869
1627	1671	PC	26.3495560870272
1630	58	PC	41.9367320656111
1630	213	PC	1.72918995692873
1630	412	PC	1.33447921492223
1630	423	PC	.927435081376008
1630	604	PC	1.41240943465738
1630	617	PC	1.83822409822869
1630	704	PC	.777715325461202
1630	821	PC	2.81278050415624
1630	914	PC	1.24720593328046
1630	940	PC	.814423905610668
1630	1221	PC	.742808843009612
1630	1235	PC	2.29351742656279
1630	1260	PC	1.37996405060565
1630	1273	PC	.808134504564227
1630	1277	PC	1.6515010311258
1630	1504	PC	1.1054761367077
1630	1624	PC	1.45151423225245
1630	1677	PC	.713125170182994
1630	1702	PC	.709395234804887
1630	1833	PC	2.09447568809487
1630	1837	PC	3.13317074364739
1630	1860	PC	.930871608660994
1630	1901	PC	.708106868501322
1630	2025	PC	3.07368313564133
1630	3001	PC	12.4883640156959
1630	5605	PC	2.41710271271534
1630	5880	PC	14.4354745342722
1630	6030	PC	25.6817163226005
1632	104	PC	.906459865927631
1632	230	PC	46.099464186063
1632	235	PC	70.9795079725661
1632	1531	PC	9.29511576490811
1632	1677	PC	2.09578807177412
1632	1813	PC	.692375144569869
1632	1820	PC	.948008482771032
1632	1824	PC	1.70215496551956
1653	720	PC	2.40752796035017
1671	104	PC	11.3597389956602
1671	211	PC	554.013757502345
1671	219	PC	2.97495025690474
1671	230	PC	8.46329855117006
1671	301	PC	43.2631290469724
1671	309	PC	164.147839952464
1671	310	PC	12.9575768552292
1671	412	PC	59.4896235134519
1671	542	PC	16.5990220985187
1671	706	PC	4.73144464449848
1671	709	PC	95.9602729291841
1671	926	PC	43.5099705847537
1671	1071	PC	.763527395732381
1671	1072	PC	5.98358840538727
1671	1074	PC	16.4460127713078
1671	1122	PC	57.1141822775382
1671	1127	PC	5.77867377861492
1671	1243	PC	27.4577366176786
1671	1274	PC	10.5115369515094
1671	1275	PC	1.03505287268692
1671	1276	PC	120.589409961763
1671	1502	PC	16.8752571569613
1671	1504	PC	2.08185146476099
1671	1531	PC	51.1984995366923
1671	1532	PC	3.99042913112957
1671	1534	PC	28.8747868542133
1671	1545	PC	.897918681003639
1671	1547	PC	2.90980057481752
1671	1548	PC	2.98415904163121
1671	1554	PC	1.10149410379119
1671	1617	PC	1101.75355180628
1671	1675	PC	10.6892520753147
1671	1677	PC	50.4166209312272
1671	1702	PC	1.35703672796845
1671	1703	PC	.861040305290283
1671	1750	PC	25.4001127806497
1671	1804	PC	.846569476649097
1671	1813	PC	14.5722589733272
1671	1815	PC	6.73212692542306
1671	1818	PC	32.2906349723138
1671	1827	PC	6.78851562760173
1671	1856	PC	.83205840223822
1671	1857	PC	1.05379898596012
1671	1860	PC	3.64055137657786
1671	1865	PC	.565387480793123
1671	1868	PC	4.72569011158766
1671	1870	PC	4.87085621438319
1671	1971	PC	5.33643114133894
1671	1973	PC	42.0374179821527
1675	1617	PC	31.0110295573749
1676	211	PC	439.558740375687
1676	230	PC	5.54891296114342
1676	309	PC	161.158789166833
1676	412	PC	55.1365305820077
1676	542	PC	18.0451697063617
1676	709	PC	100.424163455346
1676	926	PC	40.3937179547682
1676	1072	PC	2.73925292489555
1676	1074	PC	1.31190274180821
1676	1122	PC	38.1849117960967
1676	1127	PC	.709329841892176
1676	1274	PC	3.16266155543225
1676	1276	PC	97.5329603146166
1676	1502	PC	11.410119672823
1676	1531	PC	49.5035364754865
1676	1671	PC	10.3074930726249
1676	1673	PC	37.5273222641313
1676	1749	PC	11.4135099113163
1676	1971	PC	3.27883757220012
1676	1973	PC	28.114426043176
1676	2014	PC	5.94343361677275
1677	1677	PC	13.7717880480738
1677	1971	PC	3.63259318104897
1749	1504	PC	7.95079985924512
1750	111	PC	3.4800093413449
1750	230	PC	177.524239923017
1750	235	PC	52.6007762374381
1750	704	PC	884.607631091207
1750	1034	PC	2728.85539192555
1750	1071	PC	725.19428361619
1750	1124	PC	289.693346826995
1750	1224	PC	1.12725512942855
1750	1245	PC	282.276794462803
1750	1260	PC	106.779488004737
1750	1271	PC	20247.0346334552
1750	1272	PC	150.730614998338
1750	1401	PC	174.190358608034
1750	1439	PC	855.414788244412
1750	1444	PC	803.879786138819
1750	1504	PC	6464.33638085787
1750	1511	PC	127.384217386075
1750	1515	PC	93.3511947136456
1750	1525	PC	293.579554596665
1750	1531	PC	461.827741199238
1750	1532	PC	23.2436046179013
1750	1547	PC	252.358601790125
1750	1548	PC	658.638328607365
1750	1617	PC	92.491774087836
1750	1621	PC	7.93820974265475
1750	1671	PC	908.029746850187
1750	1674	PC	.970947120241859
1750	1676	PC	1186.27737962515
1750	1677	PC	895.427123353841
1750	1703	PC	6.91807098453567
1750	1749	PC	.545727797923125
1750	1750	PC	719.676978467086
1750	1804	PC	122.62594254579
1750	1813	PC	6.32369318306311
1750	1815	PC	32.8156263727332
1750	1828	PC	4.64485250065537
1750	1837	PC	1.63400896582276
1750	1971	PC	282.680812742992
1750	1972	PC	1.97090298079423
1750	1973	PC	1.01957968054074
1750	5102	PC	11.445567294621
1750	5404	PC	40.0783016352277
1750	5700	PC	582.037202697966
1750	5920	PC	46.7176983514593
1750	6010	PC	76.3745663555819
1804	106	PC	18.2024216243801
1804	213	PC	2564.55651002999
1804	214	PC	2049.07871730039
1804	230	PC	22.7997673351919
1804	235	PC	265.010673976054
1804	301	PC	100.18490882995
1804	305	PC	1.31206970640401
1804	306	PC	6.31230551360015
1804	309	PC	8.74407254956638
1804	417	PC	17.1095059408298
1804	602	PC	20.4493780137961
1804	1102	PC	1371.60983889842
1804	1172	PC	25.4256497417654
1804	1271	PC	2.30962820111886
1804	1273	PC	145.428995546992
1804	1275	PC	4.45307170054194
1804	1277	PC	1201.67733855651
1804	1401	PC	2538.6549192787
1804	1439	PC	17.5587131260078
1804	1504	PC	19.8246247592143
1804	1617	PC	1.83292137882973
1804	1653	PC	67.1560832643512
1804	1671	PC	1.26234568391264
1804	1677	PC	2225.34448308252
1804	1719	PC	.687782661588741
1804	1804	PC	1306.01304555843
1804	1805	PC	851.963327907117
1804	1813	PC	.897383349803804
1804	1815	PC	.971054758234646
1804	1828	PC	.937788045199748
1804	1833	PC	1.2523019929604
1804	1837	PC	1746.97760539096
1804	1857	PC	10.2199015488211
1804	1860	PC	3.53610797789726
1804	1865	PC	4.58551519716921
1804	1931	PC	1.85708491668689
1804	1933	PC	3141.2967386718
1804	1971	PC	5.51937846714106
1804	1972	PC	1.358366775621
1804	2014	PC	164.779416918576
1804	5201	PC	1.24755962044048
1804	5710	PC	28.3228298312932
1804	5860	PC	2.27195663636252
1804	6020	PC	2.73441408187063
1804	6040	PC	113.665049470089
1805	213	PC	4.10034883556213
1805	214	PC	1.97116955591391
1805	1102	PC	2.07534063487268
1805	1677	PC	4.34829760338047
1813	1617	PC	167.405052961904
1813	1627	PC	8.63561897324652
1813	1677	PC	5.90115874484512
1813	1750	PC	366.026078811057
1815	1677	PC	26.6885738714606
1815	1804	PC	36.6208589915545
1815	1815	PC	21.0497685025108
1815	1820	PC	1.27080915942676
1815	1837	PC	1.26069031704093
1815	1860	PC	1.45508231448977
1815	1865	PC	4.82589045641801
1815	1931	PC	1.03335191783255
1818	123	PC	52.6045919967174
1818	211	PC	25.4783691608629
1818	230	PC	58.8539769827447
1818	235	PC	18457.5446389279
1818	305	PC	790.633333915232
1818	306	PC	46.8331210361812
1818	310	PC	245.262266573599
1818	1133	PC	1.15537135772564
1818	1243	PC	21.9030806920442
1818	1245	PC	644.565347623372
1818	1260	PC	100.770580663562
1818	1271	PC	4.25860788177346
1818	1401	PC	10.7624417875639
1818	1504	PC	916.019820112312
1818	1511	PC	247.75049162756
1818	1525	PC	199.261056496011
1818	1532	PC	307.974226242176
1818	1545	PC	18.9848257630013
1818	1547	PC	39.7842697990536
1818	1617	PC	165.62870397713
1818	1671	PC	47.560354052023
1818	1677	PC	14.7747387432848
1818	1804	PC	3.26056585690118
1818	5101	PC	8.15596034092822
1820	1671	PC	19.302141664323
1820	1677	PC	15.6016248609132
1820	1815	PC	2.5594725002888
1820	1818	PC	4.34961737561073
1820	1820	PC	27.2806061286441
1820	1827	PC	1.1928636633032
1820	1834	PC	14.0708521603948
1820	1835	PC	162.257934263574
1822	720	PC	.699419577768007
1827	1617	PC	23.1089653253002
1828	1677	PC	4.01913769959562
1828	1815	PC	.866401301690896
1828	1820	PC	.810674121984623
1833	101	PC	3.43576516235579
1834	58	PC	3.80478215250818
1834	230	PC	166.809843236947
1834	235	PC	10789.8224450756
1834	1124	PC	78.7721020033755
1834	1245	PC	23.3385552383195
1834	1401	PC	17116.3136232883
1834	1532	PC	26.3407392683766
1834	1617	PC	641.703245939029
1834	1837	PC	13751.0963157717
1834	1838	PC	1.85963582700707
1834	1868	PC	1832.65125316528
1834	1933	PC	7365.19622135335
1835	61	PC	2.21090493555554
1835	1865	PC	8.84216394100073
1835	4001	PC	1.45927721786216
1835	5201	PC	29.4973898996904
1835	5204	PC	322.10845920959
1835	5605	PC	29.0842611896107
1835	5700	PC	351.263352081892
1835	5710	PC	280.45442384749
1835	6000	PC	170.835384984246
1837	1416	PC	178.006846437502
1837	1503	PC	35.9185777745741
1837	1504	PC	90.0442734906586
1837	1671	PC	699.967199231002
1837	1677	PC	34.5247701793079
1838	235	PC	27.6376969020734
1848	1841	PC	82.3492849626369
1848	5800	PC	24.5102446119299
1850	106	PC	14.260019585245
1850	1805	PC	5.78887509531299
1851	226	PC	.64964247114276
1851	625	PC	17.0344930017737
1856	235	PC	307.256713506333
1856	309	PC	5.04585114341944
1856	1172	PC	16.262039231605
1856	1275	PC	2.04974455679995
1856	1677	PC	17.0786738844526
1856	1804	PC	1.19172321252101
1856	1805	PC	153.199749087888
1856	1841	PC	82.1422152978166
1856	1854	PC	4.40912658990237
1856	1860	PC	4.60230018467514
1856	1865	PC	2.10255377282703
1856	1866	PC	3.26270566293491
1856	1867	PC	2.31359707787262
1856	1868	PC	2.15423647206552
1856	1870	PC	1.16507239734679
1856	1871	PC	1.78836299993788
1856	1901	PC	7.64554324921047
1856	1911	PC	1.98407472977481
1856	1913	PC	2.89579607914209
1856	1922	PC	1.76081410019557
1856	1923	PC	3.14834380790848
1856	1924	PC	.694061105702995
1856	1933	PC	2.54692360940165
1856	1938	PC	2.60938315221003
1856	1940	PC	3.62780869236725
1856	1941	PC	2.69125858092665
1856	1942	PC	3.94194460422004
1856	1943	PC	2.26424413305337
1856	1971	PC	7.72714667446991
1856	1974	PC	.90340603606186
1856	2003	PC	1.39919414233404
1856	2004	PC	5.90211914609599
1856	2012	PC	15.3250037013068
1856	2014	PC	1.84219129999661
1856	2017	PC	1.12520193086924
1856	2021	PC	.967403217481164
1856	2023	PC	1.5029474492113
1856	2025	PC	3.38156780328916
1856	2027	PC	.903450989802287
1856	2030	PC	.797380181254524
1856	5710	PC	41.4986726495284
1856	5880	PC	1046.96597932046
1856	6030	PC	1.08600170735713
1857	50	PC	2.5232780410446
1857	230	PC	76.7916461445862
1857	1271	PC	2.17721938845738
1857	1504	PC	737.968689928288
1857	1671	PC	.8538401288539
1857	1674	PC	3.76231587311382
1857	1677	PC	11.0413123281302
1857	1804	PC	13993.4979312288
1857	1805	PC	105.10386852017
1857	1813	PC	2.49606852222324
1857	1820	PC	3.6251589229585
1857	1828	PC	2.4357885167854
1857	1834	PC	1685.88402936464
1857	1854	PC	6.64310188757576
1857	1857	PC	317.45872449496
1857	1860	PC	7.85780952951896
1857	1865	PC	281.367440292926
1857	1866	PC	3.783527738591
1857	1867	PC	2.93733931110406
1857	1868	PC	24.1083527621737
1857	1870	PC	1.94889625975101
1857	1871	PC	1.01195634469701
1857	1874	PC	2.0236907573339
1857	1901	PC	8.44435732503362
1857	1911	PC	1.93032195262859
1857	1913	PC	1.70971838223858
1857	1922	PC	1.79985654144159
1857	1923	PC	3.33171702497228
1857	1924	PC	1.1823601758042
1857	1929	PC	583.755135495379
1857	1931	PC	1.31915989834839
1857	1933	PC	1.66549426980527
1857	1938	PC	1.48694949264051
1857	1940	PC	4.33878627529349
1857	1941	PC	2.51018772709472
1857	1942	PC	4.4093964422426
1857	1943	PC	2.55313268759326
1857	1971	PC	780.082324198153
1857	1974	PC	1.08448443835957
1857	2003	PC	.77879673960102
1857	2004	PC	6.08777803962368
1857	2012	PC	15.9316518935844
1857	2015	PC	33.4429701031975
1857	2017	PC	1.91490061371558
1857	2021	PC	1.1753880676327
1857	2022	PC	1.13801095865533
1857	2023	PC	1.8312290953676
1857	2025	PC	3.04383319122532
1857	2027	PC	1.00080050512921
1857	2030	PC	2.07318847126176
1857	3001	PC	.844667994611104
1857	4001	PC	1.12756473566339
1857	5101	PC	1.9105585592394
1857	5404	PC	4.65908139884696
1857	5605	PC	47.0600739854758
1857	5700	PC	2.86918969598058
1857	5770	PC	83.421020039211
1857	5880	PC	947.805978981666
1857	6000	PC	6.03334281865075
1857	6030	PC	99.3758599374207
1859	58	PC	119.862410663861
1859	1805	PC	1.58930390208201
1859	1841	PC	10.4155653393393
1859	1865	PC	.927309846921373
1859	1901	PC	1.74903735556047
1859	1923	PC	.80872962779389
1859	1941	PC	.921477016418665
1859	1942	PC	.819183483513533
1859	2003	PC	.76559679486202
1859	2004	PC	1.66634587153856
1859	2012	PC	1.54507032356269
1859	2020	PC	.907061816663962
1859	2030	PC	.897369124618187
1859	4001	PC	30.3007883781126
1859	5403	PC	28.1354886776413
1859	5404	PC	3.71385769059168
1859	5605	PC	105.122283786473
1859	5710	PC	112.226880141147
1859	5720	PC	50.1437825372306
1859	5770	PC	50.9482282463841
1859	5880	PC	152.945240452796
1859	6000	PC	1189.59554429622
1859	6030	PC	197.953977879931
1859	6050	PC	11.7314999251542
1860	52	PC	420.725105887245
1860	211	PC	3.09498194210734
1860	219	PC	.874091316771587
1860	230	PC	824.58438441888
1860	235	PC	234.782434419494
1860	301	PC	98.7240487324363
1860	309	PC	286.66548198679
1860	1004	PC	1.20389558078638
1860	1224	PC	.78961914578062
1860	1504	PC	1.01252278434138
1860	1671	PC	5.7576684708945
1860	1676	PC	40.3608065677914
1860	1677	PC	283.314140049875
1860	1750	PC	1.36103502855845
1860	1804	PC	6.64946230217215
1860	1805	PC	97.158115077108
1860	1813	PC	5.54462115199351
1860	1815	PC	10.2106507197716
1860	1820	PC	4.06737689086549
1860	1828	PC	4.11189415936839
1860	1837	PC	4.88273193289129
1860	1841	PC	37.721236634364
1860	1857	PC	16.5983597308858
1860	1865	PC	83.4086094089651
1860	1901	PC	2.35454986152601
1860	1931	PC	5.43108461269567
1860	1971	PC	121.848430017991
1860	1972	PC	9.09473190990393
1860	2012	PC	1.30056424542314
1860	2019	PC	1.65815669506911
1860	3001	PC	1.33135764864893
1860	4001	PC	37.9966523290138
1860	5201	PC	2.43478901303772
1860	5404	PC	2.14518855774249
1860	5605	PC	4.58265905647739
1860	5700	PC	29.4427129550156
1860	5710	PC	3125.34532091776
1860	5880	PC	776.9202584719
1860	6000	PC	452.701822826094
1860	6040	PC	31831.7544813167
1865	50	PC	5.99580201889025
1865	51	PC	6.85119595629007
1865	55	PC	472.142594130635
1865	58	PC	1086.2215891843
1865	62	PC	22.1222570017194
1865	104	PC	105.680306061678
1865	105	PC	1.29415622282388
1865	106	PC	128.019818819071
1865	231	PC	115.266848414832
1865	301	PC	2.77467040533741
1865	303	PC	12.4797769355506
1865	305	PC	52.345731035226
1865	306	PC	590.817322354459
1865	605	PC	2.67244690534965
1865	625	PC	52.9549916822851
1865	709	PC	404.581529318517
1865	720	PC	480.016534821592
1865	1074	PC	1.80331865269761
1865	1243	PC	43.405141036174
1865	1271	PC	49.3550978954444
1865	1273	PC	477.484499342563
1865	1503	PC	175.359543613853
1865	1504	PC	6521.68898400108
1865	1531	PC	33.4316821950957
1865	1620	PC	4.85400118573514
1865	1638	PC	39.0146224522607
1865	1657	PC	157.665510632423
1865	1671	PC	159.659945195526
1865	1674	PC	3.59291015911171
1865	1677	PC	163.627116829546
1865	1804	PC	499.947989387364
1865	1813	PC	7.08540054564955
1865	1820	PC	879.936625094004
1865	1828	PC	1864.44632187777
1865	1832	PC	14.8267208951289
1865	1833	PC	540.789170479013
1865	1837	PC	17.5954303887975
1865	1841	PC	97.8640889249004
1865	1856	PC	8.50094625904309
1865	1857	PC	19.288800959302
1865	1865	PC	1248.09435792034
1865	1866	PC	45.1840280086681
1865	1871	PC	25.9357411820405
1865	1901	PC	160.23519199129
1865	1931	PC	1.04354742771693
1865	1971	PC	620.04989928969
1865	1972	PC	185.121280844897
1865	1973	PC	22.6968620192977
1865	2003	PC	22.5499055957923
1865	2017	PC	86.4079119908021
1865	2021	PC	1.03034600107966
1865	2028	PC	272.01795510004
1865	3001	PC	85.9965870513506
1865	4001	PC	72.3330766813795
1865	4004	PC	68.4181075634994
1865	4005	PC	1062.55211493531
1865	5403	PC	62.8272098848831
1865	5404	PC	.905001422797612
1865	5605	PC	272.043427692962
1865	5700	PC	29.6129872967864
1865	5710	PC	1697.65932082625
1865	5880	PC	103.411495911674
1865	6000	PC	6457.77239702863
1865	6030	PC	2.01111427288358
1866	230	PC	140.744223955256
1866	235	PC	74.0709965295137
1866	1245	PC	15.7130872485139
1866	1525	PC	25.9272982813461
1866	1617	PC	36.2709945513223
1867	1841	PC	23.8587623883538
1867	2002	PC	15.8563997805036
1867	5605	PC	.899749600933996
1867	5880	PC	131.496737973539
1868	55	PC	55.5152168588135
1868	59	PC	225.803825775139
1868	230	PC	79.3069305317628
1868	231	PC	21.8490030592775
1868	307	PC	.831292813824902
1868	1271	PC	2.84538390856417
1868	1439	PC	6.39182666132975
1868	1502	PC	3.89096479427253
1868	1503	PC	11.349910212922
1868	1504	PC	2.97604435861469
1868	1677	PC	39.3095972345275
1868	1805	PC	5.19497000986276
1868	1813	PC	18.0745861180786
1868	1815	PC	16.9047044482069
1868	1828	PC	13.2714749266111
1868	1841	PC	151.618586790506
1868	1901	PC	8.98044104779928
1868	1931	PC	9.4741249792209
1868	1936	PC	4.40708443644825
1868	1943	PC	1.06564605629276
1868	2002	PC	5.27075502150512
1868	2003	PC	1.25209512852805
1868	2004	PC	1.22957481511207
1868	2011	PC	2.87752348364902
1868	2012	PC	19.1994318950937
1868	2023	PC	2.01942549545058
1868	2025	PC	3.72427755398085
1868	2027	PC	2.72143587756042
1868	2030	PC	12.8165703360038
1868	4001	PC	3.99888711526221
1868	4005	PC	1.38628086662423
1868	5101	PC	29.5251165343526
1868	5605	PC	17.5551144360011
1868	5700	PC	537.279809107656
1868	5710	PC	1578.27276887746
1868	5770	PC	53.2638434129208
1868	5880	PC	71.9799680747197
1868	6000	PC	74.0194005035034
1870	213	PC	65.6137993459153
1870	214	PC	35.5791027741535
1870	230	PC	290.173937856709
1870	233	PC	4.1402843649438
1870	235	PC	224.819488056333
1870	625	PC	1.03000876872103
1870	1102	PC	6.22488323635311
1870	1172	PC	9.13962396498583
1870	1173	PC	1.01950471762178
1870	1251	PC	1.10997367878654
1870	1272	PC	1.03035164730223
1870	1275	PC	5.094801668582
1870	1277	PC	12.5671122628251
1870	1439	PC	4.0252906953708
1870	1503	PC	2.8251235518408
1870	1504	PC	1.24993863061817
1870	1671	PC	9.21104186221001
1870	1677	PC	41.9667069448106
1870	1729	PC	.722089049891501
1870	1804	PC	3.13675780088301
1870	1805	PC	22.4407069769407
1870	1813	PC	5.02533208829413
1870	1828	PC	2.3142429587329
1870	1870	PC	4.74769069590306
1870	1971	PC	12.8705454660161
1870	1974	PC	8.44919318042027
1870	4001	PC	33.4773499666034
1870	4004	PC	93.6872602987347
1870	5102	PC	17.8003795124038
1870	5710	PC	116.03304149882
1871	1860	PC	137.191414798205
1871	1865	PC	142.041319891338
1871	1901	PC	56.4456980359217
1871	5710	PC	1319.96598862947
1874	58	PC	92.6453308375037
1874	105	PC	.97708794823203
1874	301	PC	50.7067203310237
1874	709	PC	2.73807292991795
1874	904	PC	1.92235816588147
1874	1504	PC	10.6497558731976
1874	1531	PC	226.185389059139
1874	1554	PC	1.70707701108086
1874	1671	PC	2.9947205585376
1874	1805	PC	1.1255015748586
1874	1841	PC	187.691302432554
1874	1857	PC	13.7216140955993
1874	1972	PC	7.14610700677589
1874	4001	PC	9.05001422797612
1874	5710	PC	20.3833135270994
1874	5770	PC	86.6790251612824
1874	5880	PC	254.989178658909
1874	6000	PC	375.083537835577
1901	1504	PC	2.1228975525667
1901	1677	PC	3.51863466062157
1901	1804	PC	4.19275248242872
1901	1805	PC	.552448102662395
1901	1833	PC	1.49831989568699
1901	1865	PC	1.31215421186434
1901	1924	PC	2.53458863203261
1901	1931	PC	4.32051481758538
1901	1973	PC	2.68822727063218
1915	1677	PC	4.62789914685142
1915	1815	PC	7.56132747380126
1919	230	PC	62.1636177322191
1923	230	PC	22.776483214997
1923	231	PC	39.1447658913111
1923	1245	PC	41.5694983546211
1925	6000	PC	2.12346115281743
1928	1627	PC	1.10164509107748
1928	1841	PC	1.5832420074989
1928	1971	PC	1.87224819215719
1928	1974	PC	2.97857666934099
1929	1529	PC	1.76259882750924
1929	5700	PC	2.68113781921392
1931	58	PC	122.662055229037
1931	1931	PC	3700.53168370114
1931	5700	PC	29.1600549217706
1931	5710	PC	2113.38007461718
1931	6030	PC	58.2906173275299
1936	58	PC	61.0064705614113
1936	1936	PC	298993.679704536
1936	1972	PC	401.826665594396
1936	1973	PC	181.365722540827
1936	2021	PC	.702668269950859
1936	4001	PC	129.031384638737
1936	5710	PC	2819.20753279217
1938	50	PC	40.7690586234068
1938	52	PC	4.59438110157177
1938	55	PC	8.75280888475116
1938	56	PC	4.10174035478161
1938	58	PC	26.0883643690602
1938	1106	PC	22.9815011919789
1938	1149	PC	178.002572922891
1938	5101	PC	2.42946121704735
1941	58	PC	10.6022407296516
1941	123	PC	29.0763138049565
1941	230	PC	500.514540775943
1941	235	PC	57.2180368195177
1941	310	PC	28.2701040598909
1941	1101	PC	11.1558910777397
1941	1271	PC	2300.3243254237
1941	1272	PC	82.2067738821255
1941	1274	PC	5.43832839936417
1941	1401	PC	700.180224901085
1941	1416	PC	34.4802924144117
1941	1439	PC	146.383442512254
1941	1503	PC	30.9006591576314
1941	1504	PC	221.699639594446
1941	1515	PC	72.3061133657739
1941	1525	PC	1121.30404674556
1941	1532	PC	52.4347341327246
1941	1545	PC	82.8405098786629
1941	1547	PC	397.302924988345
1941	1554	PC	51.5145774305923
1941	1620	PC	621.020257997321
1941	1622	PC	31.460940319484
1941	1627	PC	1.13824946842006
1941	1676	PC	35.9207011590976
1941	1750	PC	19.505886003799
1941	1804	PC	178.83531398803
1941	1901	PC	5.54956092264204
1941	1929	PC	51.8109058432582
1941	1931	PC	204.948845103199
1941	1971	PC	269.256748431816
1941	1972	PC	8.93199696054177
1941	1973	PC	157.800494083026
1941	1974	PC	1.71698630563566
1941	5710	PC	15.7773503098022
1942	4001	PC	16.601420838154
1942	5101	PC	1.93349881247577
1942	5102	PC	2.70023110018167
1942	5201	PC	1.20010271119185
1942	5403	PC	24.5621021557266
1942	5404	PC	2.17351935471414
1942	5770	PC	15.3346457541181
1942	5880	PC	29.2491699666592
1943	235	PC	135.296656275318
1971	50	PC	261.415425757
1971	51	PC	5.44199312618607
1971	52	PC	83.5154287373551
1971	54	PC	11.0567479389177
1971	55	PC	9.25624723695041
1971	56	PC	15.3015565653699
1971	58	PC	2098.39313819761
1971	59	PC	.777427589455153
1971	60	PC	8.55170348400668
1971	61	PC	.777427589455153
1971	62	PC	2.33228276836546
1971	1865	PC	5.4106506027774
1971	1901	PC	1.39789694953939
1971	1971	PC	2.60615762997236
1971	1972	PC	2.60615762997236
1971	2019	PC	1.83540505995274
1971	2021	PC	.925693125884798
1971	3001	PC	1504.86766466888
1971	4001	PC	199.056555118099
1971	4004	PC	20.2293137339476
1971	4005	PC	2.78983129757604
1971	5201	PC	246.617307543829
1971	5204	PC	43.0527521674314
1971	5403	PC	8.45992383802934
1971	5501	PC	5.31647096330529
1971	5605	PC	97.6818870340934
1971	5700	PC	1668.68623453438
1971	5710	PC	9493.90793080738
1971	5720	PC	48.5892243409471
1971	5810	PC	2.25939893185404
1971	5820	PC	34.1204330927539
1971	5860	PC	35.4755325715959
1971	5880	PC	.834115017852924
1971	5900	PC	52.6383263693593
1971	6000	PC	632.206545206147
1971	6020	PC	136.560015010232
1971	6030	PC	514.26970012526
1971	6040	PC	168.712584517177
1972	709	PC	2.58015757214813
1972	904	PC	1.91857033234521
1972	937	PC	.766941067002316
1972	1034	PC	.930556007934921
1972	1253	PC	.976408347552684
1972	1271	PC	2.23454142555828
1972	1276	PC	1.4301065123573
1972	1750	PC	.780029617762018
1972	1870	PC	1.70823086952188
1972	1971	PC	6.66747943799505
1972	1972	PC	20.3137491980038
1973	50	PC	1.70062285193315
1973	5710	PC	1001.62771846902
1974	50	PC	5.46763743903268
1974	51	PC	28.3437141988858
1974	58	PC	3.20014030312182
1974	1750	PC	1.59322376008875
1974	1860	PC	26.7611742054801
1974	1865	PC	67.4758250423905
1974	1866	PC	23.1397345290522
1974	1922	PC	.710603653280361
1974	1933	PC	5.48546010856933
1974	1971	PC	179.046242250152
1974	1972	PC	90.7207755088114
1974	1973	PC	50.812005406045
1974	1974	PC	17.9274370294748
1974	2028	PC	.506830870813828
1974	3001	PC	1.01767430980761
1974	4004	PC	1.56835218567168
2002	50	PC	8.97525740708217
2002	52	PC	1.84461218229121
2002	58	PC	70.0873120124872
2002	1860	PC	170.29668613672
2002	1865	PC	33.5552103934137
2002	1866	PC	36.7174646803242
2002	1936	PC	4.26983675491024
2002	1941	PC	.760013341863698
2002	1971	PC	3.76587771727784
2002	1972	PC	2.15978887183353
2002	2019	PC	8.48230892183635
2002	2022	PC	38.5750745359281
2002	2028	PC	16.4069486395917
2002	2030	PC	2.49876644554426
2002	4001	PC	1.87376553574696
2002	4003	PC	24.5895284874969
2002	4004	PC	15.9097800722617
2002	5101	PC	1.98242803499113
2002	5201	PC	3.90522421064095
2002	5403	PC	29.7218438481391
2002	5501	PC	4.83018060664617
2002	5605	PC	225.775495533211
2002	6010	PC	.932907310584061
2002	6020	PC	242.640710507364
2002	6030	PC	5.83862160572922
2004	230	PC	75.4175796809478
2004	235	PC	30.6163407483811
2004	301	PC	48.9964124349087
2004	1671	PC	1.48722144486576
2004	1857	PC	5.71424196460322
2004	1865	PC	14.0700946961037
2004	1971	PC	5.57215287209234
2004	4001	PC	28.1319922253675
2004	5710	PC	90.400380868705
2004	6000	PC	56.4078344180822
2012	230	PC	2.5448517913978
2012	1627	PC	2.71515253410212
2012	2019	PC	.94952744841604
2014	1865	PC	20.5340507141262
2014	2021	PC	1.34584176998128
2015	1273	PC	4.65352645687576
2015	1275	PC	167.569257233499
2015	1504	PC	1291.52737804566
2015	1627	PC	678.78813352553
2015	1857	PC	459.56220353555
2015	1859	PC	383.067323494169
2015	1865	PC	207.142260179097
2015	1866	PC	20.6700208929757
2015	1971	PC	3171.56423683328
2015	2017	PC	339.193013622083
2015	2018	PC	722.753141006865
2015	2022	PC	1.68582675451146
2015	2030	PC	2.2512720214112
2015	5700	PC	7.32336963569697
2015	5710	PC	1039.81653258252
2017	1860	PC	38.73860855317
2017	2004	PC	19.295663715603
2017	5850	PC	194.983302962528
2017	6000	PC	4417.96548326728
2018	1504	PC	10926.3172830769
2018	1671	PC	4.24601722509173
2018	1677	PC	4.06011454448352
2018	1805	PC	4.91381936532068
2018	1865	PC	158.773279290054
2018	1901	PC	10.006385276826
2018	1924	PC	.538681086227197
2018	1931	PC	6.74664256301041
2018	1936	PC	5.45536275044563
2018	1943	PC	1.08555357758725
2018	2002	PC	2.41702187092737
2018	2003	PC	1.953884575529
2018	2004	PC	2.45123695891511
2018	2011	PC	1.8444498610703
2018	2012	PC	24.9731358745399
2018	2023	PC	.762973851863146
2018	2025	PC	2.20882820353382
2018	2027	PC	3.24839964098695
2018	2030	PC	12.1885926899675
2018	4001	PC	26.7028161608905
2018	5201	PC	10.5876239855805
2018	5404	PC	18.6805165930012
2018	5700	PC	11.3228571520217
2018	5710	PC	2738.79149498228
2018	5720	PC	82.740370107468
2018	5831	PC	6.53052212873335
2018	6000	PC	2661.22439592275
2018	6010	PC	5.54355151943467
2018	6020	PC	41.1104559460238
2018	6030	PC	.923037290477709
2019	1271	PC	.940861444514039
2019	1504	PC	2.84941330714678
2019	1835	PC	5.54713227731852
2019	1865	PC	5.82460143966988
2019	1866	PC	5.03553611450636
2019	2002	PC	13.0511295151217
2019	2019	PC	2414.24088211999
2019	2022	PC	22.7239081197978
2019	2023	PC	41.5637798164169
2019	2028	PC	21.6815408435654
2019	3001	PC	3.8719616210948
2019	4001	PC	116.423905517123
2019	5404	PC	16.4841407026726
2019	5700	PC	30.6267236035273
2019	5710	PC	787.802337841659
2019	6000	PC	47.2307392789893
2019	6020	PC	446.483659762791
2019	6030	PC	10.0575102170234
2019	6040	PC	335.649923810076
2022	1504	PC	2.02757113886156
2022	1865	PC	20.2428332333171
2022	1868	PC	7.79466326255762
2022	1973	PC	6.13585068414012
2022	2028	PC	6.86017503253438
2023	231	PC	349.117081438339
2023	301	PC	40.4873357477059
2023	1173	PC	1.0141988652499
2023	1515	PC	260.429086641508
2023	1805	PC	28.4004220044182
2023	1865	PC	677.027569548167
2023	1901	PC	.925642129978823
2023	1931	PC	.591270344887438
2023	1941	PC	22.7772234430567
2023	1942	PC	1.87674489888406
2023	1971	PC	91.3754153329456
2023	2004	PC	99.5329719736349
2023	2012	PC	2.25245275747921
2023	2019	PC	18.8068112869289
2023	2022	PC	669.516191938219
2023	2023	PC	66.6660261007172
2023	2025	PC	.970206818514222
2023	2028	PC	78.4286183349107
2023	2030	PC	4.24085310948304
2023	5831	PC	.936356731898744
2023	6020	PC	3.54963113870576
2023	6030	PC	1.52507604270848
2025	1004	PC	8.04510352148466
2025	1101	PC	4.96899737940906
2028	54	PC	1.78100486566048
2028	58	PC	188.171645032581
2028	1504	PC	659.095169385045
2028	1865	PC	16.5599721428605
2028	1870	PC	8.12758766150204
2028	2018	PC	7.06543761884459
2028	4001	PC	4.07484372165623
2028	5101	PC	2.66355638391188
2028	5102	PC	2.67150729849072
2028	5201	PC	33.4680497672032
2028	5203	PC	.89050243283024
2028	5404	PC	9.73191944450191
2028	5605	PC	5.35626612127951
2028	5700	PC	73.6970272312812
2028	5880	PC	7.12136915778231
2028	6020	PC	35.6293733802183
2028	6030	PC	85.8645768417682
2030	58	PC	41.1464170677725
2030	1548	PC	1.44148988726429
2030	1865	PC	.742176231455933
2030	3001	PC	3.58464958984828
2030	5101	PC	4.34178118546109
2030	5102	PC	.980920934493061
2030	5201	PC	1.63620828007654
2030	5403	PC	2.37323903686777
2030	5404	PC	4.95150662971566
2030	5501	PC	9.44873430206363
2030	5605	PC	41.1611576829083
2030	5700	PC	93.5439436519435
2030	5831	PC	51.8065619228166
2030	5880	PC	44.8690924175289
2030	5920	PC	2.49786423756157
2030	6010	PC	21.0067166244716
2030	6020	PC	206.983697569486
2030	6030	PC	20.4894550387963
3001	1621	PC	99.9040535514744
3001	1971	PC	3.60480963000367
4001	104	PC	3392.86199327018
4001	106	PC	1680.37144066292
4001	211	PC	4.97283997469098
4001	217	PC	325.966036154866
4001	219	PC	806.098214454985
4001	220	PC	15.2054591431012
4001	226	PC	33.7453033865052
4001	231	PC	43.9879475334889
4001	301	PC	181.862762976105
4001	302	PC	1200.17812545587
4001	304	PC	13.803635109174
4001	306	PC	127.851829025459
4001	307	PC	70.7722687193375
4001	309	PC	295.863268780111
4001	310	PC	7.09930854131606
4001	502	PC	2.69437902152101
4001	602	PC	3.1177504932989
4001	822	PC	52.1273529314569
4001	1004	PC	24.8266613468262
4001	1071	PC	11.5218725851091
4001	1101	PC	12.7362027520039
4001	1124	PC	1.4573304840547
4001	1149	PC	24.1691878898303
4001	1172	PC	2.08916730057081
4001	1271	PC	38.2596415097336
4001	1273	PC	67.7411972212906
4001	1275	PC	15.3835137022421
4001	1277	PC	.712277757720248
4001	1401	PC	3.28394645626403
4001	1439	PC	133.848721444859
4001	1504	PC	637.83515431072
4001	1515	PC	24.0183995113339
4001	1525	PC	7.54703246581144
4001	1531	PC	78.5814537487783
4001	1534	PC	3.38802657800272
4001	1554	PC	1.88504851668914
4001	1621	PC	73.37255906411
4001	1671	PC	6.97059117643765
4001	1860	PC	22.8834909876352
4001	1931	PC	136.224236838688
4001	1972	PC	.738142836858651
4001	1973	PC	15.9941553486571
4001	2028	PC	85.8633336834898
4002	104	PC	86.6453618861409
4002	302	PC	49.0524069715115
4002	309	PC	41.459630137896
4002	1122	PC	1.19219988190108
4002	1504	PC	15.8589799889064
4002	1653	PC	4.70675666717095
4002	1870	PC	19.2611016726314
4003	104	PC	144.999395318872
4003	226	PC	6.74906067730103
4003	1271	PC	2.731100514809
4003	1531	PC	6.47855342042625
4003	1630	PC	254.092308211818
4004	104	PC	66.8719489493071
4004	106	PC	10.4743820253035
4004	220	PC	563.654413767296
4004	226	PC	.86377483959905
4004	302	PC	14.934672728709
4004	304	PC	273.285021011225
4004	309	PC	4.27119614343197
4004	602	PC	.563448884331126
4004	1002	PC	5.98142099157889
4004	1149	PC	2.39543591136523
4004	1271	PC	2.01144709983425
4004	1439	PC	.842792423784195
4004	1504	PC	13.8193869884088
4005	104	PC	6.64912322212351
4005	211	PC	8.8085458937359
4005	217	PC	301.795702717358
4005	1071	PC	17.4078166756994
4005	1439	PC	6.176452153833
4005	1504	PC	2.56449573778275
4005	1671	PC	1.34308115152941
5101	104	PC	21.2694932300351
5101	106	PC	.918586677615899
5101	136	PC	2.25684604862472
5101	211	PC	2.98285537731037
5101	219	PC	.629704967895349
5101	301	PC	11.4451469474488
5101	302	PC	6.08956459866976
5101	305	PC	15.8490404467932
5101	306	PC	75.6903644728426
5101	307	PC	8.30395172545876
5101	309	PC	13.2127171961263
5101	310	PC	7.70059343529434
5101	625	PC	1.97954161628733
5101	1271	PC	7.72652780674936
5101	1273	PC	.708063096431961
5101	1439	PC	.968736839211516
5101	1677	PC	2.51044251906706
5102	217	PC	42.6578185377433
5102	306	PC	.839725455383471
5102	1101	PC	.818002584378237
5106	106	PC	1.44230577888107
5106	217	PC	1.85282300505782
5106	307	PC	1.30312950298398
5106	309	PC	2.25481835241858
5106	1271	PC	535.779333285393
5106	1439	PC	.565024603458186
5201	106	PC	9.48201745842203
5201	211	PC	3.74554137172224
5201	220	PC	881.736583976119
5201	305	PC	2.36781844456277
5201	309	PC	21.0314942140302
5201	1071	PC	9.18518836028729
5201	1149	PC	8.25284705653689
5201	1271	PC	13.1476358888066
5201	1504	PC	10.9863363617825
5204	302	PC	33.9456423593534
5302	309	PC	2.2600018428839
5403	104	PC	128.034141015989
5403	219	PC	1.06509503645665
5403	231	PC	67.0433659439839
5403	301	PC	549.745448281509
5403	302	PC	2.07028609185282
5403	305	PC	10.7412289422569
5403	306	PC	176.798492791477
5403	309	PC	2.37092853884197
5403	822	PC	10.5779684351702
5403	1101	PC	1.89567446152226
5403	1106	PC	15.6391625206668
5403	1173	PC	.645504719174279
5403	1175	PC	5.69396223568934
5403	1216	PC	10.0699479499499
5403	1271	PC	43.6217443337549
5403	1504	PC	204.970449896389
5403	1520	PC	.724007558299638
5403	1554	PC	8.58268301916796
5403	1671	PC	.849498828342354
5403	1972	PC	.596029129762302
5404	220	PC	79.3556658772761
5404	231	PC	26.2607710475636
5404	301	PC	5.82935337731018
5404	309	PC	.632385836770266
5404	1106	PC	.723924859419542
5404	1149	PC	3.69581540610636
5404	1271	PC	33.6709290321128
5404	1504	PC	2.07519686833669
5404	2028	PC	17.7135237908655
5501	104	PC	17.5040231452195
5501	211	PC	5.39077917051612
5501	220	PC	12.0352512215349
5501	231	PC	2.44973016295304
5501	301	PC	115.984745954132
5501	306	PC	28.2583166207933
5501	307	PC	29.7387214976916
5501	309	PC	1.01389073501856
5501	310	PC	28.882408872819
5501	1271	PC	23.4514290733426
5501	1504	PC	68.4825139084777
5605	217	PC	1.02076822963834
5605	220	PC	814.924476897383
5605	301	PC	33.8108716072549
5605	302	PC	96.5497668034239
5605	305	PC	6.93758363879776
5605	306	PC	163.673894933262
5605	309	PC	9.91083376971108
5605	310	PC	1.34148733242742
5605	1004	PC	12.3624766558626
5605	1071	PC	8.37263767305501
5605	1102	PC	1.63127069168034
5605	1246	PC	17.6873168333667
5605	1271	PC	.609018556157254
5605	1273	PC	2.9112772848832
5605	1274	PC	20.8731100302339
5605	1277	PC	1.83021666443798
5605	1504	PC	25.6327503374255
5700	104	PC	14.2067975916563
5700	105	PC	2.68496249541688
5700	211	PC	1.04166571142204
5700	220	PC	4.78764064213963
5700	301	PC	2.03400165859551
5700	305	PC	6.07194073108762
5700	309	PC	12.800111355086
5700	1149	PC	8.78326500833919
5710	211	PC	16.3187223060252
5710	220	PC	1.74376356652208
5710	1504	PC	21.362320703466
5770	305	PC	2.01015760245499
5790	305	PC	8.11734606870686
5800	302	PC	163.052912775515
5800	305	PC	74.9107675068568
5800	306	PC	195.886178081009
5800	1271	PC	3.68256030063945
5800	1439	PC	2.92518844324688
5800	1504	PC	140.54982868167
5800	1931	PC	293.92528719975
5810	217	PC	1.26202122508857
5810	2002	PC	38.1913547512687
5810	2022	PC	71.3010798816788
5820	104	PC	40.4732697132577
5820	106	PC	54.2631179921971
5820	302	PC	20.4893011113566
5820	306	PC	21.7623663696417
5820	307	PC	24.1840931150439
5820	1101	PC	.51224863897142
5820	1271	PC	3.52556416765082
5830	1931	PC	64.8272009775782
5830	2018	PC	4.88726748004002
5831	2018	PC	30.0376537003758
5840	104	PC	2.07555229298758
5840	217	PC	17.7733762337028
5840	219	PC	24.9429670781518
5840	305	PC	1458.86332722244
5840	309	PC	20.9402647818404
5840	1175	PC	1.12745249936859
5840	1271	PC	92.3716777900311
5840	1439	PC	30.4612958737641
5840	1504	PC	198.892361029569
5840	1621	PC	.739198107013464
5842	219	PC	1.24694053048584
5842	1504	PC	29.9520081329929
5850	104	PC	419.672101065197
5850	219	PC	.854154263382802
5850	305	PC	1.37155157712633
5850	307	PC	76.6430900203702
5850	1224	PC	7.16357807776448
5850	1504	PC	17.1987026730238
5850	1653	PC	1.63766018058783
5850	1856	PC	2.9565893878109
5850	1860	PC	1.42583847809142
5850	1901	PC	6.91593906948444
5850	1931	PC	60.1497407473839
5850	1973	PC	9.58843302879176
5860	1554	PC	.582651359703915
5880	211	PC	14.3351022649262
5880	305	PC	.662450081469181
5880	306	PC	1.10201007292917
5880	628	PC	3.08496603352246
5880	1172	PC	.809061658154248
5930	302	PC	31.1838786394256
5930	1441	PC	1.4606856785809
5930	1931	PC	2428.55408445595
5930	1971	PC	17.1809108579169
6020	104	PC	91.295473776273
6020	106	PC	38.6014229638862
6020	138	PC	.844416390771877
6020	211	PC	173.296259954195
6020	220	PC	13.5930000778803
6020	231	PC	18.0865963553934
6020	301	PC	20.7339618613203
6020	302	PC	1402.46798765775
6020	303	PC	33.9083212280031
6020	305	PC	250.206048063389
6020	306	PC	571.591787196691
6020	307	PC	70.4353418390911
6020	309	PC	94.5644899552025
6020	1124	PC	1.21207473657571
6020	1246	PC	8.06649126180444
6020	1271	PC	182.140802234546
6020	1273	PC	16.1252940889803
6020	1504	PC	641.329419625786
6020	1534	PC	.77757987036128
6020	1617	PC	56.4491629139741
6020	1676	PC	27.2309703472588
6030	104	PC	213.607929448184
6030	231	PC	3.02669363762538
6030	301	PC	698.228606057076
6030	302	PC	216.108011084355
6030	307	PC	15.4675355485449
6030	309	PC	.979679697947382
6030	709	PC	4.43329933908969
6030	1004	PC	6.74243266320107
6030	1071	PC	197.134412707016
6030	1149	PC	309.437087839247
6030	1246	PC	41.424035626199
6030	1504	PC	118.797899938708
6030	1531	PC	170.117015008122
6030	1534	PC	16.7688801804697
6030	1931	PC	657.204294146775
6040	1071	PC	1.85780819850032
6040	1515	PC	265.163130605126
6050	307	PC	.995230169343372
6050	309	PC	1.67945091076694
