50	219	PC	2.30876251626823
50	226	PC	17.2414955820935
50	301	PC	15.7264457975599
50	2004	PC	2.0542041179751
51	301	PC	18.2310174244882
52	216	PC	.90087662178451
52	219	PC	3.73204670276771
52	220	PC	1.95012652053668
52	235	PC	6.71946629810653
52	301	PC	102.884123402446
52	420	PC	2.13010627412553
52	427	PC	1.4789669406767
52	536	PC	.837359920610521
52	543	PC	1.21565811585286
52	612	PC	2.61313734429074
52	623	PC	1.33457800267979
52	626	PC	1.06931472453563
52	628	PC	2.50605157487003
52	706	PC	37.1755309252765
52	709	PC	1.36628702584917
52	1101	PC	1.42098230228178
52	1121	PC	.77653405017597
52	1175	PC	.947267624185782
52	1274	PC	1.13758621858389
52	1275	PC	.85318966393792
52	1416	PC	1.32375107787606
52	1529	PC	3.65689438483075
52	1721	PC	8.30751110155819
56	301	PC	6.30953948275326
56	806	PC	.814340225625071
57	301	PC	1.9102664951148
57	2012	PC	.865259214379465
58	106	PC	1.07132030179885
58	301	PC	37.7963913711196
58	513	PC	2.98562678016097
58	706	PC	6.79701871394982
58	1529	PC	5.48534157724612
58	1832	PC	4.25970323831613
59	1529	PC	1.21896479494358
60	101	PC	.997877050508779
60	301	PC	5.46194716380973
62	211	PC	3.7755056673007
101	58	PC	1.57246170894155
101	60	PC	1.08862733695953
101	105	PC	1146.95632987167
101	128	PC	1381.87671937237
101	4003	PC	3.22191735342981
101	4004	PC	3.80772050859886
104	211	PC	3.4984063715897
104	219	WC	.858386095677848
104	704	PC	1.01936461476692
104	1274	WC	1.45559910947205
105	52	PC	1.88514660380434
105	101	PC	.654011210434521
105	105	PC	283.671559678102
105	128	PC	1384.45369142273
105	211	PC	842.657327989242
105	402	PC	.850247158608884
105	412	PC	.896269087802975
105	605	PC	2.74921567939299
105	709	PC	1.00493266773398
106	52	PC	2.35643325475542
106	101	PC	26.5528281605074
106	104	PC	51.821466397458
106	105	PC	316.339855603457
106	106	PC	111.998932823262
106	106	WC	1.61372966021173
106	123	WC	.599498360476523
106	127	PC	.804125501808548
106	128	PC	15.6627604456069
106	128	WC	.657300134217784
106	136	PC	27.3203200454498
106	211	PC	33.347919475784
106	213	PC	2.12851453345509
106	213	WC	2.32186030699241
106	214	PC	63.9104669692397
106	219	PC	1.60793118202273
106	219	WC	1.35265885185441
106	220	WC	7.15031157966597
106	230	PC	138.823871999619
106	231	PC	48.0551174896417
106	235	WC	.956125443594679
106	237	PC	.795791068160432
106	239	WC	1.69214547315639
106	301	WC	1.19895930075839
106	304	WC	2.08669937876673
106	305	PC	40.0898827469541
106	306	PC	159.271624229384
106	309	PC	24.306561427077
106	312	PC	18.9168567235827
106	427	PC	24.4132821453519
106	437	PC	4.98409450844016
106	534	PC	2.46107828723417
106	534	WC	1.4898883070386
106	602	WC	.552357963211968
106	605	PC	34.6267586954306
106	605	WC	9.04385474814401
106	612	PC	1.13181784996353
106	617	WC	2.37954173415007
106	626	PC	50.4277103426759
106	701	PC	38.8998318783532
106	706	PC	.716109947807881
106	720	WC	1.88326931834303
106	805	PC	7.00637084961567
106	806	PC	.850653479606893
106	814	WC	.472212938812156
106	822	PC	1.85994422763252
106	901	PC	2.31411359802102
106	901	WC	1.29459555400511
106	906	PC	67.2403392778288
106	906	WC	1.24248624982208
106	1004	WC	2.10543720625269
106	1072	PC	43.2678364135186
106	1074	PC	22.4171527610982
106	1106	PC	46.0630863305993
106	1149	PC	23.3787554985458
106	1149	WC	.622724639125001
106	1172	WC	1.52907179901064
106	1173	PC	62.1470126963113
106	1173	WC	.805696480578345
106	1216	PC	4.33590633547986
106	1221	PC	23.7323812963785
106	1221	WC	1.89181645234632
106	1224	PC	2.10291041085991
106	1235	PC	29.1334190250511
106	1243	PC	22.9136254543819
106	1271	PC	23.1320055451051
106	1276	WC	1.90725161804736
106	1424	PC	.721888329864954
106	1432	WC	6.54224999962329
106	1502	PC	49.8449132178879
106	1503	PC	33.8416291468458
106	1504	PC	48.6640831656743
106	1504	WC	3.901283729403
106	1516	WC	1.94721550493162
106	1624	WC	2.21509760345657
106	1634	PC	4.43477131627108
106	1635	PC	2.03892905754798
106	1653	PC	.673081490946446
106	1671	PC	183.223636812084
106	1671	WC	3.37644228351278
106	1677	PC	106.163791069522
106	1702	PC	76.3458140411277
106	1719	PC	5.45300023191258
106	1719	WC	.662669242156695
106	1805	PC	38.0362676371637
106	1820	WC	3.31344385799871
106	1825	PC	3.42131010185849
106	1833	WC	1.39732821548204
106	1860	PC	.735575264072179
106	1870	WC	.991866680810098
106	1901	PC	2.70649179030608
106	1942	PC	3.57098057450788
106	1972	PC	86.7398270777038
106	1973	PC	88.5886281956332
106	2004	WC	1.89259810782145
106	2012	PC	2.95070995185207
111	105	PC	27.5621148309618
118	105	PC	63.1998955933562
119	60	PC	1.08127300880868
119	105	PC	1168.94771589655
119	128	PC	3749.66849207686
119	211	PC	6.41097952021511
121	231	PC	3.52996699272978
122	128	PC	1349.12282103925
122	211	PC	473.70196692481
122	231	PC	159.704705299934
122	605	PC	1.06226487784798
123	128	PC	604.460236914437
123	211	PC	3.99394925184247
123	231	PC	284.942682769229
123	301	PC	109.021695750614
124	105	PC	10.1150233323229
124	211	PC	77.0940884496804
125	58	PC	.979903664232869
125	101	PC	.601877571914453
125	105	PC	173.448961844018
125	128	PC	2435.88041980962
125	211	PC	641.539704349077
125	605	PC	3.26318222026558
125	4001	PC	1.35159126101085
127	105	PC	1052.97899056232
127	128	PC	330.936994843926
127	4005	PC	1.08127300880868
128	105	PC	3136.25344535252
128	128	PC	5168.79318448729
128	412	PC	2.10003475094261
128	605	PC	4.65140188009975
128	5302	PC	1.41385995285325
135	105	PC	88.7656701768441
135	128	PC	1460.2414003543
135	4001	PC	.814564224592794
136	101	PC	1.41660523896043
136	105	PC	149.314050226403
136	128	PC	596.693366841242
136	211	PC	6.09415969755919
136	221	PC	1.13304149359083
136	237	PC	1.86153570512929
136	605	PC	4.76010011490475
136	4001	PC	.814564224592794
137	58	PC	.741290319231897
137	101	PC	1.67462090420015
137	105	PC	56.1683723299596
137	128	PC	972.383949489829
137	211	PC	523.852707127462
137	412	PC	.895479036424044
137	540	PC	1.02114197790637
137	605	PC	6.41578711139336
138	101	PC	.489025527180493
138	211	PC	18.990463444563
138	237	PC	1.40200988347017
138	301	PC	44.0683499330184
138	605	PC	2.09588441067533
211	52	PC	1.36082646747599
211	211	PC	31.0926242738586
211	301	PC	18.830509079617
213	101	PC	.591202717427547
213	211	PC	30.6515927465612
213	301	PC	22.779795231836
214	101	PC	.766405858504616
214	211	PC	220.097265860752
214	301	PC	43.5088333726423
214	714	PC	1.58445302381774
215	58	PC	2.04123970121399
216	301	PC	9.09213827001837
219	50	PC	6.0570236588995
219	52	PC	6.52812549903613
219	58	PC	1.68250657191653
219	106	WC	.765362973825308
219	213	WC	1.83410056678236
219	235	WC	1.60656442140358
219	237	WC	.911071035454176
219	301	PC	71.4979521081279
219	501	WC	.724622558702001
219	605	WC	2.53918052963776
219	714	PC	1.52015598579715
219	720	WC	3.75930489570406
219	806	WC	2.26835550722708
219	814	WC	1.10119304592668
219	1173	WC	1.22557907342016
219	1221	WC	2.24710084324137
219	1273	WC	.56033442270108
219	1432	WC	2.29692511257216
219	1443	WC	1.50347219722086
219	1503	WC	2.38525079933122
219	1504	WC	4.50285575212996
219	1638	WC	2.52227629593326
219	1671	WC	1.64461636051977
219	1820	WC	2.88800605794267
219	1833	WC	1.47457703404035
219	1870	WC	6.04522704571343
219	1971	WC	1.14171980981473
219	2004	WC	5.31786096134876
219	4001	PC	2.69201051506645
220	231	PC	1.59753095986149
220	301	PC	44.0178711239471
220	1102	PC	.521774076915236
220	1271	PC	.581603214050556
220	1277	PC	.559480254373791
220	1566	PC	.778491382018776
221	128	PC	304.729212413566
221	231	PC	113.382845731188
221	301	PC	149.618222834038
226	128	PC	294.367584836979
226	231	PC	439.346698067591
227	231	PC	86.4031961059347
227	235	PC	1.13507011925503
228	231	PC	25.8473029625027
229	101	PC	1.31516338955759
229	231	PC	170.585455582611
229	237	PC	2.90986695048761
229	605	PC	.838734424548037
230	128	PC	276.050559414126
230	231	PC	301.992104758406
231	52	PC	1.13562819820692
231	231	PC	339.42133551182
233	50	PC	1.36822674482761
233	128	PC	118.130999421329
233	231	PC	206.607550092997
233	237	PC	.762998532004463
233	605	PC	1.29688704373757
234	56	PC	.820936046896568
234	128	PC	273.293230863373
234	231	PC	911.192606893346
235	128	PC	326.696462225346
235	231	PC	551.651522105558
235	605	PC	2.89948466123878
236	101	PC	2.85818936261668
236	128	PC	1130.18862551771
236	221	PC	1.27079060170331
236	231	PC	2090.00769443227
236	235	PC	1.43853821842032
236	605	PC	1.02781328326118
237	231	PC	935.521828902447
238	231	PC	300.050893605082
238	417	PC	28.8965082491544
238	427	PC	151.038962413693
239	101	PC	5.00939209224063
239	105	PC	1.86280202731349
239	231	PC	75.3229385963374
239	235	PC	3.86838637820716
239	237	PC	5.63425247017376
239	301	PC	60.4286629610128
239	417	PC	29.0355696249665
239	605	PC	5.56651063842997
301	52	PC	12.4215293618806
301	56	PC	1.4332533879093
301	58	PC	4.64101097037297
301	60	PC	4.04040955067764
301	231	PC	21.537061553855
301	301	PC	15.4060651639519
301	417	PC	24.5705558700331
301	4001	PC	2.8665067758186
301	4004	PC	1.36500322658029
301	4005	PC	.819001935948172
301	5101	PC	2.45700580784452
301	5605	PC	2.04750483987043
301	5770	PC	172.794393449572
302	605	PC	.751816386989501
306	620	PC	1.41914621878751
306	4001	PC	2.04750483987043
306	5605	PC	1.77450419455437
307	412	PC	1.156626772486
307	605	PC	.919148560896255
308	427	PC	.621419980998368
309	1677	PC	4.1695725667342
402	231	PC	152.134631054019
402	301	PC	255.175176767127
402	417	PC	9.70965194447648
403	60	PC	37.7833183469221
403	231	PC	2641.81113217714
403	412	PC	27.8565023658386
403	417	PC	50.5804350063031
403	427	PC	295.275626807906
403	532	WC	1.47670464751112
403	3001	PC	9.44582958673053
403	5101	PC	3.81852685421021
403	5403	PC	13.3313481401374
403	5820	PC	8.44095409878047
403	5831	PC	31.2141123236966
403	5835	PC	35.773567371022
412	417	PC	8647.5128788307
412	427	PC	6718.29147672577
415	417	PC	1590.99050964737
415	427	PC	1381.33560605072
417	58	PC	1.33983398393341
417	417	PC	2975.78462600889
417	427	PC	1516.39352758702
417	5605	PC	.937501181711178
418	231	PC	10.7369769897162
418	417	PC	80.8384233910529
419	231	PC	34.2045989088537
419	417	PC	660.44185342798
419	427	PC	41.0388624459364
420	60	PC	1.3252665490054
420	231	PC	277.621828421892
420	417	PC	5.52580560404627
423	231	PC	604.902678268048
423	417	PC	35.6160832030244
423	427	PC	290.312437522001
425	417	PC	420.814101393693
425	427	PC	1428.27068622315
426	417	PC	737.372868923718
426	427	PC	1165.44704382343
427	52	PC	1.54540421075201
427	417	PC	794.537322361379
427	427	PC	922.04105764505
428	417	PC	257.785270431871
428	427	PC	108.251279668778
429	417	PC	137.261898132213
429	427	PC	90.4471244685545
430	417	PC	248.016028398167
430	1640	PC	76.4074952252996
432	417	PC	23.9357221825833
432	427	PC	167.066931661834
432	1640	PC	195.79117763505
434	1640	PC	109.654575408877
436	521	PC	2.45963032285946
436	1640	PC	351.533786910527
436	1648	PC	644.07837527865
437	1640	PC	760.532177966052
437	1648	PC	38.1248495068663
437	3001	PC	.789241976329887
438	417	PC	181.65801937529
438	1640	PC	424.90874412829
438	1648	PC	407.602917101723
439	517	PC	182.643236449093
439	1640	PC	197.924613828762
439	1648	PC	254.390448327472
441	521	PC	109.693159427668
441	1640	PC	303.168663016667
501	215	PC	.913684082711038
501	412	PC	134.940834864797
501	521	PC	263.829311269488
501	1653	PC	271.017373988411
502	427	PC	141.776030979829
502	521	PC	978.515837288695
502	1653	PC	446.692700650665
511	517	PC	360.158512031805
511	1525	PC	108.551086366039
512	517	PC	580.203467306676
512	521	PC	13.8662024037523
512	1449	PC	216.82717316325
513	517	PC	1065.15763579243
513	1449	PC	55.8165578867181
514	517	PC	267.249818988431
514	521	PC	203.305313012362
515	517	PC	357.550996335698
515	521	PC	188.132408660945
516	517	PC	372.268944312655
516	521	PC	189.060955139547
517	517	PC	261.569265509429
517	521	PC	90.0697791980477
519	517	PC	670.01990815637
519	521	PC	232.479981700198
520	517	PC	691.312784395951
520	521	PC	676.540458243259
521	517	PC	959.342196345764
521	521	PC	454.921372782414
522	412	PC	247.663565204446
522	427	PC	110.459937407436
522	517	PC	1529.78984952897
522	521	PC	853.095399970957
528	412	PC	160.673835784636
528	427	PC	213.26761018675
528	517	PC	1610.96293763985
528	521	PC	900.514386932305
528	4001	PC	1.06786881859356
529	301	PC	75.8562259552777
529	427	PC	121.038666222988
529	517	PC	836.884580846036
529	521	PC	826.555531856246
532	231	PC	24.9496733233497
532	301	PC	115.140678948495
532	521	PC	129.391531168573
533	101	PC	1.59313225302945
533	105	PC	.836042972175002
533	231	PC	221.626249741498
533	427	PC	125.344151506286
533	521	PC	87.0244837335969
533	534	PC	1.37394018841611
533	605	PC	1.35254111530877
533	5403	PC	.937501181711178
534	52	PC	2.08665748968123
534	55	PC	2.55783821315763
534	231	PC	831.337686104394
534	412	PC	125.668133475546
534	427	PC	2.44869640648722
534	521	PC	1484.94431994585
534	522	PC	2.29409342888694
534	536	PC	.885738886573809
534	540	PC	.825818674812045
534	605	PC	4.51877093181364
536	427	PC	3.60588293166622
536	502	PC	1.24739230263997
536	521	PC	216.494424120411
536	536	PC	.807296086339573
536	538	PC	.818398965659872
536	540	PC	5.42937277730599
536	605	PC	3.4107498835813
536	617	PC	37.8398955577536
538	52	PC	1.60180322789035
538	427	PC	.799149122216137
538	521	PC	13.3007596326553
538	522	PC	.604291614846265
538	617	PC	510.881005518884
538	3001	PC	6.90777642027712
540	301	PC	47.5813442298363
540	412	PC	4.39262942562088
540	540	PC	2.89119494524796
540	605	PC	2.31242134396119
540	617	PC	201.122810818301
541	427	PC	3.26762533770438
541	540	PC	2.43950657669743
541	617	PC	166.694210622619
542	231	PC	37.579729097819
542	427	PC	7.23804794266488
542	540	PC	4.29882723172221
542	605	PC	.6812101918324
542	617	PC	424.564451243035
543	427	PC	4.56818223716474
543	540	PC	3.24943054789147
543	617	PC	246.680325671681
544	231	PC	1.022969829864
544	427	PC	1.50108329365029
544	540	PC	1.12143319088406
544	617	PC	347.363776582115
545	301	PC	138.199339579364
545	617	PC	179.969634785039
602	60	PC	1.36054475861329
602	128	PC	39.9133391930396
602	301	PC	43.2632738121473
602	521	PC	134.401893049339
602	704	PC	6.63807463093417
602	4001	PC	1.02040856895997
604	301	PC	46.5311276324362
604	605	PC	.878621190513482
604	617	PC	130.196963728927
604	631	PC	1.18433166395146
604	704	PC	189.272579799292
604	817	PC	353.79690936912
605	128	PC	155.453861014121
605	301	PC	222.293840459389
605	412	PC	1.98828505007309
605	605	PC	3.91958324245
605	617	PC	84.4053919921678
612	60	PC	1.07973296307108
612	301	PC	31.443692026789
612	412	PC	1.03129249325965
612	540	PC	1.79233277599169
612	617	PC	34.2357588231157
615	617	PC	27.4257140933322
616	427	PC	164.53291097872
616	540	PC	1.51500782940117
616	605	PC	2.53049196088617
616	617	PC	228.348395831911
617	605	PC	1.84311154793827
617	617	PC	222.834141330231
617	3001	PC	2.87840278819432
618	605	PC	3.33670763166574
618	617	PC	253.011387744624
619	540	PC	2.59558109927973
619	605	PC	6.64545402619462
619	617	PC	514.058989709425
620	301	PC	271.072038114678
620	605	PC	7.62176722289011
620	617	PC	47.7280899285697
621	301	PC	225.004973622311
621	412	PC	.981906260489563
621	605	PC	.977222799233812
621	617	PC	48.8908402620107
621	624	PC	1.649722786485
621	631	PC	.52519624841892
621	704	PC	80.3355205866645
621	817	PC	158.874691721687
622	301	PC	16.0496178410025
622	605	PC	1.52234265827171
622	617	PC	24.8074885317369
623	58	PC	2.3129260896426
623	301	PC	383.002043190117
623	605	PC	2.09695725668922
623	624	PC	1.27309797027781
624	301	PC	228.352216884273
624	617	PC	214.154037374104
624	817	PC	88.5364646539123
625	301	PC	2.32399171357614
625	617	PC	25.2047704200886
626	58	PC	.952381331029304
626	128	PC	100.734251234669
626	301	PC	225.041108021103
626	617	PC	5.8624439972461
626	4001	PC	2.72108951722658
627	211	PC	6.3040089090303
627	301	PC	34.1892291173769
627	617	PC	171.92544060136
628	52	PC	1.36054475861329
628	301	PC	38.6711710544304
628	605	PC	1.22935880993356
628	617	PC	9.95968848925251
628	631	PC	1.43838860170912
628	704	PC	33.8050983544163
631	301	PC	9.9255080369335
631	412	PC	1.19153498122979
631	605	PC	1.76868276111177
631	617	PC	7.00226093101215
631	631	PC	2.04235300474778
632	412	PC	1.02598350303333
632	617	PC	71.9939275588028
632	631	PC	.901723616218883
632	704	PC	63.4110358755017
633	301	PC	3.39095347874913
633	605	PC	1.0410745877178
633	617	PC	90.2093149173131
633	704	PC	136.969876811416
701	105	PC	.586921175831214
701	128	PC	175.100098597437
701	301	PC	128.412201165036
701	617	PC	28.3401468437885
701	704	PC	6.59962881525208
701	714	PC	.89541293440134
701	4001	PC	1.08750090922272
702	52	PC	2.02364534264333
702	128	PC	178.41562381248
702	301	PC	704.449755647602
702	605	PC	2.17365322986261
702	704	PC	41.0853501971979
702	4005	PC	.937501181711178
704	128	PC	1054.22783469361
704	301	PC	1057.03461403473
704	605	PC	1.18449079146849
704	704	PC	46.6814958285191
706	301	PC	552.126231485908
706	402	PC	2.92760679548636
706	412	PC	.913290497423832
706	425	PC	5.28229543659702
706	430	PC	4.78746256978321
706	436	PC	1.52961646164657
706	438	PC	6.02953023967628
706	502	PC	7.03773400846845
706	704	PC	90.5603696302259
706	817	PC	77.303294422342
706	937	PC	8.53505333682408
706	941	PC	2.6477662873959
706	1002	PC	.953709214397115
706	1021	PC	.890689073576238
706	1037	PC	.840215671901176
706	1620	PC	3.58202713028376
706	1648	PC	.72626517384803
706	1717	PC	3.3400765648039
706	1721	PC	.818869667887853
706	2004	PC	3.93006622046811
706	2012	PC	1.60510224799164
706	5102	PC	1.33478371837105
709	211	PC	380.884781989701
709	704	PC	182.171913882031
709	817	PC	574.617869829366
711	704	PC	5.9356217584332
713	128	PC	366.394507767398
713	704	PC	223.265881439033
714	617	PC	185.631817791062
714	704	PC	17.1740516275627
716	101	PC	2.99012210011983
716	105	PC	2.74204317337813
716	128	PC	433.339477324348
716	605	PC	2.76641970847596
716	617	PC	4207.76583045303
716	704	PC	467.88624530276
716	709	PC	1.09408742142336
716	714	PC	4.43770586170335
716	4004	PC	1.3593761365284
719	128	PC	1127.40942744446
719	605	PC	3.68338044420703
719	704	PC	993.923837714052
719	714	PC	1.25738279171764
720	106	PC	2.44949092903667
720	128	PC	1763.88987652114
720	427	PC	1.2376620104748
720	605	PC	1.10003722067807
720	704	PC	2195.82632616358
720	1275	PC	.718446723513023
722	311	PC	17.3404053448851
722	417	PC	11.8940741965984
722	423	PC	1.87424892612646
722	427	PC	3.26460738060135
722	501	PC	6.50825975564744
722	502	PC	7.80548102976492
722	516	PC	5.38138760378002
722	522	PC	2.115147876648
722	534	PC	9.4031192405904
722	605	PC	3.73185011578911
722	621	PC	2.47314065028461
722	704	PC	10.5269856754765
722	815	PC	20.4539016071826
722	901	PC	8.87616025863089
722	904	PC	11.6678472809888
722	906	PC	1.79729268049259
722	926	PC	.882556427475412
722	1014	PC	1.56904216966696
722	1032	PC	6.25291944418626
722	1071	PC	8.4250316339545
722	1072	PC	3.74445850397978
722	1101	PC	1.54538099284441
722	1149	PC	8.41130948540612
722	1172	PC	6.59888306862952
722	1263	PC	4.36136990933403
722	1271	PC	16.3662556237529
722	1273	PC	7.43920710170585
722	1275	PC	.991894280227446
722	1443	PC	22.7677602598907
722	1504	PC	8.11515503218137
722	1519	PC	2.96044599637663
722	1548	PC	1.7182712826507
722	1566	PC	2.54699077780509
722	1624	PC	12.3030302384658
722	1627	PC	5.01168099132092
722	1630	PC	6.78735926609414
722	1638	PC	3.08912861341747
722	1671	PC	14.0116972672056
722	1702	PC	23.574080967728
722	1714	PC	27.012330347913
722	1719	PC	34.3904819169015
722	1721	PC	4.91062704162174
722	1751	PC	6.22646735933391
723	704	PC	17.8060959989743
728	704	PC	627.287319252804
728	817	PC	28.2843170940034
805	237	PC	1.6851013360634
805	704	PC	116.904080875567
805	834	PC	1.03006182665108
806	52	PC	1.93016185482469
806	704	PC	304.780339557882
806	817	PC	21.0043581359817
806	834	PC	4.78371277033446
806	4003	PC	1.7053866843482
807	211	PC	9.26002022701996
807	704	PC	128.818420326814
811	704	PC	326.337437143083
811	834	PC	85.8385610166617
814	704	PC	46.9746652275245
815	704	PC	14.7328146194915
815	834	PC	10.1833858310588
817	704	PC	63.8881116674946
817	817	PC	118.177818024738
817	4002	PC	.787989238025523
819	704	PC	114.607630967339
819	834	PC	90.2063250112818
821	704	PC	801.134183770376
821	817	PC	105.81436313962
821	834	PC	22.1017028748927
822	704	PC	157.493880042708
822	834	PC	17.3899372768315
826	704	PC	7.69526770360926
826	834	PC	88.8619207150819
827	834	PC	96.1604736728919
828	704	PC	.861511299201973
828	834	PC	130.671706193649
829	704	PC	1.5328149929924
829	834	PC	83.4795816288029
830	834	PC	20.4490258689802
831	834	PC	40.6862298164437
831	4001	PC	.757387605731964
833	834	PC	148.9362294568
834	834	PC	40.5125733314056
834	926	PC	95.9560021285699
901	834	PC	19.3621063108266
901	926	PC	2.1104162182328
904	704	PC	609.163360642653
904	817	PC	79.8525640472252
904	926	PC	160.231533157258
904	4001	PC	1.21764550380158
906	231	PC	2.80701026704247
906	817	PC	209.834150015979
906	926	PC	190.354895061181
906	4001	PC	2.57058495247001
911	926	PC	31.6100200202734
912	704	PC	213.394800501046
912	926	PC	11.2356640209919
914	704	PC	414.529135719316
914	926	PC	63.8370264932348
919	817	PC	6.2376174181535
919	926	PC	34.3232820679314
926	926	PC	76.5375791306265
928	926	PC	74.445743373676
929	817	PC	31.4198100274015
929	926	PC	122.669078014481
935	926	PC	40.4283538437021
937	704	PC	15.2143615095712
937	926	PC	98.9955223435227
938	704	PC	32.0645449600835
938	834	PC	36.5331700482136
938	926	PC	29.4258201653308
940	834	PC	53.6654524077117
940	926	PC	22.9308780864605
941	834	PC	2.59545514663461
941	926	PC	18.8062775353944
1002	926	PC	207.295699248877
1003	926	PC	678.248657269704
1003	1119	PC	190.872632068125
1004	235	PC	2.41181545751624
1004	926	PC	198.521139652074
1004	1154	PC	33.538075982546
1014	926	PC	251.202548632071
1014	1101	PC	139.478117811076
1014	4001	PC	1.70386718375016
1014	4004	PC	2.72618749400025
1017	926	PC	246.749065695184
1018	926	PC	114.577564397483
1021	54	PC	.866419485596498
1021	926	PC	285.337573258631
1026	926	PC	124.481706488485
1027	926	PC	116.054251602565
1029	926	PC	128.414505936425
1032	926	PC	155.717526351485
1032	1119	PC	154.629752826308
1034	926	PC	349.896799614183
1034	1119	PC	86.4783842398956
1034	3001	PC	1.40625177256677
1034	4001	PC	1.12500141805341
1037	926	PC	322.361024261867
1037	1119	PC	93.8248297267615
1046	926	PC	14.2738478605231
1046	1101	PC	62.9230972248952
1046	1119	PC	94.3610299066226
1071	704	PC	120.698743480214
1071	834	PC	10.2956916791211
1071	926	PC	8.07657788272047
1075	1832	PC	1.30073069455982
1101	60	PC	1.07798909128623
1101	926	PC	1251.69193934021
1101	1101	PC	277.893606536344
1101	1102	PC	374.16842375866
1101	1119	PC	329.898417197905
1101	4004	PC	1.40625177256677
1102	105	PC	.694430542263889
1102	128	PC	.944861108793151
1102	138	PC	6.75574945673075
1102	219	PC	1.51739291248171
1102	231	PC	1.19650122342674
1102	236	PC	.962941655540662
1102	237	PC	.745600941983145
1102	302	PC	.795916109871882
1102	305	PC	1.35831549284052
1102	306	PC	1.17358380211885
1102	403	PC	60.5826516371866
1102	417	PC	.837842882272306
1102	427	PC	4.19924246926462
1102	534	PC	4.595936302197
1102	616	PC	.883703983830203
1102	706	PC	1.32232400725462
1102	716	PC	15.9313961399516
1102	728	PC	.844301099010927
1102	822	PC	13.1429285025627
1102	833	PC	2.45901391490933
1102	904	PC	.928120468598095
1102	906	PC	1.71336331394056
1102	926	PC	2221.38852669912
1102	929	PC	.670540916685026
1102	940	PC	6.79616709958612
1102	1101	PC	898.846542421624
1102	1102	PC	413.887292510245
1102	1106	PC	.966095544636664
1102	1114	PC	.720084339390464
1102	1119	PC	2309.23688892803
1102	1124	PC	.797978241147082
1102	1130	PC	.984345452662743
1102	1146	PC	.571481233610091
1102	1149	PC	.87795749860515
1102	1173	PC	1.38551084996639
1102	1175	PC	.678745671374468
1102	1216	PC	1.15509516471265
1102	1219	PC	.747116610620737
1102	1272	PC	.573905944919789
1102	1612	PC	.547951365554494
1102	1671	PC	.596422783087354
1102	1719	PC	1.62474477053949
1102	1837	PC	.815974531227703
1102	4001	PC	3.86353557256481
1106	926	PC	38.9376396979668
1106	1102	PC	53.9543302416227
1106	1119	PC	24.2926939040612
1106	4001	PC	1.07651934712238
1111	926	PC	20.6671258678361
1111	1119	PC	260.393755720351
1111	1154	PC	62.5251558527343
1112	1101	PC	222.399927836599
1112	1119	PC	765.214700196273
1114	926	PC	2893.33734547186
1114	1101	PC	655.79910989192
1114	1119	PC	797.268232935327
1119	926	PC	11172.9896578517
1119	1101	PC	3078.01274439199
1119	1102	PC	369.685412304163
1119	1119	PC	4271.90556249465
1119	4001	PC	8.01427386858791
1120	52	PC	2.34901130631025
1120	926	PC	7485.77781999272
1120	1119	PC	4559.80872808283
1120	1172	PC	67.8609373238285
1120	1275	PC	11.1863530733665
1120	1677	PC	2.46755375763581
1120	4001	PC	1.24359422098778
1121	231	PC	1.40189481182725
1121	926	PC	6243.02904361156
1121	1102	PC	1403.84611888257
1121	1119	PC	1060.53444466074
1121	1149	PC	15.7831190363359
1121	4004	PC	1.38177135665309
1121	5820	PC	.967239949657161
1122	926	PC	1892.90623439721
1122	1102	PC	322.20443636431
1122	1119	PC	1447.76996758995
1124	52	PC	2.03343977503411
1124	926	PC	1828.36210344137
1124	1102	PC	503.29625701719
1124	1119	PC	1602.38738698534
1124	1171	PC	59.0544303226589
1127	926	PC	666.106217086307
1127	1102	PC	221.205260373397
1127	1119	PC	966.971286686844
1127	4001	PC	1.22006386502047
1129	1102	PC	93.1046715505993
1129	1171	PC	136.413964657419
1130	926	PC	641.270922535941
1130	1102	PC	200.26044000175
1130	1119	PC	175.629090492363
1130	1171	PC	179.850624448115
1133	926	PC	1452.16359042282
1133	1102	PC	263.248771302274
1133	1119	PC	668.392500804636
1133	1154	PC	233.386239735961
1134	1102	PC	388.223111853515
1134	1119	PC	322.421707808376
1134	1154	PC	204.704150052248
1135	1119	PC	176.381972081627
1135	1154	PC	25.0488870809477
1135	1171	PC	67.9141263848072
1141	1102	PC	201.120917066249
1141	1119	PC	2270.93224771146
1141	1154	PC	374.513316159328
1141	1171	PC	265.577267801386
1142	1102	PC	245.61135665401
1142	1119	PC	839.770749487602
1142	1142	PC	993.07946599345
1142	1171	PC	347.64321279195
1144	1102	PC	15.6315686211348
1144	1154	PC	6.04084867953292
1144	1171	PC	36.6776180766286
1145	1102	PC	68.7576619987207
1145	1119	PC	318.101578305687
1145	1154	PC	65.7388964472491
1146	1102	PC	409.308712177827
1146	1119	PC	978.040870915646
1146	1154	PC	215.56972689862
1149	1119	PC	336.600322927478
1149	1154	PC	488.868014752006
1151	1154	PC	5.05954341701262
1154	1119	PC	3958.62018872083
1154	1154	PC	979.311952863409
1154	1235	PC	454.83251247776
1171	926	PC	527.384977286332
1171	1102	PC	105.366893665987
1171	1119	PC	162.256650633635
1171	1154	PC	16.7748339097906
1173	51	PC	1.28784519085494
1173	5605	PC	1.35562651668941
1175	52	PC	.881157235848115
1175	1002	PC	5.22605848507822
1175	1072	PC	3.88971876987993
1175	1074	PC	15.5215337793289
1175	1102	PC	2.03047953711783
1211	1119	PC	917.050733547471
1211	1154	PC	131.360519582506
1211	1235	PC	240.002321757497
1216	1102	PC	623.616523597746
1216	1119	PC	163.658117256783
1216	1154	PC	228.514296045481
1219	1102	PC	157.949291042416
1219	1154	PC	119.350888220927
1221	1154	PC	67.6680608442037
1221	1171	PC	30.26459660245
1222	1102	PC	136.679625555429
1222	1154	PC	96.077050892627
1223	1154	PC	54.9958291316417
1223	1235	PC	38.798029287044
1224	1154	PC	418.16318872871
1224	1171	PC	45.0250524186581
1224	1235	PC	161.22173559538
1227	1235	PC	73.7818284936965
1228	1171	PC	157.863528433368
1228	1235	PC	73.1721855088221
1231	1119	PC	223.597311594209
1231	1235	PC	95.5039979104162
1232	1235	PC	31.1007740773587
1233	1119	PC	89.7381254024701
1233	1235	PC	74.6237691944529
1234	1154	PC	13.8398148784361
1234	1235	PC	64.0968370710055
1235	1171	PC	183.531312109508
1235	1235	PC	849.590962452057
1238	1171	PC	7.04895753121843
1238	1235	PC	299.695852466029
1241	1171	PC	13.2163294433133
1241	1235	PC	133.314038013373
1242	1235	PC	16.2363068939121
1243	1235	PC	59.9473520939907
1244	1235	PC	32.8658098081933
1245	1235	PC	24.1553333109183
1246	1235	PC	37.1920086982964
1246	1271	PC	.657196479784769
1247	1235	PC	52.2524766919817
1251	1154	PC	4.92508090691006
1251	1235	PC	93.4784272067895
1252	1235	PC	11.4787326587358
1253	1154	PC	61.0863104124507
1253	1235	PC	254.989083378665
1256	1235	PC	72.7858987486948
1259	1154	PC	12.5992196280601
1259	1235	PC	23.9958719593942
1260	1154	PC	23.5343315548621
1260	1235	PC	242.704258946282
1260	1260	PC	55.9774148149859
1263	52	PC	.948738143323231
1263	1154	PC	36.8060824884701
1263	1235	PC	381.440515336687
1264	1235	PC	45.1177126148586
1265	1432	PC	4.12215646702377
1266	1235	PC	30.6289140100748
1266	1432	PC	47.4853847731552
1266	1648	PC	218.201209100518
1271	105	PC	1.04116117370379
1271	1102	PC	27.0365274637114
1271	1154	PC	197.339228586913
1274	4001	PC	2.57514638902019
1274	5102	PC	.813204122848483
1275	4001	PC	1.0165051535606
1275	5800	PC	1.35534020474747
1277	215	PC	1.8967500085138
1401	1154	PC	82.9632963272384
1401	1432	PC	185.977991204883
1411	1154	PC	45.5645397314974
1411	1432	PC	220.562883036614
1412	1432	PC	22.1107774243722
1413	1235	PC	32.5481526434226
1413	1432	PC	119.227232208698
1416	52	PC	.889841858693067
1416	1235	PC	37.265131347803
1416	1417	PC	30.1258561436697
1416	1432	PC	60.2929058209224
1417	1417	PC	165.993270608312
1417	1432	PC	148.105282145562
1418	1417	PC	45.0045826592132
1419	1235	PC	11.9724889847719
1419	1417	PC	48.2910796709717
1420	1235	PC	165.033790623526
1420	1417	PC	130.69644700761
1421	1235	PC	79.926535758533
1421	1417	PC	10.7556222107472
1422	1235	PC	211.100868744816
1424	1417	PC	21.2118210268917
1426	1235	PC	205.36675582867
1426	1432	PC	222.626020628298
1428	1235	PC	277.885237808722
1428	1417	PC	322.954274906524
1428	1432	PC	62.6768822329365
1429	1235	PC	90.8833217321622
1429	1432	PC	170.638568014933
1430	1235	PC	60.0245087545374
1430	1432	PC	305.383634274964
1431	1235	PC	142.403948094692
1431	1432	PC	378.350018350635
1432	1235	PC	316.755811560852
1432	1432	PC	362.90301724911
1433	1432	PC	240.301220447371
1438	1432	PC	31.5239652438013
1438	1441	PC	60.1093240062078
1439	1432	PC	15.684044767253
1439	1441	PC	17.7253625147306
1441	1441	PC	78.8739986571173
1441	1449	PC	34.7086049628331
1443	1441	PC	262.404615077204
1443	1449	PC	81.97899087104
1444	1235	PC	308.669484732384
1444	1449	PC	164.669376665153
1445	1235	PC	406.72636442977
1445	1449	PC	621.81428605736
1449	1235	PC	314.471751989744
1449	1449	PC	371.894655618347
1449	1557	PC	253.143168385832
1502	1432	PC	58.8931101495808
1502	1449	PC	163.804877164545
1502	1525	PC	14.9415251399564
1503	1441	PC	10.5996541923134
1503	1525	PC	37.1188457874902
1504	106	PC	1.21758622634553
1504	231	PC	.941314442253818
1504	306	PC	2.70426232843444
1504	309	PC	3.77627776328745
1504	417	PC	2.65468985277665
1504	533	PC	.928855906497901
1504	605	PC	1.41663430531914
1504	624	PC	.786540582043998
1504	706	PC	5.34100412184696
1504	716	PC	8.66340212436725
1504	822	PC	1.60720413829754
1504	1014	PC	.835898830815872
1504	1074	PC	2.46791166571841
1504	1102	PC	7.16971826159132
1504	1247	PC	18.915166835771
1504	1443	PC	1.03634883739919
1504	1503	PC	.534122264728651
1504	1511	PC	.834261076242896
1504	1557	PC	27.5143706670609
1504	1671	PC	2.03226607699593
1504	1804	PC	1.31203663377794
1504	1833	PC	2.01509860528276
1504	1931	PC	2.01760780046986
1504	1941	PC	2.83480922666441
1504	1972	PC	3.01005616937796
1504	2004	PC	2.43274533979229
1504	4005	PC	1.34544568968489
1511	1432	PC	172.540353740567
1511	1441	PC	49.7182735306667
1511	1503	PC	298.014069432153
1514	1432	PC	44.3362113510532
1514	1441	PC	52.7824880823263
1515	1441	PC	28.9129266112955
1515	1525	PC	26.1098443469086
1516	1432	PC	32.8657157183488
1516	1441	PC	32.1973242445114
1516	1525	PC	7.37585738651594
1517	1449	PC	5.30789130397734
1517	1525	PC	82.0015093048069
1519	1432	PC	211.583380110274
1519	1525	PC	180.696647445328
1520	1235	PC	377.133678744382
1520	1449	PC	274.230381203911
1520	1525	PC	70.0997859465506
1523	1525	PC	54.1277636338127
1524	1235	PC	287.151256477039
1524	1525	PC	135.435143960355
1525	1432	PC	143.317637210792
1525	1525	PC	318.129786939347
1526	1525	PC	59.5787386749463
1528	1235	PC	.744653358612675
1528	1271	PC	3.95343483569785
1528	1525	PC	120.431747278289
1529	1525	PC	71.7877004093973
1531	1525	PC	7.06395572952438
1532	1235	PC	227.582848762922
1532	1525	PC	109.050724089703
1534	1525	PC	222.22244490993
1534	1557	PC	18.6922268016435
1535	1432	PC	280.845100671376
1535	1525	PC	246.116946032905
1539	1432	PC	209.643040458428
1539	1557	PC	443.217065988221
1543	1525	PC	207.10768385986
1543	1557	PC	78.7643419948635
1545	301	PC	.84908860753049
1545	1557	PC	57.0849173736105
1546	1557	PC	41.1934025096639
1547	1432	PC	192.616719384459
1547	1557	PC	97.3903713275874
1548	1432	PC	248.669479963575
1548	1557	PC	1014.68658408786
1551	1557	PC	294.563636289894
1554	1557	PC	276.267713588687
1557	1432	PC	107.077356075853
1557	1503	PC	250.303448535301
1557	1557	PC	34.5453626168107
1560	1432	PC	139.015374063831
1560	1557	PC	255.490770833734
1563	1441	PC	65.1008434269586
1563	1557	PC	270.024161612318
1566	1449	PC	400.847168605539
1566	1557	PC	475.368822320695
1566	1648	PC	123.293728705759
1566	1663	PC	77.8797466800234
1567	1449	PC	92.05280101273
1567	1503	PC	226.531047897144
1567	1557	PC	51.2099515853637
1569	1503	PC	145.300944448899
1569	1663	PC	20.2879953110985
1571	1557	PC	30.0395189485874
1571	1653	PC	131.672830241292
1573	1557	PC	201.070349311095
1612	1449	PC	93.0763041752269
1612	1617	PC	22.1266474490012
1612	1653	PC	319.66620529519
1613	1525	PC	15.9785900589108
1613	1617	PC	12.9614656129943
1613	1653	PC	157.113729016756
1617	1617	PC	117.612805407947
1617	1620	PC	29.0448400285714
1620	1617	PC	26.0785781900449
1620	1663	PC	54.8089828908703
1621	1525	PC	155.569185410376
1621	1617	PC	795.429684005724
1621	1648	PC	144.59909449896
1621	1663	PC	3.78690734101442
1622	1441	PC	25.8754692004987
1622	1648	PC	118.247992145301
1622	1653	PC	180.169801730165
1622	1663	PC	14.1444425028359
1624	1441	PC	354.63465048377
1624	1648	PC	1450.93361842429
1624	1653	PC	568.209160961213
1624	1663	PC	38.1970184411062
1627	1525	PC	606.68038116874
1627	1648	PC	26.2456724812736
1627	1653	PC	321.838697270039
1627	1663	PC	27.8441045934153
1630	1449	PC	112.93964284153
1630	1648	PC	222.661016928476
1630	1653	PC	399.480525779327
1630	1729	PC	32.3053209942971
1632	1653	PC	128.729290295565
1632	1729	PC	20.2940861747146
1633	1663	PC	33.311255653039
1633	1702	PC	107.886936968277
1634	1663	PC	597.115419643801
1634	1702	PC	762.69431789111
1635	1525	PC	1.66058176214906
1635	1648	PC	563.013816586156
1635	1653	PC	254.884443211379
1635	1663	PC	209.812506229588
1636	1648	PC	447.881602689283
1636	1653	PC	380.859519427069
1636	1663	PC	23.5777176590631
1638	1525	PC	385.688949095518
1638	1640	PC	24.9243832107019
1638	1648	PC	836.132755036096
1638	1653	PC	306.67637199673
1640	1525	PC	11.7664154340454
1640	1640	PC	34.2914931724861
1640	1653	PC	219.858775390135
1644	1640	PC	64.9223115291617
1644	1648	PC	481.185211179763
1644	1663	PC	81.0397958584373
1648	1525	PC	332.252389262747
1648	1640	PC	742.160144182797
1648	1648	PC	3861.26997751314
1648	1663	PC	188.9251465526
1648	3001	PC	1.01366863538793
1653	1525	PC	5.46265584746401
1653	1648	PC	3135.49556589277
1653	1653	PC	355.89481799887
1653	1663	PC	69.8995614383827
1657	1525	PC	188.25544372024
1657	1648	PC	285.331781930823
1657	1653	PC	98.9114632157804
1657	1663	PC	11.0391287044916
1662	1653	PC	38.3343855162273
1662	1663	PC	10.1264898130713
1663	1525	PC	232.03483837458
1663	1653	PC	64.4303184691498
1663	1663	PC	23.8896761156972
1664	1525	PC	302.320824528151
1664	1648	PC	134.87381289459
1664	1663	PC	337.739504807337
1665	1663	PC	61.0913694206546
1665	1729	PC	6.99641084132092
1671	1449	PC	424.606259721581
1671	1503	PC	225.826967520235
1671	1557	PC	14.2357653279783
1671	1648	PC	532.662815988147
1675	1275	PC	.857495074825597
1675	1401	PC	1.03471208759291
1675	1432	PC	.947787577201659
1675	1503	PC	1.35332132190377
1675	1504	PC	2.35817537143851
1675	1805	PC	.890299863644529
1675	1866	PC	1.94501999111472
1675	1870	PC	1.55550315777158
1676	237	PC	.765094544786978
1676	306	PC	.702856366512052
1676	616	PC	.73436333676024
1676	619	PC	.82219334767676
1676	906	PC	1.41455551525866
1676	1002	PC	1.13784006942416
1676	1504	PC	1.74894076422737
1676	1866	PC	1.00774427417744
1677	215	PC	2.43573273623162
1677	5404	PC	.814666079424191
1702	1525	PC	2063.23694777573
1702	1648	PC	4277.60162419917
1702	1663	PC	1457.681295141
1702	1750	PC	99.2209967678755
1703	1525	PC	37.9757220449698
1703	1648	PC	121.484396363738
1703	1663	PC	27.5628763653965
1703	1702	PC	188.475493590558
1711	1663	PC	57.8471524366652
1711	1702	PC	60.1447355668283
1714	1525	PC	1031.23426190013
1714	1648	PC	791.037019017475
1714	1663	PC	515.592089284256
1714	1719	PC	53.701755763631
1717	1648	PC	296.415983010761
1717	1653	PC	2162.09184005813
1717	1663	PC	110.759353944398
1717	1729	PC	5.98443508955762
1718	1719	PC	265.816880102241
1719	62	PC	1.23874302072671
1719	1648	PC	4629.47935575479
1719	1653	PC	5493.1117697232
1719	1719	PC	104.318253598516
1721	1648	PC	1699.80105663955
1721	1653	PC	3596.56768748532
1721	1719	PC	567.431357164885
1721	1729	PC	235.445149934723
1721	4001	PC	.937255485331065
1724	1653	PC	14.8024550085285
1724	1719	PC	66.7140173670899
1724	1729	PC	68.3967547412344
1725	1648	PC	812.578182546618
1725	1653	PC	93.0830497466437
1725	1702	PC	340.203991703547
1725	1729	PC	31.7449423804694
1729	1648	PC	390.378581009662
1729	1653	PC	1838.78286827981
1729	1702	PC	549.033378369019
1729	1851	PC	92.9082600820123
1736	1648	PC	244.404048183189
1736	1653	PC	543.401976532995
1736	1702	PC	361.161306556019
1736	1729	PC	41.8683541510605
1738	1702	PC	120.697763869352
1738	1729	PC	18.5906967659143
1739	1702	PC	18.4900688419704
1739	1832	PC	3.75146893600256
1740	1702	PC	67.1453959824833
1740	1729	PC	13.8121956438387
1742	1648	PC	244.134194514896
1742	1653	PC	216.766731168907
1742	1702	PC	168.554390130263
1742	1750	PC	31.2671539050237
1743	1648	PC	449.449899675313
1743	1653	PC	156.307385983892
1743	1702	PC	188.468395752953
1743	1729	PC	24.516210955872
1744	1648	PC	958.381651261383
1744	1653	PC	877.420870930148
1744	1702	PC	555.693303572522
1744	1750	PC	43.629012750448
1748	1653	PC	82.2887799560214
1748	1702	PC	129.964615145726
1748	1729	PC	4.61711207008941
1749	1702	PC	95.8500740839476
1749	1750	PC	24.0698366445307
1750	106	PC	3.72686167854145
1750	136	PC	4.27772822056222
1750	211	PC	3.69279796712668
1750	501	PC	5.16326477751937
1750	1071	PC	1.43955777846311
1750	1074	PC	4.28079023595609
1750	1106	PC	4.48392476110945
1750	1277	PC	10.9455634964883
1750	1673	PC	4.46997002260165
1750	1677	PC	3.9158415074031
1750	1702	PC	214.198486987772
1750	1750	PC	17.2037738205358
1750	1804	PC	21.2840778341992
1750	1820	PC	187.616673725506
1750	1833	PC	2.91599211347082
1750	1931	PC	28.4768500291956
1751	1653	PC	288.816219317349
1751	1702	PC	565.520767202304
1751	1750	PC	27.0117201038183
1755	1702	PC	183.756055075089
1755	1729	PC	6.67032394476601
1804	61	PC	.947237741115746
1804	1271	PC	3.0181160733622
1804	1653	PC	18.2722000233872
1804	1702	PC	197.491717200025
1804	1804	PC	1.51527688969367
1804	1924	PC	89.7244290294559
1805	1653	PC	.896597177657262
1805	1750	PC	6.82147086020621
1805	1851	PC	43.4118045305789
1811	1653	PC	257.293197905617
1811	1750	PC	31.7730222551791
1811	1924	PC	145.753505478933
1812	1653	PC	471.480825254798
1812	1702	PC	522.208771597541
1812	1750	PC	21.589138332019
1813	1653	PC	460.512967575765
1813	1702	PC	473.038124139998
1813	1750	PC	48.204046078597
1815	1653	PC	1005.48246258287
1815	1832	PC	248.290508713999
1816	1653	PC	396.238258135993
1816	1832	PC	112.127505192518
1818	1832	PC	78.4348891825859
1820	1653	PC	220.494944865532
1820	1820	PC	2.18132349319258
1820	1827	PC	1.01924650009379
1820	1832	PC	400.283447847919
1822	1653	PC	364.979606893308
1822	1832	PC	252.557231450182
1824	1653	PC	538.557520351913
1824	1832	PC	320.123480011694
1825	1653	PC	306.708104458049
1825	1832	PC	102.761422892942
1826	1719	PC	3.38376858150591
1826	1832	PC	289.997680196057
1827	1702	PC	41.0577292300913
1827	1832	PC	212.636943811636
1828	1702	PC	844.168112493577
1828	1832	PC	125.611678500662
1832	1719	PC	1105.48607636874
1832	1832	PC	331.129049945679
1833	1719	PC	461.638465162219
1833	1832	PC	345.389295147881
1834	1719	PC	129.889547510677
1834	1832	PC	105.924709204393
1835	1832	PC	2.33780713214249
1836	1832	PC	62.0042738261086
1836	1851	PC	35.6321018299417
1837	1719	PC	227.082820250165
1837	1832	PC	149.746850617697
1837	1851	PC	67.4871476750279
1838	1702	PC	42.3297087144633
1838	1832	PC	13.8779927277538
1838	1851	PC	58.8048688499558
1839	1702	PC	30.6170267200881
1839	1832	PC	32.8337453420391
1839	1851	PC	41.7976297568863
1840	1702	PC	84.8971197001257
1840	1832	PC	27.7901176283749
1840	1851	PC	46.5063651444922
1841	1702	PC	70.1523698824708
1841	1832	PC	90.3598450301683
1841	1851	PC	51.5758588780527
1845	1851	PC	23.2554058504247
1848	1702	PC	282.764094747962
1848	1851	PC	259.815727735143
1849	1851	PC	43.8959848709961
1849	1924	PC	47.0797797874547
1850	1851	PC	13.6617230891789
1851	1851	PC	7.96748279993509
1851	1924	PC	35.2121376897296
1852	1851	PC	33.2911113251381
1853	1851	PC	28.3361860230756
1853	1924	PC	21.8549641330683
1854	1851	PC	100.334588382376
1854	1860	PC	20.1845271469017
1856	1860	PC	9.67009589939056
1859	1860	PC	58.1699828232431
1859	1924	PC	11.2284223162187
1860	1702	PC	437.916603256737
1860	1860	PC	509.647037142759
1865	1851	PC	61.1734023658592
1865	1860	PC	34.0960010955322
1866	1702	PC	49.4980272193149
1866	1851	PC	149.870683181993
1866	1860	PC	170.635867008222
1867	1851	PC	115.273219646872
1868	1851	PC	50.0320647539982
1870	1154	PC	1.38606908864868
1870	1702	PC	83.1292677799324
1870	1851	PC	285.619109720346
1871	1833	PC	350.85058148254
1871	1851	PC	208.922941308415
1911	1702	PC	632.265739560771
1911	1851	PC	102.544990885808
1911	1924	PC	91.7010616021134
1911	1971	PC	155.290294940524
1911	1972	PC	21.1506494901072
1913	1851	PC	67.3569047793001
1917	1851	PC	37.3247817114089
1917	1931	PC	31.1213454670621
1919	1851	PC	25.9626187549157
1919	1924	PC	30.0924658323166
1920	1832	PC	8.19028684703735
1920	1924	PC	27.8564504817308
1920	1931	PC	1.32537352287563
1922	1924	PC	152.668737648115
1923	1924	PC	81.366059470666
1924	1832	PC	10.8331916835904
1924	1924	PC	196.481319531445
1925	1924	PC	8.96945478618286
1925	1931	PC	32.77307743512
1926	1924	PC	28.4525958404471
1926	1931	PC	30.8232809956614
1927	1931	PC	42.0128716291215
1928	1931	PC	6.7278052716975
1931	1832	PC	49.1526947282537
1931	1931	PC	79.2166844646084
1933	1832	PC	94.1051246262185
1933	1924	PC	175.606219254407
1933	1931	PC	171.175176647827
1936	1515	PC	1.12593436933791
1936	1924	PC	31.2607344928276
1936	1931	PC	1.6180508920639
1938	1832	PC	18.7703727005572
1938	1924	PC	65.6757394762588
1938	1942	PC	113.780514768046
1939	1924	PC	22.4151203383629
1940	1832	PC	32.5620230153281
1940	1924	PC	45.1212809031628
1940	1942	PC	47.9607360986214
1941	1924	PC	1.79990682321104
1941	1942	PC	10.8582866492543
1942	1924	PC	64.9593896958688
1942	1942	PC	70.265423701213
1943	1832	PC	120.194121888341
1943	1924	PC	11.8606269828725
1943	1942	PC	5.39391924919021
1971	1851	PC	45.5916012110616
1971	1924	PC	148.766434054244
2002	2027	PC	15.5058401396065
2003	1924	PC	14.4628335873217
2003	2027	PC	27.9855116908095
2004	1942	PC	9.58784723936213
2011	51	PC	8.00294002167087
2011	1924	PC	9.62598853449833
2011	3001	PC	59.4706497347374
2012	1832	PC	.917988319327886
2012	1924	PC	168.477672810943
2012	1942	PC	37.2176511559081
2017	1942	PC	2.51022419926067
2020	1924	PC	49.5453561424392
2020	1942	PC	25.4644920172364
2021	1924	PC	21.4000039521858
2021	2027	PC	1.07986549017365
2021	3001	PC	25.5163905393108
2022	1924	PC	11.3393184834289
2022	2027	PC	1.42049214276696
2023	2027	PC	3.16343293392444
2024	2027	PC	1.76228066038617
2025	1833	PC	66.4622047939202
2025	1924	PC	132.896469829014
2025	2027	PC	37.5372118427964
2027	1924	PC	7.05273789966149
2027	2027	PC	37.0063666956495
2028	51	PC	.745826939188845
2030	1924	PC	53.5527752350696
2030	2027	PC	9.18430501758047
4001	101	PC	1.24734631313597
4001	106	PC	3.44250923644698
4001	124	PC	1.29592464589558
4001	211	PC	1.57938915259972
4001	213	PC	2.84734450072434
4001	219	PC	11.6796221411217
4001	221	PC	1.2776846590968
4001	226	PC	1.13688519480432
4001	230	PC	1.399950234826
4001	231	PC	1.77696136530704
4001	235	PC	1.91935258012427
4001	236	PC	2.7055465718443
4001	302	PC	7.49956475859886
4001	303	PC	2.12676336456115
4001	304	PC	7.65946113930106
4001	305	PC	1.57632361152436
4001	308	PC	1.62726405139409
4001	309	PC	1.69801466232427
4001	412	PC	1.44359719022425
4001	417	PC	1.57333395472331
4001	502	PC	.666392932080548
4001	528	PC	1.63985781467822
4001	605	PC	.967245608650888
4001	623	PC	1.96674653026495
4001	624	PC	2.19432910028548
4001	625	PC	.781295311409766
4001	626	PC	1.35000983972623
4001	627	PC	3.3877897039072
4001	701	PC	1.26338726317564
4001	702	PC	1.31059815173035
4001	706	PC	3.46786669079072
4001	709	PC	1.87864466054261
4001	716	PC	1.62757081009144
4001	720	PC	3.64732621594264
4001	805	PC	1.8104175884734
4001	806	PC	5.13440318209356
4001	807	PC	1.02569162448885
4001	814	PC	2.13818237527504
4001	815	PC	1.0310618091702
4001	830	PC	4.46956667614781
4001	904	PC	3.94484244614813
4001	906	PC	.865355988776195
4001	937	PC	1.21447901663687
4001	1014	PC	2.84604843819914
4001	1017	PC	1.24594272463894
4001	1018	PC	.686679483075721
4001	1102	PC	16.5500727323823
4001	1106	PC	1.07942743966969
4001	1119	PC	3.69107650639464
4001	1120	PC	2.19264378327076
4001	1121	PC	1.98677734630005
4001	1122	PC	1.05602314447532
4001	1124	PC	2.53122672919682
4001	1149	PC	3.08155663046419
4001	1173	PC	5.42128547995556
4001	1174	PC	2.26615562401368
4001	1221	PC	1.08895365493549
4001	1243	PC	1.5334210749911
4001	1247	PC	1.20514786662537
4001	1272	PC	1.42198277322987
4001	1274	PC	5.2613362609505
4001	1275	PC	1.42482673877633
4001	1276	PC	1.31533406523763
4001	1277	PC	1.99077588252181
4001	1504	PC	.907391512466586
4001	1529	PC	1.70655071292102
4001	1663	PC	1.35845925001747
4001	1678	PC	1.21684727756452
4001	1833	PC	2.00042135521152
4001	1922	PC	1.9504105557632
4001	2002	PC	.932670034387403
4001	2030	PC	1.2993140327844
4002	604	PC	1.18611278721978
4002	704	PC	1.45041422884291
4002	706	PC	1.38714667631629
4002	1074	PC	1.28594908716567
4002	1102	PC	1.80719926880393
4002	1124	PC	1.26561336459841
4003	105	PC	2.16600187064787
4003	216	PC	1.20116882904601
4003	219	PC	1.22228603802436
4003	235	PC	1.03936060295538
4003	304	PC	4.7318008590103
4003	604	PC	4.15139475526923
4003	626	PC	4.00993021700859
4003	701	PC	.982634538025498
4003	704	PC	1.45041422884291
4003	706	PC	1.38714667631629
4003	806	PC	.955237801319731
4003	1102	PC	3.87256986172271
4003	1274	PC	2.77286640779824
4003	1276	PC	1.42198277322987
4003	1420	PC	1.20218363160989
4003	1653	PC	1.78598253081159
4003	1719	PC	2.60702242986183
4004	211	PC	1.27598764572688
4004	219	PC	1.3458727374246
4004	236	PC	1.69946392703788
4004	304	PC	4.88179215418228
4004	626	PC	1.33664340566953
4004	627	PC	.910696156964302
4004	706	PC	1.9420053468428
4004	806	PC	1.19404725164966
4004	904	PC	1.47931591730555
4004	1102	PC	1.29085662057424
4004	1119	PC	1.51499408844556
4004	1120	PC	1.73468653739775
4004	1273	PC	1.42198277322987
4004	1275	PC	5.54573281559648
4005	219	PC	1.35809559780484
4005	309	PC	2.12251832790534
4005	604	PC	1.0675015084978
4005	626	PC	5.34657362267813
4005	815	PC	.618637085502118
4005	1102	PC	1.29085662057424
4005	1120	PC	1.3877492299182
4005	1127	PC	1.45805528508317
4005	1130	PC	1.3474291671843
4005	1172	PC	3.64333701609916
4005	1273	PC	2.1329741598448
4005	1274	PC	2.1329741598448
4005	1275	PC	2.1329741598448
4005	1504	PC	2.10694623637752
5101	214	PC	.762100840403641
5101	301	PC	2.97294067128608
5101	626	PC	1.33664340566953
5101	706	PC	3.88401069368561
5101	904	PC	1.66546317023316
5101	1102	PC	.910053917504838
5101	1119	PC	1.10181388250586
5101	1714	PC	1.19712670741814
5102	310	PC	1.69801466232427
5102	706	PC	3.32915202315909
5106	219	PC	1.08647647824387
5106	220	PC	1.95012652053668
5106	233	PC	.995417121946228
5201	211	PC	1.70131686096917
5201	219	PC	2.64828641571944
5201	220	PC	1.95012652053668
5201	302	PC	1.41501221860356
5201	304	PC	.820707086790064
5302	111	PC	1.08413964355215
5302	220	PC	1.82011808583423
5302	229	PC	1.39779890659981
5302	234	PC	1.67631658867229
5302	238	PC	3.00354249031425
5302	311	PC	2.1083682057193
5302	626	PC	17.1411150343061
5302	1172	PC	1.45733480643966
5402	626	PC	3.34160851417383
5402	1174	PC	1.45733480643966
5403	106	PC	2.14264060359771
5403	125	PC	7.74401287727677
5403	226	PC	.757923463202881
5403	237	PC	1.53132032867262
5403	302	PC	1.41501221860356
5403	305	PC	7.00148045765041
5403	436	PC	14.9521346275857
5403	542	PC	1.16233349795435
5403	626	PC	5.76360636524702
5403	1146	PC	.91797171162053
5403	1277	PC	1.42198277322987
5403	1671	PC	.912635458173387
5403	1674	PC	2.28158864543347
5404	125	PC	3.01274290055512
5404	624	PC	4.36827292691203
5404	1102	PC	1.29085662057424
5404	1235	PC	2.15178632501674
5404	1719	PC	1.46239636780715
5501	124	PC	2.04404518280059
5501	403	PC	1.93721207189032
5501	626	PC	4.67825191984336
5501	706	PC	4.16144002894887
5605	104	PC	1.30397523937504
5605	106	PC	2.37118893464813
5605	122	PC	.81542522196473
5605	219	PC	3.40610375929455
5605	307	PC	3.5375305465089
5605	403	PC	7.95574877219623
5605	604	PC	1.18611278721978
5605	706	PC	1.38714667631629
5605	1525	PC	1.34843692341341
5700	302	PC	.800896915729614
5700	627	PC	1.32701440014798
5700	1677	PC	1.52105909695564
5700	1804	PC	1.61405132130914
5710	138	PC	1.29250268731417
5800	716	PC	2.9592196547117
5800	1275	PC	2.1329741598448
5840	1172	PC	4.3428577231902
5850	220	PC	2.14513917259034
5850	306	PC	1.48576282953374
5850	412	PC	1.95458033492646
5850	602	PC	1.31824769087923
5850	626	PC	.935650383968672
5850	904	PC	.862934285094902
5850	1014	PC	.796893562695759
5850	1121	PC	.851476005557166
5850	1535	PC	2.09976147697565
5850	1971	PC	1.49173354883056
6030	233	PC	.977641816197188
6030	302	PC	2.12534835234254
6030	304	PC	1.18153520253397
6030	426	PC	1.0856223525686
6030	432	PC	1.17894253363653
6030	1002	PC	1.00797887714783
6030	1102	PC	1.93628493086136
