50	217	PC	6.09785144330661
50	235	PC	1.66817376774338
50	301	PC	3.99599450533645
50	625	PC	118.177426644989
51	301	PC	2.24137935426804
51	625	PC	5.99644151506996
52	220	PC	1.89552297796165
52	301	PC	15.9542627647551
52	1119	PC	1.17566121609047
55	1106	PC	343.654915239997
55	1224	PC	9.60001756837999
57	602	PC	5.90555197975887
58	104	PC	9.4506886451017
58	217	PC	237.778945622089
58	237	PC	126.532998758219
58	301	PC	305.010128756653
58	419	PC	3.92292687406676
58	602	PC	5.07902179681773
58	709	PC	15.0879076264524
58	1271	PC	3.85072934990648
58	1275	PC	20.5334312454393
58	1416	PC	1.10035073873765
58	1738	PC	3.02842293452677
58	1971	PC	3.21077887653053
60	402	PC	11.0221094817673
62	220	PC	4.5086925154808
62	301	PC	41.7216352655259
62	926	PC	1.27248862305299
62	1271	PC	1.13900820135712
62	1277	PC	1.54427329172764
62	1416	PC	2.12854733067283
62	1674	PC	288.801969679871
62	1738	PC	19.2609681236842
101	105	PC	4238.96833609074
101	128	PC	211.24723235271
105	105	PC	5975.78498537026
105	128	PC	1152.95038649121
106	105	PC	2229.16683150788
106	128	PC	132.695711138431
106	605	PC	1.23182287043224
111	105	PC	83.8817977066996
118	105	PC	559.224986925425
118	128	PC	187.318600062358
119	105	PC	2346.85184590275
119	128	PC	318.184198710793
122	105	PC	4267.47377295972
122	128	PC	895.235502122527
123	301	PC	1421.76990072959
124	105	PC	81.8925046178724
124	128	PC	381.910077206952
125	58	PC	1.90844686054733
125	105	PC	2769.40303488758
125	128	PC	770.950273554587
127	105	PC	1859.49040915853
127	128	PC	275.006419152905
128	105	PC	5811.09760130032
128	128	PC	507.865246257032
135	105	PC	781.695449432585
135	128	PC	488.892500486859
136	105	PC	497.631347072777
136	716	PC	70.2635028810929
137	105	PC	1653.44066608456
137	213	PC	86.3711125520216
138	213	PC	714.196872130083
138	301	PC	561.925257780752
211	213	PC	727.705012595107
211	301	PC	509.746852258052
211	5880	PC	144.881750686299
213	213	PC	107.133492717362
213	301	PC	446.781410650804
214	213	PC	432.624732606809
214	301	PC	849.346962389081
215	4001	PC	13.9158114564095
215	4004	PC	6.82726638732705
215	5700	PC	71.0351416022468
216	301	PC	301.71006244561
217	4001	PC	14.1798117910998
217	4004	PC	57.3724438687878
217	5102	PC	33.4789994105381
217	5820	PC	3.13262252812973
220	301	PC	445.432877913586
221	128	PC	206.66616488299
221	301	PC	2411.29826239569
226	213	PC	147.175135328788
226	235	PC	.668497172089441
226	301	PC	3390.44101769768
226	4001	PC	273.582410535261
226	4003	PC	156.109198677851
226	5101	PC	44.7341734221388
226	5102	PC	32.3941364105386
227	213	PC	283.522331059838
227	301	PC	765.751291470254
228	301	PC	929.933815965052
229	213	PC	134.865916903614
229	301	PC	840.800009363376
230	301	PC	394.680695897126
231	213	PC	133.826736720181
231	301	PC	1202.60233217862
233	213	PC	130.8721269061
233	301	PC	348.308720936219
234	301	PC	1492.20672587679
235	50	PC	.995496638560345
235	58	PC	2.1298352071849
235	105	PC	1.00387313863868
235	235	PC	2.05226269565263
235	419	PC	5396.34262311158
235	423	PC	1.1222174990416
235	605	PC	3.92430251564214
235	5403	PC	3.35348763045667
236	213	PC	18.0406051156362
236	419	PC	1471.51121902055
237	419	PC	5131.21281251349
237	528	PC	329.998115829807
237	5860	PC	24.5096079383814
238	301	PC	6269.46418041203
239	101	PC	2.56766685487347
239	105	PC	.590513610963932
239	235	PC	1.24724333281818
239	237	PC	2.71370193073374
239	419	PC	124.989057373413
239	605	PC	1.09730497093433
301	58	PC	1.85640438814919
301	301	PC	373.756622144759
301	4001	PC	843.84635967516
301	4003	PC	188.452345461674
301	5101	PC	328.63817683147
301	5102	PC	199.865137439112
301	5103	PC	778.672915618858
301	5106	PC	.85449201983926
301	5201	PC	179.633059614739
301	5403	PC	329.610059128794
301	5605	PC	454.27307380592
301	5700	PC	1344.16372232008
301	5770	PC	282.64302810862
301	5780	PC	97.7069309586168
301	5790	PC	82.6099952726388
301	5880	PC	1.02375241993521
301	5920	PC	2645.87447929029
301	6000	PC	2049.15649377459
301	6010	PC	49.3380416247445
301	6020	PC	1376.02562763492
301	6040	PC	33.475339128655
304	1901	PC	1.05737964578987
402	419	PC	385.818588991671
403	412	PC	520.002596352158
403	528	PC	513.438023987776
412	412	PC	21059.6018996309
412	528	PC	905.211309170819
415	412	PC	3750.27772542145
415	528	PC	664.244513104319
417	412	PC	3171.29678275599
417	528	PC	539.368044482328
418	419	PC	144.478321443694
418	528	PC	155.423313271712
419	213	PC	170.944301890149
419	419	PC	361.040402237775
420	419	PC	231.830168656229
423	213	PC	190.531298248711
423	419	PC	137.257001853276
425	419	PC	1056.45107608048
425	528	PC	329.206053075161
426	412	PC	570.880106169957
426	528	PC	155.025533451787
427	412	PC	1579.7352818291
427	528	PC	723.195014714131
428	428	PC	2692.87338587903
429	412	PC	729.92619732152
430	438	PC	1146.90596149601
430	528	PC	64.9325515382927
432	438	PC	3016.59311965593
432	528	PC	105.109984950159
434	428	PC	2531.25448592848
436	1640	PC	8342.44237120154
436	1671	PC	288.158668543367
437	438	PC	14158.4820974712
437	826	PC	.588618077034309
437	1133	PC	1.2191523810517
438	438	PC	7450.54891219269
439	438	PC	6241.40127273508
441	1640	PC	7467.56691624423
501	521	PC	4820.09774272231
502	412	PC	10867.052798157
511	511	PC	5720.97119037064
512	511	PC	8847.99378954936
513	514	PC	4065.80214203791
514	514	PC	5606.23419423875
515	514	PC	6712.5616503626
516	520	PC	9459.31446657877
517	511	PC	3963.98178970884
517	528	PC	152.479685477288
519	520	PC	8587.47480922043
519	528	PC	158.91773643205
520	520	PC	12573.5537260961
520	528	PC	308.221593956976
521	521	PC	5593.24781668655
522	522	PC	13706.7990223689
528	412	PC	8729.58557645213
528	528	PC	1522.11019579794
528	540	PC	.97951430180782
529	412	PC	6963.90030013907
529	528	PC	269.078637081161
532	301	PC	1187.97132256065
532	528	PC	159.665093183753
533	105	PC	1.27939909378296
533	301	PC	1765.01452947061
533	528	PC	170.482722577138
533	534	PC	.967181580003448
533	540	PC	1.32348308673825
533	605	PC	1.12909847060046
534	105	PC	1.27939909378296
534	301	PC	4621.82538017071
534	528	PC	316.88411713993
534	534	PC	1.18799339599889
534	605	PC	.820082047067705
536	412	PC	1307.30463877806
536	427	PC	3.62253187171238
536	502	PC	.563657450456791
536	536	PC	.621587290812789
536	540	PC	1.93402939869711
536	605	PC	1.14443539428207
538	412	PC	6617.26886338842
538	427	PC	1.83415822841968
538	522	PC	.827085998097666
538	528	PC	119.891835596317
538	536	PC	.94235702854087
538	540	PC	1.0931470514375
540	528	PC	62.0146208040658
540	540	PC	.718418137910098
540	543	PC	3164.89383247907
540	605	PC	.839201712227263
541	427	PC	1.44760958853298
541	540	PC	.658063226595157
541	543	PC	3627.3481670697
542	427	PC	.851759731511487
542	540	PC	1.4991381197582
542	543	PC	6887.11133658633
543	543	PC	7732.20389975961
544	427	PC	2.39294830399976
544	540	PC	2.11631576126904
544	543	PC	7652.43191015148
545	543	PC	4244.34582733695
602	301	PC	915.75073006746
602	5403	PC	13.9510259548207
604	704	PC	1430.94297644525
604	716	PC	155.96185940123
605	213	PC	1787.9856634185
605	301	PC	853.527579710232
605	412	PC	2.1797773152988
605	605	PC	5.70014838006426
605	4001	PC	13.5951876712687
612	213	PC	219.626773998252
616	543	PC	1961.63053961035
617	528	PC	222.872940146666
617	540	PC	7.05901027934955
617	543	PC	7035.26442059165
617	605	PC	14.0388711458003
618	543	PC	7970.96172205152
618	605	PC	2.104083094549
619	540	PC	1.03426298688377
619	543	PC	5539.11031854358
619	605	PC	4.0636997972242
620	543	PC	2343.77362032824
621	301	PC	1230.23881102736
621	605	PC	1.16201813626841
621	624	PC	.742640482662058
621	631	PC	.467660704350555
622	301	PC	101.436857603102
622	716	PC	83.4343798802836
623	301	PC	1898.84596396947
623	605	PC	1.13069689270323
623	716	PC	53.4726552580352
624	301	PC	2097.15704324981
624	605	PC	1.48775906934635
624	716	PC	174.304926779137
625	211	PC	38.5408641678793
625	309	PC	23.8864086619649
625	412	PC	6.26939318912764
625	709	PC	19.910168398763
625	1122	PC	9.35752953171364
625	1276	PC	20.7479033287041
625	1973	PC	1.8899244264196
626	301	PC	1419.93556746537
626	605	PC	.615462436055911
631	605	PC	1.14174993246413
631	631	PC	.458873891936912
632	704	PC	947.597224460918
633	412	PC	1.97572619373935
633	543	PC	1576.06777980175
633	605	PC	2.48485055442094
633	631	PC	2.09479573525485
701	704	PC	665.638467780261
701	716	PC	132.647037810193
702	624	PC	1.19575997698614
702	704	PC	1596.66505094837
702	714	PC	1.61941181176572
704	605	PC	.813652855434105
704	704	PC	90.7731786093305
704	716	PC	359.582970437996
706	704	PC	1574.35165506744
706	716	PC	316.203556029753
706	5106	PC	1.17194010472978
709	704	PC	1285.3108836237
709	716	PC	293.39720297202
713	624	PC	.877787873940804
713	704	PC	1780.1576157365
713	716	PC	266.24835576801
714	704	PC	4.9829759408912
716	605	PC	.782358514840485
716	704	PC	5076.8450898265
716	716	PC	223.885089740022
719	704	PC	399.469972749872
720	704	PC	3117.9243964602
723	704	PC	383.29313553787
728	704	PC	1124.36707278643
728	716	PC	266.419301714068
805	704	PC	538.074924082638
806	704	PC	2002.25991413135
806	716	PC	72.0191140972719
807	716	PC	121.187896794344
807	834	PC	876.579984522838
811	704	PC	156.145004715827
814	704	PC	682.19362515403
815	704	PC	58.911019205845
817	834	PC	418.558450217907
819	704	PC	1246.98480602674
819	716	PC	204.390675748929
821	716	PC	700.324958963729
821	834	PC	618.84889400948
822	713	PC	1.23372006619917
822	716	PC	.584570845050319
826	716	PC	123.160606917433
826	834	PC	425.187868154094
827	834	PC	1144.47651742735
828	716	PC	126.843260412196
828	834	PC	641.499502611758
829	716	PC	125.589610101939
829	834	PC	659.412513957008
831	834	PC	469.713048979907
833	834	PC	298.713148253085
834	716	PC	117.367021522406
834	834	PC	792.906063051315
901	1017	PC	538.174428622856
904	716	PC	1218.34295666693
904	1017	PC	2749.9498573164
906	716	PC	440.238476642595
906	1017	PC	3852.49715435553
911	704	PC	734.42533936073
914	1017	PC	1051.79895978588
919	716	PC	210.286034266205
919	938	PC	250.033889381112
926	1017	PC	627.108968408079
928	1017	PC	823.423499106016
929	938	PC	1262.84490683324
935	938	PC	899.259066551705
937	938	PC	774.161947913904
938	938	PC	411.115217066339
940	834	PC	335.978675475627
941	834	PC	99.1895537141704
1002	1017	PC	1566.12459386196
1002	1119	PC	149.102745296746
1003	1017	PC	7075.79466711083
1003	1119	PC	117.744513628362
1004	1119	PC	1924.20802160589
1014	1017	PC	3195.60067079788
1014	1119	PC	85.9892567522762
1017	1017	PC	3974.43118967269
1018	1017	PC	280.412764496855
1021	1017	PC	2352.88523624287
1026	938	PC	1076.11641907273
1027	1017	PC	2556.12610993263
1029	1017	PC	2458.81663053125
1032	1017	PC	3123.42242964865
1032	1941	PC	8.63076058446878
1034	938	PC	2525.9015386163
1037	938	PC	3734.40608493413
1046	1119	PC	1483.75172339824
1071	1017	PC	196.028918819825
1101	1119	PC	5810.7636341558
1101	4001	PC	.855938578902306
1102	605	PC	1.04851451419437
1102	1119	PC	715.582177486193
1102	1120	PC	24279.0573089736
1102	4001	PC	29.1351250966888
1102	5106	PC	.877090356298047
1102	5605	PC	120.505707948072
1102	5920	PC	82.203836345529
1102	6020	PC	101.921424030776
1106	1120	PC	286.248591771064
1106	4001	PC	1.62016161741917
1106	5404	PC	5.24803181722158
1111	1119	PC	806.815896389323
1112	1119	PC	3512.97033909502
1114	1119	PC	15231.5965969739
1119	56	PC	1.06810925869284
1119	125	PC	.811696013072365
1119	1003	PC	.80505110895618
1119	1119	PC	62408.6664183888
1119	1211	PC	.761556679215817
1119	1235	PC	1.49471678433939
1119	1431	PC	2.04395970342273
1119	1449	PC	.9759701181919
1119	1548	PC	.774997982649035
1119	1719	PC	1.25296276371533
1120	1119	PC	3594.08257360886
1120	1120	PC	33718.2991920183
1121	1119	PC	1726.69355606289
1121	1120	PC	29978.2679481896
1122	1119	PC	34.2000411255569
1122	1120	PC	10693.0767778862
1124	1119	PC	1020.2915457091
1124	1120	PC	10517.0263986701
1127	1119	PC	323.183008702816
1127	1120	PC	4561.29873766655
1129	1119	PC	117.981809699965
1129	1120	PC	2459.59406993874
1130	1119	PC	728.147109761056
1130	1120	PC	4419.95143622096
1133	1119	PC	832.336537568704
1133	1120	PC	5714.07553078525
1134	1119	PC	414.24241931968
1134	1120	PC	4674.31328694976
1135	834	PC	361.39694696199
1135	1119	PC	117.188144441393
1141	1119	PC	3296.71541634054
1141	1120	PC	10112.4210196153
1142	1119	PC	505.053142478957
1142	1120	PC	6643.60813847187
1144	1120	PC	498.25417900387
1145	1120	PC	854.167420793908
1146	213	PC	1.19693078610167
1146	310	PC	.874362781881015
1146	1119	PC	313.952348377233
1146	1120	PC	7067.41928942267
1149	1119	PC	835.066551777647
1149	1120	PC	4571.19887595004
1149	5605	PC	3.76781771492831
1149	6020	PC	57.8629149078277
1149	6030	PC	2.17995167792281
1154	1119	PC	52.759572099186
1154	1120	PC	19199.367297793
1171	1119	PC	298.658774840987
1171	1120	PC	3205.10575906399
1211	1120	PC	7447.18321786627
1216	1119	PC	128.581988225917
1216	1271	PC	3802.00745692442
1219	1119	PC	131.421437725017
1219	1271	PC	1557.87759919391
1221	1271	PC	1132.83126585938
1222	1271	PC	3155.1782472709
1223	1271	PC	1981.57200025624
1224	1119	PC	137.397564374004
1224	1238	PC	13535.6617207808
1227	1238	PC	2787.57894203393
1228	1235	PC	338.677880442649
1231	1119	PC	503.820855000318
1231	1235	PC	601.531684528827
1232	1235	PC	371.947857360508
1233	1235	PC	607.212291166566
1234	1235	PC	765.143330950371
1235	811	PC	1.33178480474077
1235	1119	PC	142.861994375596
1235	1235	PC	14129.8581295103
1238	1119	PC	236.597353998319
1238	1238	PC	6039.64396769923
1241	1238	PC	1938.67348149778
1242	1238	PC	383.045183356196
1243	1271	PC	1448.51820071843
1244	1271	PC	443.079220044202
1245	1271	PC	173.369038346602
1251	1235	PC	1724.70895409935
1252	1119	PC	90.1447019617841
1252	1235	PC	230.574725201248
1253	1271	PC	3429.78441498288
1256	1119	PC	46.4885229634464
1256	1271	PC	1202.13863535405
1259	1119	PC	77.3148978361359
1259	1271	PC	168.811040961425
1260	1119	PC	100.813356238425
1260	1271	PC	3725.56178077742
1263	1271	PC	3131.85239525945
1264	1271	PC	316.483472095758
1266	1271	PC	887.720367594344
1271	1119	PC	77.0311874154292
1271	1271	PC	1129.78079547533
1273	5605	PC	1.64538300856343
1277	58	PC	1.27944115328161
1277	4001	PC	10.3182049787425
1277	4004	PC	4.08364003690413
1277	5101	PC	2.84214840935545
1277	5403	PC	12.1438482345373
1277	5605	PC	20.5821963492951
1277	5700	PC	2.83943772894596
1277	5810	PC	2.74456391461363
1277	6000	PC	2.59954251270565
1277	6020	PC	5.10692189148847
1401	1445	PC	2266.6177701464
1411	1119	PC	245.777022713043
1411	1271	PC	4123.8350440516
1412	1119	PC	123.326358327711
1412	1271	PC	115.582580411313
1413	1271	PC	1685.29512040551
1416	62	PC	12.9015946487261
1416	1417	PC	2382.92424220812
1416	4001	PC	57.2978321781269
1416	4002	PC	331.870398134226
1416	4004	PC	10.6600920814072
1416	4005	PC	76.9591721597135
1417	1417	PC	4288.98616833866
1418	1417	PC	371.731076107514
1419	1417	PC	54.1306350384846
1420	1417	PC	3318.11824291588
1421	1235	PC	189.266943810748
1422	1235	PC	1021.34462385792
1426	1417	PC	4661.33496538833
1428	528	PC	138.227618019999
1428	1445	PC	5873.60696508843
1429	1445	PC	4972.81305621803
1430	1119	PC	69.0297502723363
1430	1417	PC	7777.36080883991
1430	1449	PC	.756376717706517
1431	1445	PC	12099.732830288
1432	528	PC	11.5129266648874
1432	1445	PC	6662.54982493992
1433	1445	PC	5324.52326461868
1438	1520	PC	963.795594628804
1439	1445	PC	140.010728168508
1441	528	PC	31.8401145360616
1441	1445	PC	1331.72449524649
1443	528	PC	300.831230206127
1443	1445	PC	6572.62541683565
1444	1445	PC	3908.1015186223
1445	528	PC	623.482429648589
1445	1445	PC	13150.4068373151
1449	1445	PC	9815.7357184296
1502	1535	PC	2720.97130276745
1503	1548	PC	190.450612796812
1504	59	PC	9.28357525882571
1504	1504	PC	199.034407336555
1504	4001	PC	1.88362396555884
1504	4002	PC	2.42180224143279
1504	5101	PC	3.63270336214919
1504	5106	PC	2.65725523712765
1504	5201	PC	27.5816366385402
1504	5203	PC	8.34176327604629
1504	5204	PC	11.6919230433617
1504	5403	PC	4.64178762941286
1504	5501	PC	.800540185362507
1504	5605	PC	14.7259030736011
1504	5700	PC	1.88362396555884
1504	5710	PC	4.85840438545212
1504	5840	PC	.773631271568809
1504	5860	PC	35.203586470605
1504	5880	PC	7.63540428896173
1504	6020	PC	35.0017696171523
1504	6030	PC	5.00640341131746
1504	6040	PC	2.15271310349582
1511	528	PC	802.853089065665
1511	1520	PC	5131.10160263917
1514	1520	PC	868.050870028193
1515	1520	PC	355.575985944982
1515	1671	PC	212.670640197528
1516	1520	PC	886.197422152069
1517	1504	PC	634.613123051703
1517	1671	PC	383.5557294918
1519	528	PC	148.854255819428
1519	1520	PC	4761.28483171227
1520	528	PC	127.953000533751
1520	1520	PC	10982.6625948066
1523	1504	PC	6.74709243011155
1523	1535	PC	1326.00777798896
1524	1535	PC	2485.40812424725
1525	1504	PC	4812.65187301086
1526	1535	PC	1135.50847457166
1526	1865	PC	17.5349951548025
1528	1504	PC	1824.15162036774
1529	1504	PC	1153.10894015717
1531	1504	PC	92.464082402943
1532	1504	PC	2291.42825370754
1534	1504	PC	4970.65721127991
1534	1671	PC	238.236632483033
1535	1535	PC	4835.86262026129
1539	1535	PC	6834.33692179492
1543	1535	PC	5144.31122475954
1543	1671	PC	3.49726009608062
1545	1548	PC	811.638980476379
1546	1548	PC	1416.33908702618
1546	6020	PC	110.856652155897
1547	1535	PC	904.536601018425
1548	1548	PC	16083.5739129593
1551	1548	PC	4369.92944541003
1554	1548	PC	4680.16109714732
1557	1535	PC	5256.64328556008
1560	1548	PC	4649.43964481214
1563	1535	PC	3919.95847903386
1563	1671	PC	113.263546031079
1566	1671	PC	11226.3700032344
1567	1671	PC	9498.72587966642
1569	1548	PC	4095.27408254188
1571	1548	PC	2983.85083578195
1573	1548	PC	1035.16001408014
1612	1671	PC	6508.76426602611
1613	1671	PC	3672.5401935244
1617	1671	PC	2565.41494650684
1620	1671	PC	775.152579111753
1620	4001	PC	1114.47338634748
1620	5810	PC	12.97688988971
1621	1671	PC	7764.09198804038
1622	1671	PC	5478.96914547109
1624	1671	PC	12635.2480351018
1627	1671	PC	6936.51161078847
1630	1671	PC	11609.2573746853
1632	1566	PC	.886540400359875
1632	1703	PC	4424.93935105804
1633	1703	PC	4712.80501746087
1634	511	PC	10395.1601494066
1634	1671	PC	252.329577379166
1634	5700	PC	.773858024576678
1635	1671	PC	8115.95819016714
1636	1671	PC	13499.9750801263
1638	1671	PC	9035.8861925362
1640	1640	PC	4474.379523997
1640	1671	PC	99.1541192765035
1644	1640	PC	2063.87095768334
1648	1671	PC	13589.267225934
1648	5201	PC	172.242574525118
1648	5605	PC	139.493646496382
1648	6000	PC	27.3727802686528
1648	6020	PC	54.7455605373056
1653	1671	PC	7968.74264325057
1657	1671	PC	3354.85456337338
1662	1671	PC	1205.38447197131
1663	1671	PC	1840.71573520602
1664	1664	PC	6998.4673926927
1665	1664	PC	1902.24540740413
1671	1671	PC	5059.93206792572
1674	62	PC	418.870856631363
1674	4001	PC	1.13530887163448
1702	1671	PC	2773.18009987018
1702	1721	PC	24892.2927124701
1703	1671	PC	373.544345903565
1703	1703	PC	4268.20213845543
1711	1671	PC	609.035121262005
1714	1671	PC	8114.57581011896
1717	1719	PC	1237.67958352873
1718	1671	PC	5958.6278431283
1719	50	PC	39.8937189825038
1719	1671	PC	2686.56372131252
1719	1719	PC	22128.1945264507
1721	1671	PC	241.553762013976
1721	1721	PC	10466.8968049008
1724	1721	PC	2206.65806635164
1725	1671	PC	413.451983448983
1725	1703	PC	9981.02951866998
1729	1671	PC	791.781235669639
1729	1721	PC	9132.7933309503
1736	1671	PC	401.455266879256
1736	1703	PC	7724.33980406332
1738	1703	PC	2988.08930119058
1739	1671	PC	261.732647199513
1739	1703	PC	486.21073678558
1740	1703	PC	1529.31828089293
1742	1703	PC	5398.73792380426
1743	1703	PC	5418.68791237842
1744	1703	PC	10674.1499317107
1748	1703	PC	3631.80429122357
1749	1671	PC	2.7989537426952
1749	1703	PC	2220.30857462902
1750	1703	PC	7560.3801044463
1751	1703	PC	17393.9223535786
1755	1671	PC	73.7838829799235
1755	1812	PC	2893.5297548824
1804	1820	PC	3309.40730362539
1805	1901	PC	378.227484459796
1811	1812	PC	1737.56937644535
1812	1671	PC	310.98599605293
1812	1812	PC	8044.57389773386
1813	1671	PC	313.731370248241
1813	1812	PC	4472.52044422784
1815	1820	PC	7622.9151719743
1816	1820	PC	2527.71876737492
1818	1820	PC	1315.83747108758
1820	1820	PC	5654.23216812458
1820	1841	PC	50.202168089884
1822	1820	PC	5566.86818909741
1824	1820	PC	5337.98843148524
1825	1820	PC	1904.2075489734
1825	1841	PC	130.034209372903
1826	1820	PC	3765.0679149629
1827	1820	PC	4279.39472729999
1828	1820	PC	2154.19867599098
1832	1820	PC	6028.64318955625
1833	1820	PC	4705.53089987249
1833	1841	PC	50.1090251981537
1834	1820	PC	1178.42198351567
1836	1820	PC	1354.62299973988
1837	1820	PC	2312.4697752999
1838	1820	PC	540.858116918453
1839	1820	PC	1039.9457553758
1840	1820	PC	545.497021809564
1841	1820	PC	2047.42359704451
1845	1820	PC	122.971206443579
1848	1901	PC	7006.42876308905
1849	1901	PC	782.488481295509
1851	1841	PC	118.561077205507
1851	1901	PC	955.007413892867
1852	1901	PC	600.683556400224
1853	1901	PC	835.330374460468
1854	1901	PC	2523.3485718569
1859	1901	PC	277.168346140651
1860	1901	PC	6540.31448619176
1860	5201	PC	4.41008175655282
1860	5605	PC	6.15418939099675
1865	1901	PC	1089.65400180491
1866	1901	PC	1817.7231086236
1867	1901	PC	1866.49060157286
1868	1901	PC	481.211954198784
1870	1841	PC	28.9356384100312
1870	1901	PC	4063.32850827549
1870	1971	PC	18.5057422599943
1871	1841	PC	224.929499228546
1871	1901	PC	3155.20073375534
1874	5850	PC	1.3456062709
1901	1841	PC	265.506902713002
1901	1901	PC	3806.33598484294
1911	1841	PC	313.097975649839
1911	1901	PC	3516.03880356905
1913	1901	PC	511.353371199777
1917	1901	PC	634.415769635097
1919	1901	PC	386.72159470388
1922	1933	PC	3555.62180090814
1923	1933	PC	640.738752780286
1924	1933	PC	4602.35087243062
1925	1933	PC	259.553425089902
1926	1933	PC	614.477643584931
1927	1933	PC	624.890100557444
1931	1271	PC	3.20145743667462
1931	1933	PC	460.367483927094
1933	1933	PC	5623.67429233444
1938	1933	PC	1339.31719396993
1939	1933	PC	32.5249576697114
1940	1933	PC	1802.67011597402
1942	2012	PC	2236.9515930741
1943	2012	PC	493.015547824448
1971	1841	PC	101.454911333058
1971	1933	PC	1186.98809331494
1971	4001	PC	1.77833399390269
1971	5402	PC	8.01653190339303
1971	5700	PC	5.15062174793002
1971	6020	PC	1.09292051616258
1974	5831	PC	2.2660063513591
2003	2025	PC	564.30852195625
2011	2012	PC	498.578618485912
2012	2012	PC	9409.55109790858
2019	5850	PC	4.9817498668037
2020	2012	PC	1146.8277412479
2021	2025	PC	1035.73170033078
2021	3001	PC	.93044616006982
2022	1841	PC	290.39358692514
2022	1901	PC	17.7043173260475
2022	2025	PC	592.918726659893
2025	2025	PC	4653.47469200112
2027	2025	PC	137.226477209246
2030	2025	PC	2374.75605590905
3001	310	PC	1077.80914686146
3001	1106	PC	9.68726158912457
3001	1277	PC	1.90403493335479
3001	2021	PC	4.66149187327613
4001	106	PC	29.9798273255391
4001	211	PC	3.15594277709782
4001	215	PC	42.8578386556493
4001	219	PC	13.6855293390794
4001	233	PC	28.6567554184103
4001	301	PC	53.0134327699823
4001	302	PC	369.769577953263
4001	303	PC	.916927917655106
4001	305	PC	2256.40112398073
4001	306	PC	16.4254618335501
4001	310	PC	1.78716043209629
4001	419	PC	158.689903067701
4001	605	PC	35.2374023535576
4001	625	PC	62.1390204341234
4001	709	PC	53.382200386953
4001	822	PC	2.13245514846938
4001	1119	PC	12.7438548185334
4001	1273	PC	2.46003019768767
4001	1671	PC	823.758454079173
4001	1972	PC	19.3129770121929
4003	226	PC	643.730924619419
4003	305	PC	261.284836189584
4004	215	PC	6.04721859565314
4004	605	PC	20.920877684713
4004	1671	PC	29.9755116237049
4005	302	PC	2.5470219934864
4005	305	PC	94.082747402732
5101	101	PC	14.6837607982367
5101	211	PC	2.69375169653453
5101	217	PC	1.98914636975548
5101	219	PC	20.7163902489151
5101	301	PC	4.80679650659629
5101	305	PC	155.471637494629
5101	306	PC	15.1689309834301
5101	310	PC	106.471179376606
5101	602	PC	9.72686417084553
5101	617	PC	1.6129249012153
5101	1102	PC	22.3615092382075
5101	1119	PC	325.159049401012
5101	1159	PC	1035.96218489343
5101	1972	PC	2.06285439323997
5101	1973	PC	4.26209585380159
5102	226	PC	106.292449685344
5102	305	PC	1.25936087455717
5102	309	PC	2.34043020957029
5102	602	PC	3.93250459237918
5102	625	PC	35.253346609661
5102	1175	PC	1.43838945395595
5103	226	PC	18.9859827532322
5106	302	PC	45.4303822904858
5201	211	PC	43.125546897467
5201	217	PC	2.25283724297955
5201	301	PC	9.29946030066259
5201	302	PC	.924002978748124
5201	303	PC	.970698381962041
5201	305	PC	107.495648222875
5201	306	PC	20.2941052392122
5201	309	PC	29.125196495517
5203	302	PC	.826367135664478
5204	302	PC	4.36389768217337
5204	305	PC	14.1954025770309
5204	309	PC	15.5594743557647
5302	305	PC	25.5367255091384
5302	1102	PC	20.3374460571471
5302	1119	PC	66.5096177501133
5402	306	PC	2.27675465973313
5402	1271	PC	3.18808537758136
5402	1273	PC	.809108197967794
5403	217	PC	12.374840708097
5403	219	PC	160.640979690748
5403	301	PC	2.09421808353327
5403	302	PC	31.1104586382178
5403	305	PC	61.0973975748644
5403	306	PC	271.55357985999
5403	310	PC	162.184455459684
5403	602	PC	9.82446638975786
5403	1106	PC	121.842171298449
5403	1172	PC	10.5933667080099
5403	1271	PC	1.33097587574316
5403	1273	PC	9.32820699238793
5403	1671	PC	12.3875052856068
5403	1972	PC	2.08984766698071
5404	217	PC	12.330414528369
5404	219	PC	1.1774688832968
5404	305	PC	11.0936957938519
5404	310	PC	5.90060095157684
5404	602	PC	1.56534191597374
5404	1273	PC	5.85288109461413
5501	211	PC	9.30053217329815
5501	310	PC	91.3673389552318
5501	1271	PC	1.55422717114024
5605	124	PC	12.2492814321297
5605	219	PC	13.2414320785972
5605	301	PC	25.913118759287
5605	302	PC	40.9405485208568
5605	305	PC	368.920570622101
5605	306	PC	61.5869918025013
5605	310	PC	61.9294247594033
5605	1102	PC	563.648670803879
5605	1119	PC	782.670736903334
5605	1277	PC	6.38185868625563
5605	1503	PC	.713273619311936
5700	211	PC	112.931995467083
5700	215	PC	100.105869799702
5700	221	PC	11.3571969697494
5700	301	PC	8.26791639330059
5700	302	PC	387.587411809919
5700	303	PC	11.4332987263168
5700	305	PC	1.84376092084044
5700	306	PC	73.3980987911852
5700	309	PC	21.8817489484854
5700	310	PC	7.2774078402781
5700	709	PC	8.95601145444133
5700	1671	PC	58.5410014645319
5740	309	PC	6.26708911619516
5760	217	PC	12.1570091171727
5770	310	PC	28.0512022215969
5800	1271	PC	1.23570302993675
5840	104	PC	1.27751862110382
5840	1101	PC	.693913024280936
5840	1175	PC	1.3188879998279
5840	1271	PC	1.15322802908942
5850	305	PC	591.520387767283
5850	310	PC	254.543717980157
5850	1277	PC	2.64062200988786
5860	302	PC	1.81970571312418
5870	305	PC	184.395902255104
5880	211	PC	304.684583338817
5880	215	PC	7.42439129067433
5880	219	PC	1.35673750220704
5880	301	PC	6.16803826089291
5880	302	PC	58.2602980765643
5880	304	PC	3.52055039988565
5880	305	PC	31.0708382960969
5880	306	PC	43.0715569220737
5880	308	PC	1.65414928354756
5880	309	PC	3.44838477673687
5880	628	PC	9.06923397975731
5880	720	PC	6.75430780730118
5880	1172	PC	72.1162128966668
5880	1671	PC	27.5600697777393
6000	305	PC	41.5631538970423
6000	310	PC	41.2943015755076
6020	213	PC	24.4658076224739
6020	219	PC	87.8076708760721
6020	302	PC	41.5645689092609
6020	306	PC	16.697144179522
6020	310	PC	14.8576282953374
6020	1106	PC	4.52040224457231
6020	1149	PC	6.08855947148166
6040	219	PC	31.6884445835804
6040	302	PC	17.4173853987912
6040	310	PC	45.5704685001276
6040	1106	PC	1.19096827510223
6050	302	PC	13.5784572497197
6050	305	PC	54.1171423004931
6050	310	PC	81.5499841825603
6050	1106	PC	72.4439735676987
