50	602	PC	4.56801885528432
50	625	PC	4.82409501030415
52	220	PC	2.88794551749859
58	104	PC	197.159076754995
58	220	PC	69.4539910728359
58	230	PC	19.3481283884058
58	231	PC	3.33069665747405
58	301	PC	21.2407455151742
58	626	PC	25.7964531145484
58	1106	PC	1.43983824365066
58	1146	PC	1.23038790975671
58	1271	PC	19.3995930338471
58	1416	PC	1.52633772082145
58	1439	PC	1.7082832610506
58	1504	PC	15.1076231191648
58	1531	PC	3.72546020939317
62	220	PC	4.21011442130874
62	301	PC	15.3914261235154
62	926	PC	3.2781181443356
62	1102	PC	1.82450857602956
62	1271	PC	1.77187874405437
62	1277	PC	2.35980652834654
62	1416	PC	2.36443588752705
104	211	PC	6317.3447125111
104	230	PC	3380.48672178694
104	235	PC	931.785659166047
104	309	PC	3777.07890827925
104	412	PC	2783.62449260739
104	542	PC	692.255173925265
104	626	PC	587.691849036427
104	709	PC	1479.68387901583
104	926	PC	1675.38477339601
104	1122	PC	2423.7124516189
104	1172	PC	1920.59587669301
104	1274	PC	762.983247192613
104	1275	PC	916.684908009544
104	1276	PC	4172.26404589809
104	1401	PC	1.62860850835309
104	1502	PC	577.859566925192
104	1531	PC	948.204704443755
104	1677	PC	3954.02582686717
104	1805	PC	285.179427985884
104	1870	PC	210.357314910325
104	1971	PC	843.113154843625
104	1973	PC	1473.99838012586
104	4001	PC	2.4014427659561
104	6010	PC	1.4021016721667
104	6020	PC	179.822288674344
105	1124	PC	580.183642349838
105	1503	PC	816.73647903357
106	104	PC	4427.66023780657
106	105	PC	642.1960287811
106	231	PC	14.1999400866228
106	301	PC	3909.37497140169
106	305	PC	24.4005841230421
106	602	PC	1483.74041369033
106	701	PC	1254.23930234962
106	702	PC	717.741713792776
106	706	PC	347.670556936551
106	805	PC	2231.25417218153
106	906	PC	1205.41959720793
106	1002	PC	846.433755750598
106	1071	PC	1126.19220365397
106	1106	PC	1854.78889517961
106	1124	PC	3811.07326044655
106	1159	PC	1381.64527782652
106	1251	PC	2149.90333627679
106	1263	PC	1415.47272210325
106	1271	PC	1197.41443014116
106	1401	PC	882.729961327822
106	1439	PC	1081.50817976232
106	1502	PC	2339.67195707137
106	1503	PC	4144.93763109537
106	1671	PC	3325.80060226794
106	1804	PC	2.85082674337889
106	1866	PC	4125.22452419279
106	1868	PC	1697.09779883598
106	1901	PC	957.950846245697
106	1971	PC	1080.61194662985
137	219	PC	21.0857541539516
211	542	PC	426.568775503722
211	626	PC	598.351347158333
219	1866	PC	5.06021485589329
219	6000	PC	22.1277001651979
219	6020	PC	4.55185232148258
220	58	PC	19.4797520454292
230	104	PC	17.1955644273071
230	213	PC	1.37348623670725
230	230	PC	1.920058634275
230	1525	PC	6.21994467617643
301	50	PC	1.8368647299117
301	58	PC	16.9038583315143
301	4001	PC	326.628575237605
301	5404	PC	1.99178103243438
301	5501	PC	1.11346092438172
301	5700	PC	2.57548352943945
301	5842	PC	2.07477190878581
301	6020	PC	15.6949578993284
302	522	PC	9.7075324288604
302	709	PC	3.4298000740688
302	1004	PC	2.90441350372387
302	1420	PC	6.8632293455361
302	1504	PC	5.49273462205936
302	1519	PC	4.71044047518434
302	1525	PC	1.5061465128477
302	1532	PC	.547142736463278
302	1671	PC	7.2984131113115
302	1870	PC	.642071642541459
302	1871	PC	.486033839828003
302	1901	PC	1.11428589581783
302	1973	PC	2.53407640214881
302	2002	PC	2.38920566038273
303	312	PC	1.00137320080815
303	831	PC	4.77351699329038
303	1018	PC	13.6829005165613
303	1502	PC	11.7190366470092
303	1933	PC	2.13342577892293
305	125	PC	1.48823475475656
305	1173	PC	1.19539674757907
305	1273	PC	1.15770772797243
305	1865	PC	3.1897321293044
306	302	PC	1.04643499484451
309	1865	PC	2.60047108857501
626	58	PC	252.85601725905
626	5403	PC	394.885217211396
626	6020	PC	6999.4772774629
704	101	PC	1.21817442089558
704	104	PC	.904880816710515
704	105	PC	1.93639341711641
704	106	PC	2.41603286832977
704	125	PC	2.00823156994439
704	136	PC	.662417079214897
704	211	PC	6066.35913807513
704	213	PC	2.58608654343931
704	214	PC	.728820041361088
704	215	PC	.845391031526604
704	219	PC	4.44241554072784
704	220	PC	1.63507666824002
704	221	PC	2.33183326199705
704	230	PC	3366.00047328564
704	231	PC	4.16172551420175
704	235	PC	1051.34801099688
704	236	PC	1.87294823807162
704	301	PC	3.96597389571134
704	302	PC	3.44747860718111
704	303	PC	1.26876827226436
704	304	PC	2.66973567438577
704	305	PC	186.706290438148
704	306	PC	1.50214265825746
704	307	PC	.987201294387022
704	309	PC	6577.21329218821
704	311	PC	.564850827571009
704	403	PC	1.47986092453661
704	412	PC	4772.89466349468
704	415	PC	.74587905676104
704	417	PC	.860033057292501
704	425	PC	.443778058873803
704	427	PC	1.2670757395959
704	428	PC	.994321658037669
704	501	PC	3.79214601762391
704	502	PC	1.53578113234294
704	512	PC	1.13992123716174
704	515	PC	.733947876102874
704	532	PC	5.06684195394618
704	534	PC	.925266933274095
704	538	PC	.833370703988265
704	542	PC	1136.05137090602
704	602	PC	2.06863272781904
704	604	PC	.650447414546261
704	620	PC	2.76147802899339
704	623	PC	1.58222396828412
704	624	PC	1.29355984666427
704	626	PC	2642.99731058064
704	704	PC	5.32328122704139
704	706	PC	6.7248133754804
704	709	PC	3863.14765981511
704	711	PC	3.09230649214276
704	716	PC	.921655199256161
704	719	PC	.658527596127104
704	720	PC	1.15525699710552
704	723	PC	1.7499254520404
704	805	PC	1.59409468238399
704	806	PC	9.96679380314608
704	807	PC	.934690083780572
704	815	PC	1.44200006330637
704	834	PC	1.7255316123217
704	904	PC	2.32728757456975
704	906	PC	1.37343115667642
704	926	PC	2471.26573500704
704	1002	PC	.615760347608714
704	1018	PC	1.69262414869732
704	1032	PC	.832419901007295
704	1071	PC	3.3138457760221
704	1072	PC	.940795199124919
704	1073	PC	.525784381600494
704	1074	PC	2.53843082748962
704	1102	PC	5.51051025179775
704	1106	PC	1.23693513959013
704	1122	PC	2909.82489068361
704	1124	PC	2.23338731463894
704	1149	PC	1.7515315046081
704	1172	PC	1626.16174420103
704	1173	PC	5.19394405584073
704	1219	PC	.808199975621919
704	1224	PC	.745342207774219
704	1231	PC	.807740072424419
704	1246	PC	1.39207105066745
704	1271	PC	5.15289078578158
704	1272	PC	.833191195391055
704	1273	PC	.835670931091623
704	1274	PC	868.836156218878
704	1275	PC	832.745462898878
704	1276	PC	6001.68693313896
704	1277	PC	1.02413084433484
704	1432	PC	1.15328745512214
704	1449	PC	.673863350577038
704	1502	PC	714.796189684372
704	1503	PC	1.38395933935657
704	1504	PC	11.3349621317145
704	1528	PC	.83870914510195
704	1531	PC	1831.19688529786
704	1554	PC	.963032836987106
704	1612	PC	.553825308210809
704	1634	PC	1.35795656732941
704	1638	PC	.701673499333398
704	1640	PC	2.93932450346528
704	1671	PC	10.9851706574892
704	1673	PC	1151.53900961169
704	1677	PC	4094.9043044681
704	1702	PC	3.24274580422747
704	1714	PC	3.67862575119671
704	1719	PC	3.22971482350032
704	1804	PC	12.5803711965429
704	1805	PC	589.111002010326
704	1818	PC	1.20574347481719
704	1833	PC	2.8538194964172
704	1837	PC	2.56454345518448
704	1865	PC	.921118517012908
704	1866	PC	1.66201044971089
704	1870	PC	2.20639705475988
704	1871	PC	1.26865070039333
704	1901	PC	2.29283259058561
704	1931	PC	.696813836792528
704	1971	PC	847.351237607247
704	1972	PC	3.77184816114148
704	1973	PC	1788.32713641251
704	2003	PC	.818714757685101
704	2004	PC	2.83354479497606
704	2012	PC	1.9394859220515
704	2028	PC	1.00244901708726
704	2030	PC	1.5400885560805
709	104	PC	144.673963948586
709	1865	PC	58.563229166487
822	4001	PC	.93489533197961
1071	301	PC	97.120728455839
1071	709	PC	336.848986516795
1071	805	PC	13.1990258148961
1101	301	PC	63.4189153955716
1101	602	PC	49.6804552226508
1101	706	PC	56.8800982566998
1101	805	PC	336.601885453941
1101	926	PC	520.743198287536
1101	1002	PC	27.1257103442534
1101	1004	PC	1832.37919491311
1101	1101	PC	1921.40575767635
1101	1102	PC	216.014796438035
1101	1106	PC	3367.6472398263
1101	1111	PC	12.282339277232
1101	1124	PC	2883.1840447835
1101	1130	PC	308.409717543933
1101	1149	PC	7.5746746810261
1101	1172	PC	222.377164339911
1101	1173	PC	86.9746740021969
1101	1244	PC	219.095867553415
1101	1271	PC	2798.28517458466
1101	1401	PC	588.981563278764
1101	1504	PC	138.934029388908
1101	1515	PC	457.194727551189
1101	1826	PC	71.9572464181418
1101	1868	PC	2150.62265465394
1101	1971	PC	194.996146301587
1101	4001	PC	30.0339416354856
1101	4002	PC	30.9102780003092
1101	4004	PC	22.8419867409692
1101	4005	PC	26.4631775984128
1101	5101	PC	9438.66872354626
1101	5102	PC	1177.04376067844
1101	5103	PC	136.288703705067
1101	5106	PC	54.5154814820268
1101	5403	PC	13494.9026634257
1101	5404	PC	18343.8598484057
1101	5700	PC	191.144906946356
1101	5760	PC	384.334144448289
1101	5790	PC	554.967601487032
1101	5800	PC	16470.8537335962
1101	5810	PC	9324.87310750068
1101	5820	PC	34.0721759262667
1101	5835	PC	28.6206277780641
1101	5840	PC	1633.48962114412
1101	5841	PC	10903.3797769091
1101	5842	PC	27.2577407410134
1101	5920	PC	635.309792321169
1101	6000	PC	15252.9955948192
1101	6010	PC	491.578362506769
1101	6020	PC	38635.5728419216
1101	6030	PC	1300.46681075375
1111	211	PC	1.54786046248524
1119	1119	PC	34308.1126702517
1124	1101	PC	378.061225966183
1124	1106	PC	314.034284272603
1124	1124	PC	1831.9883214495
1124	1130	PC	638.338541361619
1124	1135	PC	670.169678518727
1124	1159	PC	2341.64523981851
1124	1271	PC	27078.6813416303
1124	1502	PC	1374.23642997638
1124	1671	PC	575.917307566472
1124	1702	PC	434.402862207527
1124	4001	PC	6.86157254723887
1124	5820	PC	20.5298250613387
1124	6000	PC	15.7816168586494
1124	6020	PC	361.309825619957
1127	1106	PC	345.437712699863
1133	1101	PC	.727843008342752
1141	235	PC	13.0120542798263
1141	309	PC	22.4323000707175
1141	1172	PC	2.58308816560082
1141	1275	PC	11.0530104186446
1141	5101	PC	19.8889541854266
1141	5102	PC	251.359987123002
1141	5104	PC	3.30453333875024
1141	5106	PC	4.87720576657739
1141	5501	PC	4.79761152502942
1141	5820	PC	126.268030328799
1141	5841	PC	13.1056035652263
1141	5860	PC	228.270795501543
1141	6010	PC	434.561229505261
1141	6020	PC	729.822930100006
1149	104	PC	28297.430844981
1149	1004	PC	9456.19787907721
1149	1102	PC	131.766641967714
1149	1106	PC	2052.37350747314
1149	1124	PC	28.9231094005531
1149	1172	PC	267.546364151962
1149	1221	PC	3629.33775003921
1149	1224	PC	155.182803833962
1149	1244	PC	13252.0452584543
1149	1271	PC	8878.73927946966
1149	1401	PC	1876.1995477116
1149	1411	PC	414.991482425659
1149	1416	PC	30.1540576683382
1149	1439	PC	165.984798988528
1149	1502	PC	157.882605752456
1149	1503	PC	269.142025047771
1149	1504	PC	1355.06515783581
1149	1750	PC	262.459066142714
1149	1804	PC	9.15227903558798
1149	1813	PC	86.1101933856139
1149	1868	PC	2811.59511894217
1149	1901	PC	14746.9627521548
1149	2004	PC	12042.2136316333
1171	4001	PC	66.9415017708625
1171	4004	PC	34.027910576267
1171	4005	PC	7.26228838399762
1172	1124	PC	473.181005080187
1173	104	PC	845.31958556534
1173	709	PC	769.42104576688
1173	1101	PC	102.340130531883
1173	1106	PC	329.735998486233
1173	1271	PC	209.261223544556
1173	1671	PC	778.266631846584
1173	6020	PC	20.4419969327341
1219	104	PC	93.9247773020102
1219	230	PC	91.1524559480101
1219	235	PC	4.01885481161844
1219	627	PC	.801832229111604
1219	1102	PC	4.32060531805847
1219	1149	PC	29.2965417470292
1219	1274	PC	16.7847807091912
1219	1504	PC	.767246085572578
1219	1804	PC	22.1443053256284
1219	1805	PC	3.07265538127368
1219	3001	PC	63.2927654833336
1219	5101	PC	76.5032792182477
1219	5102	PC	117.646316709413
1219	5104	PC	53.2361728730706
1219	5404	PC	66.3843959624559
1219	5605	PC	41.4100504873034
1219	5800	PC	196.3109574765
1219	5810	PC	27.2739393385436
1219	5820	PC	28.8933125050879
1219	5840	PC	66.5464556963149
1219	5841	PC	207.43871385835
1219	5920	PC	49.9913538443777
1219	6020	PC	339.497780469318
1243	4001	PC	44.3575752506423
1243	5605	PC	462.783511422293
1243	5820	PC	51.0789188884171
1243	6000	PC	29.6814754561379
1243	6010	PC	490.350761414905
1243	6020	PC	321.130405366091
1243	6030	PC	71.0302924708872
1243	6050	PC	13.5785135707404
1244	50	PC	5.83092681374624
1244	58	PC	52.2313844233693
1244	1219	PC	14.8668703093736
1244	5402	PC	7.32090011250587
1244	5403	PC	6.07651173131344
1244	5404	PC	5.23685827013398
1244	5790	PC	12.0377769091317
1244	5800	PC	29.1573780342906
1244	5820	PC	25.8042521206916
1244	5831	PC	98.7896200526584
1244	5840	PC	27.3079452472483
1244	5880	PC	6.31798070054152
1244	6000	PC	343.477260881926
1244	6010	PC	552.804789529857
1244	6020	PC	1818.95830553953
1244	6050	PC	25.1923478009432
1245	5840	PC	27.5590180959343
1245	5930	PC	29.6046444204744
1245	6020	PC	617.283864227652
1246	105	PC	5.0322667156151
1246	805	PC	14.9256042408053
1246	1106	PC	9.41875118187822
1246	1124	PC	35.6420058411019
1246	1271	PC	3.24490185184405
1246	1971	PC	8.3467393323399
1246	2004	PC	62.4487179197153
1246	2030	PC	1859.78922046482
1246	2303	PC	123.51265353746
1246	4001	PC	64.9551527223534
1246	4004	PC	62.4773518222062
1246	4005	PC	14.6239644488756
1246	5101	PC	4.01030566507771
1246	5201	PC	9.66013075190289
1246	5404	PC	21.9160529230076
1246	5605	PC	25.1059128858218
1246	5790	PC	53.4798887529008
1246	5800	PC	166.787830580397
1246	5810	PC	50.2310335305594
1246	5820	PC	31.6831983317275
1246	5831	PC	291.148465681198
1246	5860	PC	1.95919140941874
1246	5880	PC	2.20203236142652
1246	5900	PC	25.3912853040004
1246	6000	PC	228.263634973419
1246	6010	PC	1851.0174271529
1246	6020	PC	2707.91945583881
1246	6030	PC	134.297906374203
1246	6050	PC	41.196526926202
1253	5201	PC	35.4602669242554
1253	5840	PC	34.1623712146544
1253	5842	PC	24.7258736558435
1253	6020	PC	1462.53227118275
1253	6050	PC	255.223096594622
1260	235	PC	11.0231456973137
1260	1271	PC	65.6342692125993
1263	805	PC	4.16528490441077
1263	1124	PC	12.6367111618452
1271	50	PC	1671.32061059826
1271	52	PC	70.9959929013945
1271	56	PC	572.602501041
1271	58	PC	5946.09379224024
1271	62	PC	12.5467825204022
1271	105	PC	8.26729531851051
1271	301	PC	11.7063480734884
1271	1106	PC	73.4662592186501
1271	1260	PC	40.6505478751173
1271	1271	PC	46.5102598764313
1271	1439	PC	131.794229923316
1271	1504	PC	98.5085517198376
1271	1671	PC	.862475331376457
1271	1845	PC	11.2329027583384
1271	1971	PC	6.16932907172949
1271	2004	PC	224.287648866583
1271	2012	PC	2.06175547234471
1271	2030	PC	470.165847824619
1271	3001	PC	83.9475103418097
1271	4001	PC	227.507672461802
1271	4003	PC	1.76162588914122
1271	4004	PC	45.7666015653993
1271	4005	PC	98.5824506529229
1271	5101	PC	286.378081556163
1271	5102	PC	173.832962154183
1271	5103	PC	30.18362115351
1271	5106	PC	116.17675781986
1271	5201	PC	606.350533456183
1271	5403	PC	3316.0878664781
1271	5404	PC	2252.20028374922
1271	5501	PC	179.573338104468
1271	5605	PC	1163.38240193031
1271	5700	PC	536.69633971334
1271	5710	PC	286.155820345851
1271	5720	PC	6.60198113594045
1271	5750	PC	4731.41981409066
1271	5790	PC	5445.88121860481
1271	5800	PC	15548.0950057498
1271	5810	PC	1248.3794790986
1271	5820	PC	1400.1386103101
1271	5831	PC	2806.98896037853
1271	5835	PC	2795.12130933408
1271	5840	PC	30.4223461571786
1271	5841	PC	1542.87421077949
1271	5842	PC	807.78778913803
1271	5860	PC	143.29125349517
1271	5880	PC	60.1326332516904
1271	5900	PC	3977.65933483463
1271	5920	PC	3390.06929390813
1271	6000	PC	5825.01082400015
1271	6010	PC	3592.43949788018
1271	6020	PC	38862.5715605929
1271	6030	PC	4021.36247429935
1271	6040	PC	373.401577290072
1271	6050	PC	1756.73065458323
1272	6030	PC	45.4428136293889
1273	52	PC	115.343964272579
1273	58	PC	37.7034587690731
1273	4001	PC	67.6003355216247
1273	4004	PC	19.2626382270582
1273	4005	PC	85.8367306294635
1273	5605	PC	49.3913800693799
1273	5760	PC	3.23513539454439
1273	5800	PC	161.597619724773
1273	5810	PC	80.2239490776903
1273	5820	PC	36.9063367740644
1273	5920	PC	454.209991031916
1273	6010	PC	25.6437301354661
1273	6020	PC	693.556502899792
1275	5840	PC	27.2311142115848
1275	5841	PC	28.811638373805
1275	6020	PC	344.098769081132
1276	4001	PC	33.2074711999798
1277	4001	PC	5.7376319847263
1277	4005	PC	24.8424921921184
1277	5820	PC	27.3875202484712
1277	5920	PC	105.401205068057
1277	6020	PC	59.6099078126228
1401	54	PC	16.5061806239269
1401	58	PC	600.212745465979
1401	1251	PC	53.9021150634189
1401	1271	PC	18.1170041907225
1401	1439	PC	8.60911759978617
1401	1503	PC	200.517717805294
1401	1971	PC	677.896563150257
1401	4001	PC	108.001773842423
1401	4005	PC	82.0053730052241
1401	5101	PC	61.8098109182038
1401	5201	PC	48.8129443323821
1401	5605	PC	75.473593892871
1401	5700	PC	26.0804323021933
1401	5800	PC	77.2716004771986
1401	5820	PC	24.0276636573268
1401	5831	PC	150.084197978576
1401	5840	PC	9.56358101604491
1401	5842	PC	123.276826812541
1401	5860	PC	74.9747404340146
1401	5900	PC	26.9300837815825
1401	6010	PC	112.556812778238
1401	6020	PC	3412.81657197035
1401	6030	PC	60.5933554249495
1401	6050	PC	125.65771832072
1411	230	PC	1.04385163803454
1411	309	PC	5.65709572921912
1411	6020	PC	1457.91216633525
1416	50	PC	.73411953342178
1416	58	PC	2.1211605306596
1416	4001	PC	10.7186854787033
1416	5106	PC	12.0559170125503
1416	5403	PC	645.948626712
1416	5404	PC	3.11812893037138
1416	5605	PC	1406.10221302884
1416	5790	PC	14.8319419688909
1416	5800	PC	30.5388786707372
1416	5920	PC	98.70122878306
1416	6000	PC	11.4221447140493
1416	6010	PC	359.159041230069
1416	6020	PC	1539.50267969014
1416	6030	PC	3371.4040931476
1416	6050	PC	70.8760750803707
1428	309	PC	709.593814152696
1428	1271	PC	3028.09155620567
1428	1432	PC	53.6211065868682
1428	1534	PC	198.005126725729
1428	5403	PC	30.0758641774981
1428	5404	PC	14.896951475417
1432	1438	PC	1.67427974273817
1438	104	PC	104.742278425656
1438	5810	PC	10.9641054326205
1439	50	PC	.905991294691106
1439	58	PC	2366.96487736706
1439	106	PC	302.134711663609
1439	1106	PC	176.83430285921
1439	1149	PC	585.935704608302
1439	1271	PC	1241.90019689785
1439	1401	PC	251.6983323436
1439	1439	PC	3230.53929536559
1439	1441	PC	342.506006346081
1439	1504	PC	338.367020861751
1439	1517	PC	833.809719824874
1439	1671	PC	18.2238791874632
1439	1702	PC	69.1389161513839
1439	1804	PC	550.897891270574
1439	1813	PC	2.12883881461734
1439	1820	PC	1.77696211691341
1439	1865	PC	85.0510699467506
1439	1868	PC	59.3001504708629
1439	1870	PC	21.0654636766372
1439	1901	PC	3.27172586588364
1439	1931	PC	4.78787727948773
1439	1971	PC	826.415232305024
1439	2014	PC	17.2915696586058
1439	2019	PC	3.80253389610034
1439	2023	PC	31.1787137931484
1439	2028	PC	585.769289876313
1439	2030	PC	390.941174616598
1439	4001	PC	773.759200550661
1439	4002	PC	1.7986591879897
1439	4004	PC	14.1827607823336
1439	4005	PC	32.711615098906
1439	5101	PC	23026.4176042223
1439	5102	PC	2726.71536772695
1439	5103	PC	115.913592114892
1439	5104	PC	61.2876464055748
1439	5106	PC	297.538199897673
1439	5201	PC	1570.26944131918
1439	5302	PC	146.905156094024
1439	5402	PC	13.5632226175816
1439	5403	PC	10328.4952811389
1439	5404	PC	5804.02938139727
1439	5501	PC	1192.64960501165
1439	5605	PC	2713.7743479544
1439	5700	PC	349.705978050071
1439	5710	PC	31.9042169745195
1439	5720	PC	134.033418008714
1439	5730	PC	796.073233202847
1439	5750	PC	1017.08181550191
1439	5760	PC	1958.23356646786
1439	5770	PC	91.9314696083623
1439	5790	PC	18309.9041997885
1439	5800	PC	14818.8559379961
1439	5810	PC	1478.68038312661
1439	5820	PC	218.082763353263
1439	5830	PC	1488.1706419385
1439	5831	PC	2008.69594924202
1439	5835	PC	23473.6482157853
1439	5840	PC	1120.9963523227
1439	5841	PC	24054.022242144
1439	5842	PC	653.253031975769
1439	5860	PC	28.269593074641
1439	5900	PC	14581.8073127605
1439	5920	PC	18419.8462433992
1439	5930	PC	122.887060403735
1439	6000	PC	54466.6231431249
1439	6010	PC	10291.2790240292
1439	6020	PC	124485.955172946
1439	6030	PC	4085.51711448425
1439	6040	PC	520.145590363835
1439	6050	PC	52.2277334586638
1441	5101	PC	47.6777918831195
1441	5102	PC	12.9729959358931
1441	5605	PC	1241.77831530642
1441	5700	PC	29.3527856078526
1441	5800	PC	63.6045859077334
1441	5841	PC	1.74403324228038
1441	5850	PC	1060.03779393152
1441	6000	PC	35.9731837597939
1441	6020	PC	2714.64170138505
1441	6030	PC	1579.57184017144
1444	4004	PC	19.5920617476952
1444	5605	PC	108.183354626954
1444	6020	PC	727.694872576175
1449	50	PC	140.585866813553
1449	58	PC	.822053865918254
1449	59	PC	40.6257155260606
1449	62	PC	.868685770792061
1449	3001	PC	1.2257529281115
1449	4001	PC	133.23934328572
1449	5101	PC	139.023031830211
1449	5102	PC	825.362066484016
1449	5103	PC	50.8953933194122
1449	5104	PC	184.570411830667
1449	5201	PC	284.026938545523
1449	5204	PC	5.99553062663232
1449	5402	PC	51.4283293751128
1449	5404	PC	39.944889714903
1449	5501	PC	165.023649647707
1449	5605	PC	225.847641684822
1449	5800	PC	562.856418207825
1449	5810	PC	25.0506592982091
1449	5820	PC	9.0505865659363
1449	5831	PC	345.50510959101
1449	5840	PC	68.8633324373596
1449	5900	PC	984.196996184898
1449	6000	PC	105.417416497867
1449	6010	PC	324.283595853011
1449	6020	PC	8627.77108742508
1449	6030	PC	10.680038556241
1503	1124	PC	3136.43607192
1503	1244	PC	1878.34805525567
1503	1502	PC	3425.53619165858
1503	1503	PC	9767.72055846141
1503	1504	PC	1527.36729819516
1503	1702	PC	7.82822865123395
1503	1750	PC	52.4083740405503
1503	1804	PC	99.3861207293925
1503	1820	PC	924.179007888964
1503	1860	PC	536.28750729133
1503	1865	PC	489.92294809586
1503	1866	PC	10698.9798546367
1503	1868	PC	1173.13902121615
1503	1971	PC	138.079877881276
1504	50	PC	2.10881364112177
1504	58	PC	84.8341714700043
1504	105	PC	6.17440344290087
1504	211	PC	17.5791778867009
1504	219	PC	4.46642872574709
1504	228	PC	44.217273116093
1504	230	PC	6.8060550124451
1504	231	PC	2.02691231983434
1504	301	PC	3.23444720597661
1504	302	PC	1.29068114913564
1504	303	PC	3.43035790372579
1504	304	PC	1.02461590414068
1504	305	PC	2.09510682460951
1504	306	PC	18.4072825849235
1504	310	PC	1.91330583397575
1504	412	PC	.901731771390852
1504	604	PC	1.33666813738825
1504	1071	PC	.760959845114658
1504	1101	PC	1046.53048304338
1504	1102	PC	1.03849208481775
1504	1106	PC	340.172269818026
1504	1119	PC	5.53253873953208
1504	1120	PC	3.51218286427106
1504	1124	PC	1192.7882975919
1504	1135	PC	.820890511819039
1504	1149	PC	.947485035398828
1504	1154	PC	.863307290034267
1504	1172	PC	35.5268712003332
1504	1173	PC	1.13935044823157
1504	1211	PC	1.50424483446363
1504	1221	PC	3623.79683256865
1504	1224	PC	1.3660761466191
1504	1228	PC	4.02191772647079
1504	1232	PC	.675312789907811
1504	1238	PC	5.94379566210568
1504	1244	PC	75.2168465239866
1504	1247	PC	.7921456352159
1504	1263	PC	1.50823445186261
1504	1271	PC	9363.83987592899
1504	1273	PC	5.22811417665907
1504	1275	PC	2.7193221399678
1504	1277	PC	148.398995784041
1504	1401	PC	1265.34845633706
1504	1438	PC	207.523352468549
1504	1439	PC	80.405717997435
1504	1502	PC	2820.97745225804
1504	1503	PC	1548.43863832804
1504	1504	PC	34390.2892124782
1504	1511	PC	1256.77654025674
1504	1514	PC	21.2251073299553
1504	1517	PC	978.273692889172
1504	1520	PC	1176.74839376457
1504	1525	PC	1.62100308777822
1504	1531	PC	45.8088629750284
1504	1534	PC	232.480603754367
1504	1563	PC	1379.6454940478
1504	1671	PC	787.553403683806
1504	1677	PC	1.56356124339777
1504	1702	PC	156.565059180687
1504	1703	PC	181.205342761763
1504	1750	PC	1667.93291115253
1504	1804	PC	493.933753004756
1504	1805	PC	280.491462615228
1504	1813	PC	4.18103809570657
1504	1820	PC	13.0590909853799
1504	1824	PC	13.8978339504936
1504	1851	PC	8.83730976254943
1504	1860	PC	555.131268936558
1504	1865	PC	363.875697895911
1504	1866	PC	276.696989468459
1504	1868	PC	1274.67892070661
1504	1870	PC	365.13368528353
1504	1901	PC	452.203423282604
1504	1931	PC	172.904400638225
1504	1941	PC	7.41368872615733
1504	1971	PC	1508.86794719299
1504	1972	PC	.807446175685652
1504	2002	PC	1.34251560612489
1504	2003	PC	1.11622535147278
1504	2004	PC	132.809646570075
1504	2012	PC	7.57477831020326
1504	2014	PC	96.1367505625551
1504	2018	PC	5.38432123065872
1504	2019	PC	11.9275254813696
1504	2022	PC	2.9994852426529
1504	2028	PC	4.54657866848078
1504	2030	PC	7.27157270384011
1504	2301	PC	16506.1509202005
1504	4001	PC	3213.03608198566
1504	4002	PC	13.3331443116086
1504	4004	PC	76.1390566439337
1504	4005	PC	172.585308389405
1504	5101	PC	5783.56154484421
1504	5102	PC	254.74196679765
1504	5104	PC	36.6402968832583
1504	5106	PC	57.5406808541696
1504	5201	PC	722.101327517844
1504	5204	PC	62.1814313895671
1504	5302	PC	488.662460070314
1504	5403	PC	9308.77415353717
1504	5404	PC	372.975664768234
1504	5501	PC	31.5492125961113
1504	5605	PC	8317.5609949136
1504	5700	PC	933.71057246744
1504	5710	PC	1274.42955167609
1504	5720	PC	3.44212807228262
1504	5730	PC	143.671432582231
1504	5750	PC	736.186842115608
1504	5760	PC	80.815180827505
1504	5770	PC	14.2855117624378
1504	5790	PC	6196.11487981904
1504	5800	PC	16371.9787815883
1504	5810	PC	131.154603228476
1504	5820	PC	762.597352052031
1504	5831	PC	43.7408764916546
1504	5835	PC	6851.19538877217
1504	5840	PC	2080.86845906458
1504	5841	PC	724.916253597509
1504	5842	PC	29.9315484546315
1504	5850	PC	199.6529518669
1504	5860	PC	2.04078739463396
1504	5880	PC	15.4079448294864
1504	5890	PC	19.4555064955105
1504	5900	PC	782.900465578779
1504	5920	PC	21040.5193992011
1504	6000	PC	23708.2353209417
1504	6010	PC	2779.4762420954
1504	6020	PC	105250.175913324
1504	6030	PC	3224.2808205301
1504	6040	PC	211.53441607846
1511	50	PC	319.8163038645
1511	52	PC	111.278420343053
1511	56	PC	40.9666728641348
1511	58	PC	2706.35813091106
1511	5102	PC	114.97620160421
1511	5201	PC	62.5819831516586
1511	5204	PC	29.1078991403063
1511	5404	PC	36.1086184011347
1511	5605	PC	309.965436146183
1511	5800	PC	161.164777670599
1511	5810	PC	29.1078991403063
1511	5820	PC	90.0188732672437
1511	5920	PC	117.536618658218
1511	6010	PC	133.059483945125
1511	6020	PC	588.181700822663
1511	6030	PC	6845.00817148278
1511	6050	PC	42.9098946493349
1515	50	PC	5.99137590637972
1515	230	PC	201.078000268405
1515	235	PC	78755.4166302479
1515	305	PC	41.4339402542182
1515	306	PC	20.9486762917047
1515	602	PC	.859360053109375
1515	624	PC	100.465390314216
1515	1245	PC	522.616198548306
1515	1401	PC	1.74628426446125
1515	1439	PC	883.427398728757
1515	1504	PC	1334.6786761352
1515	1511	PC	294.276013599623
1515	1525	PC	1626.38253237683
1515	1529	PC	5.33980051998425
1515	1531	PC	103.812827949523
1515	1532	PC	851.354037755995
1515	1545	PC	78.0153271150476
1515	1547	PC	258.033772339293
1515	1671	PC	43.4794924530372
1515	3001	PC	33.2962024054949
1515	4001	PC	527.924306838459
1515	4002	PC	67.134135156101
1515	4005	PC	31.7505190576277
1515	5101	PC	54.3873009909085
1515	5102	PC	58.956971638352
1515	5204	PC	39.9034259927598
1515	5402	PC	2.58736881247167
1515	5403	PC	407.596833591371
1515	5605	PC	1744.93365542221
1515	5700	PC	320.879550735875
1515	5710	PC	185.754214504542
1515	5730	PC	135.836862654763
1515	5790	PC	15.99721623586
1515	5800	PC	59.9663149928006
1515	5810	PC	7.04518966229267
1515	5820	PC	56.9423276932243
1515	5840	PC	60.3867624248272
1515	5841	PC	775.984248970411
1515	5850	PC	254.28040798527
1515	5860	PC	42.6915854057826
1515	5900	PC	22.1139178190938
1515	5920	PC	103.828954303811
1515	5930	PC	1121.94914889595
1515	6010	PC	263.566636363781
1515	6020	PC	6105.01799594
1515	6030	PC	1139.20635983997
1515	6040	PC	43.97314152071
1515	6050	PC	16.2573007050304
1517	626	PC	.743786187731488
1517	1119	PC	3.76132999354363
1517	1677	PC	4.17120847898541
1517	1719	PC	7.46445749823727
1517	1804	PC	6.52624764257127
1520	6050	PC	11.2312641568999
1525	58	PC	80.532191642116
1525	104	PC	95.787952020945
1525	214	PC	1612.88116103554
1525	227	PC	2.09814408561367
1525	230	PC	.990472717657513
1525	231	PC	87.6307950330506
1525	305	PC	28.0353478073004
1525	306	PC	11.7163511240004
1525	310	PC	40.539675593942
1525	906	PC	1.98168564597608
1525	1124	PC	985.458272212579
1525	1271	PC	36.3352133308305
1525	1274	PC	5.45846594443811
1525	1277	PC	821.604865209303
1525	1401	PC	70.5552913680798
1525	1503	PC	67.7633861124044
1525	1504	PC	307.286578503747
1525	1515	PC	1.18653196762215
1525	1525	PC	16.9270825548052
1525	1526	PC	.944685226006798
1525	1531	PC	3.80671888797151
1525	1547	PC	4.24049759521466
1525	1653	PC	407.67694257337
1525	1671	PC	155.810204488497
1525	1674	PC	1.06605240011308
1525	1677	PC	1151.44824848323
1525	1804	PC	.962329699095486
1525	1805	PC	338.475168278913
1525	1860	PC	141.481336775001
1525	1926	PC	8.44505185824347
1525	1972	PC	1.02023430303775
1525	5101	PC	524.549026142488
1525	5102	PC	60.6113856206289
1525	5104	PC	29.3873384827292
1525	5106	PC	38.3885714179947
1525	5201	PC	661.68721801203
1525	5402	PC	47.16803878971
1525	5501	PC	26.5179914058737
1525	5700	PC	59.1760318197362
1525	5720	PC	11.0583466290566
1525	5790	PC	35.3994981473208
1525	5800	PC	56.8155210666096
1525	5820	PC	376.986492261154
1525	5860	PC	34.8702539496457
1525	5880	PC	126.365555475735
1525	5920	PC	613.232122638771
1525	6000	PC	68.031688587518
1525	6010	PC	346.45631283743
1525	6020	PC	867.042129859539
1525	6030	PC	3219.33531241044
1525	6040	PC	35.8933686968223
1525	6050	PC	1549.27327431089
1531	826	PC	3921.01147045143
1531	1271	PC	7.5082062509465
1531	1426	PC	25.5349250900358
1531	1503	PC	23.3250069542338
1531	1504	PC	2799.91194337682
1531	1515	PC	54.7682800710292
1531	1531	PC	16353.1252752349
1531	1532	PC	44.5929694525468
1531	5404	PC	31.8362833562899
1531	5790	PC	1882.96650278227
1531	5820	PC	74.447924156247
1531	5831	PC	53.0604722604831
1531	5835	PC	1329.42332986176
1531	5860	PC	1.10066466817259
1531	5900	PC	243.996540902437
1531	5920	PC	80.4070233485782
1531	6000	PC	4221.79048852859
1531	6010	PC	312.995562715012
1531	6020	PC	32708.7607832438
1531	6030	PC	254.418161864368
1532	58	PC	22.80375834764
1532	5102	PC	145.467325489509
1532	5800	PC	6.09515168530678
1532	5920	PC	28.1900765445438
1532	6010	PC	55.5420697323581
1532	6030	PC	4035.28428905794
1532	6050	PC	437.44958066444
1545	5403	PC	56.6529295594777
1545	5605	PC	1112.5569750854
1545	5750	PC	412.757058219052
1545	5800	PC	790.325902785292
1545	5810	PC	123.773162294707
1545	5820	PC	399.923820794555
1545	5840	PC	59.3506881099291
1545	5920	PC	417.202964310196
1545	6000	PC	254.93818301765
1545	6020	PC	164.563271577531
1547	6020	PC	573.813243680996
1547	6030	PC	149.08083525649
1548	50	PC	15.2733600333802
1548	56	PC	695.428199135342
1548	58	PC	36.713796113092
1548	538	PC	42.768407732098
1548	545	PC	152.314836799803
1548	719	PC	28.7964078427821
1548	1026	PC	40.0750834302601
1548	1106	PC	312.216276612668
1548	1221	PC	139.701644227138
1548	1417	PC	39.7038114013135
1548	1502	PC	13.5941922442015
1548	1528	PC	350.506402535913
1548	1636	PC	31.0740644363155
1548	1702	PC	1066.22926297342
1548	1822	PC	25.9989967891363
1548	1824	PC	30.3986007599458
1548	1867	PC	170.20420969721
1548	3001	PC	27.5105480587229
1548	4001	PC	668.191454775125
1548	4002	PC	5.60094199226389
1548	4004	PC	47.0933650597474
1548	4005	PC	230.004618599983
1548	5101	PC	1997.99370444613
1548	5102	PC	93.7417141110825
1548	5103	PC	83.6574926494955
1548	5106	PC	197.645884681715
1548	5201	PC	380.578194229269
1548	5204	PC	12.8413307001483
1548	5402	PC	29.4460345781762
1548	5403	PC	1170.5156197833
1548	5404	PC	2554.24993548079
1548	5501	PC	38.6008782191327
1548	5605	PC	9513.17342042025
1548	5700	PC	467.970733591864
1548	5710	PC	1725.99489635543
1548	5720	PC	87.9833484851442
1548	5730	PC	224.939107936631
1548	5750	PC	187.224443401322
1548	5760	PC	706.665712377246
1548	5790	PC	1721.3682404414
1548	5800	PC	3612.15167121332
1548	5820	PC	62.9575912918825
1548	5831	PC	869.633259772185
1548	5835	PC	1565.77906268195
1548	5840	PC	370.337502771756
1548	5841	PC	1204.40081605624
1548	5842	PC	232.142123266336
1548	5850	PC	249.436104454004
1548	5900	PC	177.944153987769
1548	5920	PC	7220.68295045192
1548	6000	PC	3283.63077485283
1548	6010	PC	959.313498385563
1548	6020	PC	47993.3849462291
1548	6030	PC	1472.7212303634
1548	6040	PC	53.4237125745875
1548	6050	PC	4.71028642908801
1554	50	PC	7.13585154846185
1554	54	PC	1.84828033465853
1554	58	PC	2.9247512988003
1554	62	PC	1.76026698538907
1554	137	PC	20.5377672304184
1554	211	PC	210.638528057027
1554	301	PC	12.2535539882609
1554	306	PC	39.2113727624349
1554	309	PC	122.535539882609
1554	822	PC	67.8569440828026
1554	1071	PC	154.569620491771
1554	1106	PC	89.2382588656702
1554	1119	PC	25.8580577574981
1554	1124	PC	25024.3340509816
1554	1221	PC	151.552156683944
1554	1244	PC	5385.07616605454
1554	1263	PC	154.817918950351
1554	1271	PC	1414.07827326668
1554	1401	PC	256.670010862226
1554	1416	PC	632.884341055351
1554	1439	PC	1102.35713915897
1554	1502	PC	16840.1778302107
1554	1503	PC	154479.998081365
1554	1504	PC	4073.66653666177
1554	1515	PC	40.880768693533
1554	1520	PC	98.8168503309545
1554	1554	PC	3826.03407936148
1554	1671	PC	269.87523823793
1554	1702	PC	28596.5192629576
1554	1703	PC	12717.4240352546
1554	1719	PC	283.060359512762
1554	1750	PC	8043.11316400326
1554	1804	PC	3454.33026948459
1554	1813	PC	169.43424047364
1554	1820	PC	3928.22133785097
1554	1837	PC	446.271546637378
1554	1865	PC	381.486668917309
1554	1866	PC	31372.9056586047
1554	1901	PC	9.06957898733461
1554	1971	PC	1162.53188851605
1554	2030	PC	5.56638635463004
1554	3001	PC	14.084843986167
1554	4001	PC	255.520355599078
1554	4004	PC	1.23895714740846
1554	4005	PC	3.16306436759144
1554	5501	PC	.81378496786064
1554	5605	PC	35.2662720265064
1554	5810	PC	209.168463719202
1554	5860	PC	321.417981274409
1554	6010	PC	44.8191055510602
1554	6050	PC	1.07240880956011
1557	1401	PC	144.184967512856
1557	1502	PC	2140.15840171781
1557	1503	PC	83.7918613613334
1557	1504	PC	313.478235717174
1557	1702	PC	29.3457595313786
1557	1703	PC	14.2695038379705
1563	1124	PC	226.382697145336
1563	1244	PC	6204.17296295565
1563	1502	PC	743.454406352167
1563	1503	PC	22597.5155610953
1563	1504	PC	448.644072999157
1563	1563	PC	1.23159772951149
1563	1702	PC	3219.62246790182
1563	1703	PC	116.379794602939
1563	1719	PC	3.83162017100212
1563	1804	PC	182.229591705523
1563	1820	PC	945.840294422437
1563	1865	PC	459.203887868958
1563	1866	PC	941.486025117461
1563	1901	PC	6.54402434623754
1569	1124	PC	1109.64856949046
1569	1244	PC	847.379558833902
1569	1401	PC	123.505980141231
1569	1502	PC	2527.05014845035
1569	1503	PC	217.066218488893
1569	1504	PC	237.040808761732
1569	1702	PC	2256.87832015075
1569	1750	PC	78.6125610608255
1569	1820	PC	634.9508931277
1569	1837	PC	596.711502404277
1569	1866	PC	7695.59616400774
1569	1868	PC	1152.55763487902
1573	5101	PC	202.295298167021
1573	5102	PC	261.711079181538
1573	5201	PC	28.1642717662251
1573	5403	PC	5965.46357039193
1573	5404	PC	1545.24360286616
1573	5501	PC	7.04106794155629
1573	5750	PC	252.720177040782
1573	5800	PC	3366.30750182752
1573	5841	PC	43.8712694820046
1573	5920	PC	396.060071712541
1573	6000	PC	1427.84733545598
1573	6020	PC	6005.110199109
1573	6040	PC	27.0810305444473
1612	1101	PC	43.8623905242676
1612	1244	PC	976.836085240756
1612	1504	PC	809.250975399465
1612	1833	PC	74.9274685987509
1612	1866	PC	4688.33946892542
1617	52	PC	22.2542466350393
1617	58	PC	56.6530160896548
1617	235	PC	984.974911084245
1617	305	PC	44.5500261399881
1617	402	PC	30.6379758761447
1617	720	PC	90.4904466384827
1617	1124	PC	41.3617297374434
1617	1244	PC	56.7700635760968
1617	1245	PC	37.1544577482639
1617	1271	PC	6.827828146663
1617	1401	PC	4.22356883429916
1617	1502	PC	17.6826721555411
1617	1503	PC	15240.0070786524
1617	1504	PC	60.0210414089183
1617	1520	PC	32.6292395420733
1617	1671	PC	2.30387165672816
1617	1702	PC	3134.76314173665
1617	1866	PC	1022.83701167344
1617	1870	PC	40.1300072608207
1617	4001	PC	34.6189325189047
1617	4005	PC	4.69726786231781
1617	5101	PC	509.171529023209
1617	5605	PC	251.346906016146
1617	5800	PC	77.9459295930465
1617	5810	PC	54.3980540212525
1617	5820	PC	99.1075657413342
1617	5841	PC	16.0760061104536
1617	5900	PC	105.842367552663
1617	5920	PC	1.57259331635094
1617	6010	PC	26.3416217851027
1617	6020	PC	216.000478154373
1617	6030	PC	760.723555906705
1620	301	PC	679.519073711787
1620	1274	PC	1.03639244078821
1620	1620	PC	84492.4438520685
1620	1677	PC	15.1536111006905
1620	1971	PC	6.94940561855972
1620	6020	PC	2.46008293575247
1632	1525	PC	49.9894739358943
1640	62	PC	1.34207597945463
1663	5102	PC	155.189977607983
1663	5403	PC	68.3527360926276
1663	5800	PC	112.157020547347
1663	5850	PC	235.637783688671
1663	6020	PC	301.501484573444
1671	1102	PC	118.271318778495
1671	1124	PC	11.5445381725873
1671	1130	PC	7.64763185512154
1671	1271	PC	276.014099383178
1671	1401	PC	9.10757735952837
1671	1416	PC	15.5688105201097
1671	1439	PC	1.76541536547246
1671	1502	PC	38.2161674552509
1671	1503	PC	18.5743677388078
1671	1504	PC	29.4928957507807
1671	1531	PC	1074.19455387502
1671	1703	PC	49.8287213709654
1671	1750	PC	130.375994173102
1671	1804	PC	725.262265056086
1671	1805	PC	225.703338293807
1671	1813	PC	3.27992967245307
1671	1820	PC	189.843162127522
1671	1860	PC	385.898445917253
1671	1865	PC	359.704226842925
1671	1868	PC	5.45271935952423
1671	1870	PC	84.1320816302379
1671	1901	PC	183.731438595353
1671	1931	PC	626.628501861904
1671	1971	PC	8805.90721757144
1671	2003	PC	145.679892400038
1671	2004	PC	37.2066878756254
1671	2012	PC	7.26559072059881
1671	2014	PC	25.0944974930405
1671	2028	PC	7.45111836372684
1671	2030	PC	22.8659598370117
1675	1251	PC	49.126016593688
1675	1271	PC	49.9556768414867
1675	1416	PC	22.9639955171618
1675	1503	PC	89.2178647126342
1675	1702	PC	145.504493609951
1675	1719	PC	36.0262168741899
1675	1750	PC	146.409287954908
1675	1804	PC	538.913740013206
1675	1805	PC	10.1353153843373
1675	1820	PC	41.7654956680549
1675	1860	PC	275.771766775773
1675	1870	PC	78.2624015165003
1675	1901	PC	311.388996580436
1675	1931	PC	412.218143919753
1675	1941	PC	8.130775011952
1675	1971	PC	7991.98571079185
1675	2012	PC	211.61032973744
1675	2014	PC	22.4529714411415
1675	2018	PC	3.07062904599468
1675	2025	PC	634.565309498324
1675	2030	PC	62.5314003706035
1750	50	PC	3.30627520557727
1750	4001	PC	41.0607710683381
1750	5102	PC	25.8654230372219
1750	5403	PC	60.1658367204093
1750	5605	PC	1.57875199000162
1750	5700	PC	22.7795819723499
1750	5710	PC	544.027328501257
1750	5790	PC	36.2882006757595
1750	5800	PC	469.323363384192
1750	5831	PC	336.001858108884
1750	5835	PC	2698.52500299272
1750	5920	PC	2112.82538004137
1750	6000	PC	2562.36629802754
1750	6020	PC	1085.85586084305
1750	6030	PC	128.277445381377
1804	235	PC	263.653295699557
1804	309	PC	5.89797356579116
1804	1172	PC	13.0269384262541
1804	1275	PC	8.99177939532508
1804	1677	PC	39.4789245923421
1804	1971	PC	3.62022525372833
1804	5700	PC	25.4217159725534
1804	5880	PC	23.3796437059057
1804	5900	PC	25.8250218843337
1804	6020	PC	375.175324433651
1805	1503	PC	32.751303890818
1805	1866	PC	32.569243206042
1813	1502	PC	91.3594780238545
1813	1820	PC	39.0642585030322
1818	1845	PC	63025.8945396178
1834	4001	PC	79.3593598597932
1834	4004	PC	2.37882176610406
1834	5700	PC	48.7411917498544
1834	5831	PC	25.8058849741395
1834	6020	PC	152.120654417636
1835	1627	PC	3776.14003083319
1835	1834	PC	4623.53823829556
1835	5404	PC	32.2240393862164
1835	5800	PC	1001.47730016352
1835	5840	PC	153.124157381152
1835	5841	PC	281.833740669853
1835	6030	PC	10.1789583470604
1841	1804	PC	1.11143727078912
1841	1974	PC	1.07469214335617
1848	5201	PC	1.80949919085441
1848	5700	PC	386.600980914388
1848	5800	PC	204.318807967033
1848	5810	PC	24.726685451252
1848	5831	PC	251.252861273949
1848	5842	PC	27.3535512899812
1848	5920	PC	77.5799251900641
1848	6000	PC	53.4447550760899
1848	6010	PC	105.155294731524
1848	6020	PC	1455.86040210983
1851	58	PC	22.3511355554752
1851	101	PC	1.58804817527983
1851	625	PC	1.81741720664213
1851	3001	PC	11.8885816386323
1851	4001	PC	583.673754845618
1851	4005	PC	31.4557572086752
1851	5102	PC	39.4031193324465
1851	5201	PC	20.7163168687437
1851	5204	PC	2.69809904003705
1851	5403	PC	674.208662333502
1851	5404	PC	3567.14324634958
1851	5605	PC	638.320888382918
1851	5710	PC	484.634455980982
1851	5730	PC	22.5062235920657
1851	5760	PC	2.118232808665
1851	5790	PC	33.5104430330803
1851	5800	PC	52.9558202166251
1851	5810	PC	.953204763899251
1851	5820	PC	108.795084844045
1851	5830	PC	104.958435669351
1851	5835	PC	158.867460649875
1851	5840	PC	44.0446795696725
1851	5841	PC	229.053780869485
1851	5900	PC	104.450059795271
1851	5920	PC	260.230196126517
1851	6000	PC	202.240925198302
1851	6010	PC	482.078013760024
1851	6020	PC	11909.9651988358
1851	6030	PC	260.190479261354
1851	6040	PC	154.739554463989
1856	4002	PC	27.0293758275553
1857	1804	PC	.808704468952154
1857	1874	PC	1.25639703185806
1857	5605	PC	382.031267276965
1857	5800	PC	24.9378169837564
1857	5835	PC	16347.1948854208
1857	5920	PC	3578.22814402841
1859	101	PC	45.4754421720078
1859	104	PC	195.483160699836
1859	235	PC	24.1061245493954
1859	303	PC	10.9198048186068
1859	305	PC	118.904541358162
1859	306	PC	715.132678999312
1859	309	PC	1.21331164651186
1859	1074	PC	6.31161528444165
1859	1273	PC	156.119673597026
1859	1504	PC	32.7404817553108
1859	1671	PC	15.0640243650256
1859	1871	PC	.865150206952556
1859	1971	PC	742.382439189014
1859	1972	PC	180.227269971986
1859	2028	PC	446.93883623388
1860	1504	PC	15372.5800609854
1860	1866	PC	1755.46167963598
1860	2004	PC	103.335218843891
1860	2028	PC	1.49192744570203
1860	5710	PC	33.4568970436913
1860	5880	PC	8.24556851882268
1865	55	PC	42.501548300273
1865	1106	PC	8.05375114176061
1865	1422	PC	144.786655929292
1865	1439	PC	201.920089068173
1865	1804	PC	15029.0603839461
1865	1805	PC	1.12451826453069
1865	1834	PC	73.290754951257
1865	1860	PC	14.9675971977774
1865	1865	PC	440.054716007692
1865	1868	PC	115.499298938582
1865	2018	PC	653.703266496837
1865	2028	PC	213.132492243147
1865	4001	PC	409.865088813674
1865	5403	PC	1.60889141830686
1865	5710	PC	21.7977972323608
1865	5840	PC	120.822382543451
1865	5841	PC	123.663416639611
1865	5842	PC	68.0467217944403
1866	58	PC	148.017473609059
1866	104	PC	14.1479234241228
1866	106	PC	.810282463275677
1866	211	PC	693.18160270082
1866	213	PC	36.594862919521
1866	214	PC	39.5734863072739
1866	215	PC	3.15591680746687
1866	230	PC	5.39668547491658
1866	233	PC	1.28801214244815
1866	235	PC	210.210255702261
1866	306	PC	1.19399083143888
1866	309	PC	1030.80595662058
1866	412	PC	441.899302740119
1866	542	PC	91.5333852630818
1866	709	PC	365.163287821612
1866	926	PC	177.704351630998
1866	1102	PC	21.2859057424539
1866	1122	PC	196.546252589487
1866	1124	PC	.624914131272299
1866	1173	PC	8.46563822461736
1866	1271	PC	48.3696930796704
1866	1276	PC	431.59160187359
1866	1277	PC	30.0968405113665
1866	1502	PC	74.2397738233979
1866	1504	PC	66.3033260842626
1866	1531	PC	125.051887636989
1866	1653	PC	15.3390378202676
1866	1671	PC	2.46276756451255
1866	1673	PC	89.3782829552995
1866	1677	PC	438.288841058416
1866	1805	PC	5.97332717857715
1866	1901	PC	2.61665695166681
1866	1925	PC	.745557976680068
1866	1971	PC	136.90950623838
1866	1972	PC	2.28800370867005
1866	1973	PC	81.0043528362715
1866	4001	PC	16.9926043151209
1866	5201	PC	1735.98621077866
1866	5404	PC	6.91007693517309
1866	5700	PC	624.743468092671
1866	5800	PC	208.535298249065
1866	5820	PC	56.5442638098076
1866	5831	PC	1229.3005540275
1866	5900	PC	199.304533824668
1866	5920	PC	51.9828665736652
1866	6000	PC	78.7354213747693
1866	6010	PC	472.903058401422
1866	6020	PC	1238.99652231964
1866	6030	PC	406.432223809161
1867	441	PC	3367.4385149173
1867	1833	PC	163.582813549194
1867	1857	PC	1607.64145652295
1868	59	PC	33.425364434105
1868	1439	PC	1.72242062670255
1868	1677	PC	1.08405646243515
1868	1971	PC	1.59149383435951
1868	1974	PC	1.41106284732457
1868	2019	PC	1.19436305043067
1868	4001	PC	91.5931764127091
1868	5101	PC	80.4682724580496
1868	5403	PC	2184.31610785679
1868	5605	PC	33.7132843064039
1868	5800	PC	25.7928218934412
1868	5830	PC	39.4023677090503
1868	6020	PC	12867.7002701954
1868	6030	PC	343.719010142876
1870	50	PC	25.8674677862595
1870	51	PC	6.45153787928969
1870	1271	PC	5.85852079885104
1870	1504	PC	30.8507580193485
1870	1835	PC	.434639694606943
1870	1931	PC	3.42732237610567
1870	1971	PC	13.199220666941
1870	1973	PC	.839698055047243
1870	4001	PC	474.815859404889
1870	4005	PC	62.0893872763045
1870	5201	PC	137.748331497065
1870	5204	PC	93.9058661277024
1870	5403	PC	1368.16457502972
1870	5605	PC	719.10254142677
1870	5700	PC	26.6139267144417
1870	5710	PC	314.309861334866
1870	5800	PC	212.614163106633
1870	5831	PC	904.754874639933
1870	5840	PC	259.267846118025
1870	5841	PC	48.1266064321807
1870	5842	PC	29.9449996814552
1870	5930	PC	1.22499241964199
1870	6020	PC	14886.5051062762
1870	6030	PC	150.834023100575
1871	1531	PC	69.7153575116638
1917	1525	PC	8.86704955048919
1919	1919	PC	11415.6788318642
1923	1525	PC	4.53369928743974
1928	1971	PC	38394.4982785831
1929	231	PC	44.4697179333391
1929	1504	PC	20.0583835159625
1929	1674	PC	6.51685141215902
1929	1901	PC	3.9626134641381
1931	58	PC	158.200537022718
1931	1926	PC	2.38700636508295
1931	1931	PC	15.0613831238045
1931	1938	PC	8559.33915405395
1931	1971	PC	1917.06406947957
1931	3001	PC	1.37812673711543
1931	4001	PC	232.251855251219
1931	4004	PC	1.53750193800633
1931	5101	PC	35.3521427152452
1931	5102	PC	2.46798736258642
1931	5201	PC	41.546911646539
1931	5204	PC	45.6289439762921
1931	5403	PC	68.6265710631457
1931	5404	PC	10.0609257077578
1931	5501	PC	71.0045728662423
1931	5605	PC	952.317121517569
1931	5700	PC	60.6661054353534
1931	5710	PC	51.2124134848051
1931	5790	PC	23.3071310624266
1931	5800	PC	2.68113781921392
1931	5820	PC	201.929894854097
1931	5840	PC	86.2843772979424
1931	5841	PC	138.51160144732
1931	5842	PC	20.3766474260258
1931	5850	PC	47.4521176933576
1931	5920	PC	177.32777422499
1931	6010	PC	121.659309684651
1931	6020	PC	2416.89157859675
1931	6030	PC	1442.61837728188
1936	4001	PC	101.902401048375
1938	1243	PC	1.00970047081895
1938	1439	PC	28.6690831818845
1938	1503	PC	8.86927485410868
1938	1671	PC	2.10050425402004
1938	1804	PC	26.7565383601976
1938	1813	PC	8.80747702126744
1938	1815	PC	3.42456906207251
1938	1828	PC	13.6448547867676
1938	1860	PC	1.16670550214555
1938	1874	PC	4.05642869278508
1938	1901	PC	1.82815350102743
1938	1931	PC	3.22146052952903
1938	1941	PC	.755146920838326
1938	1971	PC	1.86941828845285
1938	1974	PC	1.36998209441862
1938	2003	PC	4.7029587122994
1938	2028	PC	1.22204829648527
1973	58	PC	37.3853590283303
1973	1101	PC	438.548397227385
1973	1119	PC	53.8931199344755
1973	1271	PC	727.467375209529
1973	1439	PC	81.307666426218
1973	1504	PC	19.1762785978042
1973	1515	PC	47.5409785942024
1973	1627	PC	10517.0652166202
1973	1971	PC	147.444260435423
1973	3001	PC	58.1734488421989
1973	4001	PC	643.575074001253
1973	4004	PC	1448.39888778064
1973	4005	PC	131.340722495608
1973	5101	PC	2027.19102872865
1973	5102	PC	811.055381801116
1973	5104	PC	32.392816227298
1973	5201	PC	2773.11930380411
1973	5403	PC	1123.81882008109
1973	5404	PC	58.7079303099493
1973	5501	PC	251.758317419236
1973	5605	PC	1696.2363247357
1973	5700	PC	34.7655900159476
1973	5710	PC	4844.4711889553
1973	5730	PC	145.767673022841
1973	5750	PC	52.6383263693593
1973	5790	PC	36.0370080528691
1973	5800	PC	6650.21412834874
1973	5810	PC	691.73779292854
1973	5830	PC	2135.70291398807
1973	5831	PC	1884.27662293517
1973	5835	PC	19808.864427222
1973	5840	PC	160.131187618296
1973	5841	PC	1651.87436291242
1973	5850	PC	395.467696910968
1973	5900	PC	4718.39159969528
1973	5920	PC	10261.7216023464
1973	6000	PC	5054.91786807932
1973	6010	PC	35.7670679176416
1973	6020	PC	16064.0983060679
1973	6030	PC	161.96408113649
1973	6050	PC	38.609537541587
1974	227	PC	234.79013786831
1974	1972	PC	3.31124822164297
1974	3001	PC	77.8075445779699
1974	4001	PC	1.21473060852368
1974	4004	PC	1.32540606396694
1974	5840	PC	27.1546279032087
1974	5842	PC	28.601507028028
2002	1504	PC	6.46018662353536
2002	1860	PC	156.477695056018
2002	1865	PC	2.15228125851096
2002	1866	PC	40.1815458178545
2002	1941	PC	.835814672539051
2002	1971	PC	1.17197845758409
2002	1974	PC	12.7222447208101
2002	2002	PC	39.2423968235677
2002	2004	PC	1.5327340591622
2002	2028	PC	74.963384446434
2004	1504	PC	16369.2576610757
2004	2022	PC	2386.98673035868
2004	2028	PC	44.1616205798068
2004	5605	PC	44.3111177194985
2004	5710	PC	65.0175213526391
2004	5800	PC	10420.0307819562
2004	5840	PC	9569.71764163736
2004	5841	PC	1997.32349801198
2004	5842	PC	25.5733275283867
2004	6020	PC	5991.1659997741
2012	58	PC	4.84445600769317
2014	1938	PC	1.07663493165249
2014	1971	PC	2.33487754594179
2014	5403	PC	125.479278049994
2014	5710	PC	405.457642165991
2018	720	PC	3.47715081231898
2018	1149	PC	160.454457166647
2018	1271	PC	6.25280834999955
2018	1504	PC	1462.10114808741
2018	1620	PC	3.59499063351853
2018	1865	PC	9.01206436544785
2018	1971	PC	2.7522545673233
2018	2002	PC	1.65603456083115
2018	2004	PC	14.7637785716357
2018	2018	PC	41.6829861835553
2018	2019	PC	41.970348008926
2018	5800	PC	75.6344481093459
2019	2028	PC	.77282836014662
2019	3001	PC	1.02160115699337
2022	1504	PC	577.768561445435
2022	1860	PC	158.226407225951
2022	1865	PC	78.3716861068042
2022	1866	PC	125.600796280734
2022	1868	PC	15.7228799455017
2022	1971	PC	1.87429522505888
2022	1974	PC	32.5609471795426
2022	2002	PC	125.559620383018
2022	2004	PC	81.3641599905382
2022	2019	PC	25.3015095251147
2022	2028	PC	357.044585049765
2023	1860	PC	5.65805610002399
2024	4001	PC	29.0234885176308
2028	50	PC	49.4467377658149
2028	52	PC	32.1296458130982
2028	54	PC	3.04785058855588
2028	56	PC	154.885141148261
2028	58	PC	1941.33903360011
2028	301	PC	36.371108152081
2028	2002	PC	504.5745232723
2028	2028	PC	7225.64786684969
2028	3001	PC	223.807644174948
2028	4001	PC	580.554580108124
2028	4002	PC	23.8527437365243
2028	4004	PC	217.668212967652
2028	4005	PC	39.9639469781167
2028	5101	PC	19.0411152638954
2028	5102	PC	123.905727644235
2028	5103	PC	154.711546179956
2028	5201	PC	3012.72874855628
2028	5204	PC	172.632907640665
2028	5402	PC	468.679911374106
2028	5403	PC	2464.44428041881
2028	5404	PC	738.624062545211
2028	5501	PC	266.098558819805
2028	5605	PC	5926.17310161414
2028	5700	PC	812.20182605781
2028	5710	PC	788.828787500876
2028	5800	PC	26.5494289311813
2028	5840	PC	43.0263742434004
2028	5841	PC	11.4281145546547
2028	5842	PC	29.3812796736787
2028	5860	PC	5.24760362203534
2028	5880	PC	11.8495130273333
2028	6000	PC	27.0052813670349
2028	6010	PC	298.884155085658
2028	6020	PC	3359.7503908071
2028	6030	PC	1805.97736320019
2030	1971	PC	127.525705773234
2030	2028	PC	.668618783276885
2030	2301	PC	109.40331562045
2030	5830	PC	670.027960719304
2030	5831	PC	23.9199981976792
3001	1974	PC	1.03483246059636
4001	104	PC	60.2790896145412
4001	211	PC	36.1172800647303
4001	217	PC	53.2858803997089
4001	219	PC	155.907049900924
4001	231	PC	30.3295256233622
4001	301	PC	9.41466624128093
4001	302	PC	7.72906662765057
4001	306	PC	35.345819186941
4001	307	PC	10.4441464542129
4001	309	PC	33.8304721036891
4001	310	PC	5.30869293554461
4001	402	PC	9.41452130067244
4001	502	PC	2.0023718039474
4001	822	PC	13.1879841053004
4001	1122	PC	1.08848064773084
4001	1271	PC	11.3993227023258
4001	1273	PC	3.94043165582394
4001	1401	PC	1.45013772373569
4001	1439	PC	3.57563072487605
4001	1504	PC	591.216666429327
4001	1525	PC	10.0135681152238
4001	1534	PC	.771223708469984
4001	1554	PC	4.9803502096216
4001	1671	PC	2.85384708490249
4001	1860	PC	13.637449738858
4001	1865	PC	18.9476843813989
4001	1972	PC	37.3191548781994
4001	2028	PC	3.64650886450911
4002	1653	PC	7.1610193644831
4003	219	PC	4.92688911238685
4004	1071	PC	1.90241884194729
4005	1504	PC	34.8333097719749
5101	106	PC	21.8353601945264
5101	211	PC	19.8857447004072
5101	219	PC	3.29324165907972
5101	301	PC	3.58426379744198
5101	305	PC	1.10514800421128
5101	306	PC	32.856747105384
5101	307	PC	.693953296338071
5101	402	PC	38.8784861120362
5101	625	PC	.760448474530703
5101	1071	PC	5.77190182629639
5101	1260	PC	4.70448283777046
5101	1504	PC	176.132181148788
5101	2028	PC	26.8042445427012
5102	312	PC	3.58426379744198
5102	1504	PC	60.1510835131256
5106	309	PC	1.31323443022944
5106	1271	PC	28.6050647269725
5201	402	PC	212.367192524983
5201	602	PC	.58622157076699
5201	1504	PC	5.76403106589965
5402	1271	PC	.795372183224864
5402	1504	PC	21.2858828582748
5403	106	PC	395.192076646821
5403	211	PC	2.95433707126951
5403	220	PC	1.24192165820316
5403	228	PC	.789930864155546
5403	231	PC	12.7121589093593
5403	301	PC	174.425210816015
5403	305	PC	3.8262016037693
5403	306	PC	26.2238678224511
5403	309	PC	21.6828047168587
5403	822	PC	.499675384183056
5403	1101	PC	.537916936354664
5403	1106	PC	5.26060851566368
5403	1175	PC	4.57409847159849
5403	1216	PC	.727235676682692
5403	1271	PC	39.9487316149506
5403	1504	PC	421.91925838851
5403	1514	PC	124.11711612247
5403	1531	PC	43.1116400519983
5403	1545	PC	59.1332055834677
5403	1677	PC	.634188241089443
5403	2028	PC	28.5162239979957
5404	231	PC	1.93785987343945
5404	309	PC	1.59300613219643
5404	1216	PC	.727235676682692
5404	1271	PC	4.51014480996593
5605	301	PC	2.19237468943534
5605	305	PC	1.96039317143424
5605	309	PC	3.33734784695153
5605	1173	PC	2.82530166583625
5605	1277	PC	.56870123024475
5605	1504	PC	686.336856378522
5605	1548	PC	1179.33831676942
5605	2028	PC	14.3403114793969
5700	301	PC	1.35903335653008
5700	1504	PC	249.553236520916
5700	1532	PC	133.65403103208
5700	1868	PC	146.709945173735
5700	1871	PC	1.62273582474487
5800	1439	PC	30.0797035122335
5800	1504	PC	23.2075521983807
5810	704	PC	2.19275272600635
5830	1504	PC	220.705726467715
5831	1504	PC	3423.30787471312
5831	1545	PC	898.532173966143
5831	1868	PC	2191.88534843561
5831	1972	PC	13.1126310016905
5840	1244	PC	1.88855206122632
5840	1271	PC	44.3121474598178
5840	1439	PC	5.24249101645404
5840	1504	PC	.792310032956714
5842	1504	PC	3.22883435132175
5842	2028	PC	37.7767824812455
5850	104	PC	17.0425755883372
5850	219	PC	.814328846608805
5850	220	PC	74.5917254403871
5850	307	PC	6.75036348518237
5850	402	PC	10.9992990529523
5850	1271	PC	21.0773628554589
5850	1439	PC	4.65759868750073
5850	1441	PC	28.7612030903063
5850	1504	PC	167.787036510667
5850	1567	PC	78.3701560891218
5850	1663	PC	115.969669828782
5850	1804	PC	94.9656308876838
5850	2028	PC	94.2434532025756
5930	106	PC	129.335588720778
5930	402	PC	307.5410291553
5930	1271	PC	26.9171756663885
5930	1504	PC	905.572266447224
5930	1514	PC	529.089629329504
5930	1515	PC	84.8677378553556
5930	1804	PC	1187.07038609605
5930	1860	PC	423.985414773543
6020	104	PC	145.556884380113
6020	211	PC	407.998024490004
6020	219	PC	42.6275204447243
6020	220	PC	1296.31018423765
6020	301	PC	138.164408731895
6020	305	PC	4.07212192542713
6020	307	PC	68.6535861535032
6020	309	PC	6.25752721303412
6020	310	PC	11.4049282776938
6020	1271	PC	116.81548277264
6020	1503	PC	18.8617967018201
6020	1504	PC	726.59421707895
6020	1531	PC	272.870756934908
6020	2028	PC	117.318771168203
6030	220	PC	5.79117622463661
6030	402	PC	136.196741483061
6030	1271	PC	24.2861735335836
6030	1504	PC	725.14148585946
6030	1972	PC	25.3951552559538
6040	302	PC	18.4948011948006
6040	306	PC	55.4167008237834
6040	1439	PC	15.989266216429
6050	211	PC	22.5079735353892
