50	231	PC	669.237585039827
50	233	PC	.589410695603648
50	301	PC	145.871641455173
50	412	PC	306.576288966069
50	1034	PC	1.08211915236195
50	1102	PC	9.08212888645391
50	1253	PC	1.64840352159207
50	1277	PC	20.8361896430866
50	1416	PC	3.17436130860151
51	125	PC	114.620549871772
51	301	PC	14.7972856010522
51	1840	PC	48.8670231481866
51	1866	PC	1.94861796354523
51	1868	PC	.983838535602625
51	1922	PC	89.181864634412
51	1931	PC	1.95689936666078
51	1933	PC	5.86396053792858
51	1939	PC	2244.01026576826
51	2004	PC	29.2152863626714
51	2020	PC	103.268298259442
52	104	PC	77.0131034817135
52	106	PC	24.7729396329157
52	219	PC	15.1984416756267
52	230	PC	111.782296952942
52	231	PC	20.693864404282
52	301	PC	63.5099497997161
52	605	PC	2.10555204254998
52	628	PC	24.4122044593862
52	704	PC	60.0014084264816
52	805	PC	237.731756431586
52	1721	PC	66211.8839822879
52	1804	PC	1.49363864010416
54	417	PC	25.0017114870729
54	1719	PC	36478.014004471
55	106	PC	185.878070761612
55	301	PC	5464.8743290382
55	412	PC	41.0246751961829
55	426	PC	10488.973245965
55	428	PC	20.396094307216
55	1702	PC	109.754527846738
56	138	PC	3.52429283580342
56	235	PC	.741222548821853
56	301	PC	269.438841081026
56	1130	PC	1592.78622339139
56	1663	PC	1.7216987877921
56	1901	PC	.856847723197419
57	301	PC	27.6215997886308
57	432	PC	54.7890046916955
57	602	PC	2365.84422699401
58	101	PC	392.986715621403
58	104	PC	73.3965761125204
58	105	PC	125003.637187416
58	106	PC	171.617932166703
58	118	PC	35.4191156085887
58	124	PC	14.0302728604845
58	128	PC	204.634431465129
58	211	PC	19.2366639849682
58	213	PC	15.5153024831622
58	219	PC	706.671847424161
58	220	PC	1.16842578255984
58	230	PC	614.494579878278
58	231	PC	24.1461581294195
58	235	PC	284.629458747592
58	301	PC	4073.12056425976
58	402	PC	13.0804421597047
58	412	PC	113.33696508744
58	427	PC	7.85765562443214
58	501	PC	34.8988172700499
58	502	PC	38.3185583944376
58	513	PC	1.81533315205471
58	528	PC	1.68739172675357
58	529	PC	36.2896528212993
58	602	PC	34.1560529674205
58	604	PC	3.66479534973335
58	605	PC	6.17493627863216
58	617	PC	12.863220565429
58	626	PC	9.28482174528926
58	627	PC	2.63127226713314
58	628	PC	291.539989058184
58	704	PC	10.9521608901377
58	706	PC	25.4727195204859
58	709	PC	16.0473108774028
58	806	PC	24.999271161957
58	906	PC	48.792530959192
58	1032	PC	3.36839889586184
58	1034	PC	45.9071989952472
58	1101	PC	9.75701528093961
58	1102	PC	12.9772873122403
58	1106	PC	19.4631537074723
58	1121	PC	4.78054844635616
58	1173	PC	54.8046257729835
58	1221	PC	7.75957965536166
58	1241	PC	173.423430042432
58	1247	PC	3.03308307078339
58	1271	PC	42.8886544710806
58	1274	PC	1.90416852719116
58	1416	PC	368.225911797775
58	1420	PC	4.32742982902403
58	1449	PC	267.808451853908
58	1502	PC	4.48553752977344
58	1516	PC	3.07471194473115
58	1640	PC	143.686935776237
58	1663	PC	3.39363749501217
58	1677	PC	30.8677896278301
58	1702	PC	35.5132499714616
58	1703	PC	917.085409614882
58	1719	PC	91.3879905991063
58	1729	PC	60.2369091200112
58	1804	PC	29.2554021641735
58	1805	PC	16.0519834574374
58	1828	PC	25.2782854162799
58	1833	PC	656.633991063497
58	1841	PC	8.74859063180348
58	1901	PC	24.2806732724664
58	1925	PC	26.4156773411219
58	1931	PC	3.84530725548843
58	1939	PC	580.137430380043
58	1971	PC	27.5579036993525
58	2012	PC	18.8303856141262
59	106	PC	36.4403257560224
59	118	PC	9.45184399383482
59	125	PC	14.0805416868341
59	128	PC	154.64724059697
59	135	PC	35.2305349284986
59	214	PC	13.0394590198526
59	230	PC	6.54099973902484
59	235	PC	1128.13042454924
59	237	PC	17.1850004184686
59	301	PC	26.5857897965571
59	402	PC	130.158351125633
59	412	PC	21.1675228284973
59	415	PC	17.0140241086311
59	515	PC	16.8853962112331
59	605	PC	312.795952474974
59	706	PC	34.3655624300047
59	709	PC	28.3164195695185
59	719	PC	221.155457170167
59	1102	PC	241.361766150755
59	1149	PC	16.9163182358034
59	1211	PC	224.509810644924
59	1504	PC	51.1318946623275
59	1702	PC	234.487911622032
59	1743	PC	1.49406473168673
60	101	PC	112160.679071293
60	105	PC	11.5742344141864
60	106	PC	53.8705093652815
60	111	PC	.779096588113499
60	118	PC	149.772260287747
60	119	PC	226.669888436249
60	125	PC	507.986419733431
60	127	PC	152.721943350053
60	128	PC	309.567138598675
60	135	PC	608.567456191032
60	136	PC	89.9697859430739
60	137	PC	46.0254108605256
60	211	PC	50.3912611664447
60	213	PC	184.951941252548
60	219	PC	1948.377444442
60	221	PC	15.1779882594734
60	231	PC	17.012744293905
60	233	PC	29.970035369677
60	235	PC	2671.66461392501
60	237	PC	40.1988313882307
60	301	PC	787.807485400019
60	402	PC	3525.45746932042
60	412	PC	7958.19228146573
60	415	PC	118.80962683109
60	417	PC	486.895161751696
60	420	PC	18388.2419979683
60	427	PC	166.423380360164
60	430	PC	59.8663093585834
60	437	PC	99.1289432219674
60	438	PC	55.0135114783521
60	439	PC	20.7632455582084
60	511	PC	57.7306988091981
60	513	PC	16.2090402757235
60	516	PC	72.2109329536447
60	517	PC	59.7695706736803
60	522	PC	66.3616330825704
60	528	PC	55.3563744712039
60	538	PC	75.6458603304216
60	542	PC	92.8054213736521
60	605	PC	77.7637057253316
60	612	PC	33.4647578018057
60	706	PC	51.548343645007
60	709	PC	25236.8833362075
60	719	PC	1186.63684166202
60	720	PC	120.279468505016
60	805	PC	1.16650498991253
60	904	PC	44.015460782347
60	906	PC	2.07542871973659
60	1102	PC	147.769491165594
60	1149	PC	32.9423039328804
60	1211	PC	65.563243834745
60	1260	PC	37.8032388762501
60	1271	PC	55.0214979139688
60	1273	PC	50.2461223928977
60	1416	PC	56.5015079745057
60	1449	PC	56.8033363314757
60	1502	PC	1.59987443622116
60	1529	PC	16.682535847627
60	1624	PC	176.107163501491
60	1640	PC	56.9185540466415
60	1644	PC	19.5889061208562
60	1812	PC	20.3476604109042
60	1826	PC	1075.13556508184
61	426	PC	27.4512647481153
61	1640	PC	57.7004295065067
61	1833	PC	1436.88998576419
62	101	PC	275.055383089182
62	104	PC	34.0531420052389
62	105	PC	747.102716515718
62	106	PC	22.9802943692092
62	118	PC	17.5982405838102
62	119	PC	25.0864654917643
62	123	PC	38.9675224718564
62	125	PC	24.7817533688279
62	127	PC	212.057265187407
62	128	PC	113.162921387596
62	135	PC	32.4581320378185
62	211	PC	286.820259738452
62	213	PC	467.803255919977
62	215	PC	.804429811465667
62	216	PC	1.88700776767976
62	219	PC	10.773578909305
62	220	PC	65.3519514621505
62	221	PC	2011.48286512389
62	231	PC	2.23851898604013
62	235	PC	313.362127272061
62	301	PC	379.589835095259
62	403	PC	10.2207275289266
62	412	PC	63645.4795039026
62	417	PC	19.0551942087456
62	419	PC	36.7697016458841
62	420	PC	16.3179575496583
62	425	PC	72.5738752467213
62	428	PC	321.78480929331
62	432	PC	19.2396326635722
62	434	PC	8.33383057115413
62	436	PC	114.922662854184
62	437	PC	505.501760380006
62	502	PC	19.9388429830211
62	514	PC	118.986690596916
62	516	PC	53.0948093037559
62	522	PC	28.8634295936618
62	602	PC	376.984924614307
62	605	PC	7.99704862314657
62	701	PC	19.9904492002055
62	706	PC	179.544991081674
62	806	PC	16.913306824084
62	815	PC	21.6637801276865
62	941	PC	24.6439421382732
62	1120	PC	1554.80005093644
62	1416	PC	49.4202404399331
62	1432	PC	19.7028136519959
62	1449	PC	19.6764531029255
62	1504	PC	103.818677349474
62	1519	PC	27.4746698259899
62	1520	PC	59.5985571670856
62	1535	PC	782.085902041273
62	1621	PC	78.123897229958
62	1634	PC	56.874359770598
62	1636	PC	56.6151517534726
62	1638	PC	177.661212577784
62	1640	PC	57.8488868723038
62	1653	PC	57.129050773239
62	1663	PC	28.3632459260548
62	1664	PC	29.7161901166879
62	1665	PC	27.3504714219901
62	1677	PC	355.045733253043
62	1702	PC	1021.73679635008
62	1703	PC	117.214242968284
62	1711	PC	893.331095214326
62	1714	PC	134.934424121909
62	1719	PC	453.233662265679
62	1721	PC	145.049188257024
62	1725	PC	101.102294366194
62	1729	PC	57.2250636640107
62	1738	PC	368.362311620912
62	1743	PC	27.9390104825419
62	1804	PC	104.534789625423
62	1805	PC	316.055359570673
62	1812	PC	41.8320044179887
62	1828	PC	166.681125067962
62	1833	PC	28.2656351284785
62	1838	PC	2.20428499441505
62	1840	PC	246.239932357525
62	1848	PC	138.437456358188
62	1865	PC	20.25327268135
62	1866	PC	3.89723592709047
62	1870	PC	116.537416758834
62	1871	PC	29.2464794063055
62	1931	PC	14.6767452499558
62	1933	PC	78.5184316028637
62	1940	PC	11.6533197732222
62	1971	PC	6.29408911651879
62	1973	PC	28.0182027444398
62	2011	PC	9.81533549054243
62	2012	PC	199.359051053228
62	2020	PC	13.7492088819412
62	2021	PC	6.43757558544524
62	2025	PC	27.6039870945097
101	54	PC	39.6849650280864
101	58	PC	28555.0392179244
101	101	PC	53958.126299523
101	105	PC	6893.381330988
104	58	PC	761.304693010054
104	101	PC	249.232210281086
104	105	PC	740.750624303907
104	136	PC	1162.5981864321
105	51	PC	192.120101430631
105	58	PC	15751.7136495181
105	101	PC	1324.8725908926
105	105	PC	43081.2908230491
106	58	PC	5959.99247993692
106	101	PC	766.265461171524
106	105	PC	8546.28023954137
106	106	PC	12746.4308849945
106	5850	PC	12.0288530173512
111	58	PC	359.691523234015
111	105	PC	135.194127213497
111	106	PC	236.328383755399
118	58	PC	16154.5544467826
118	101	PC	41119.963365404
118	105	PC	5490.43489803019
119	60	PC	28116.2976597785
119	101	PC	6173.1862465043
119	105	PC	19685.9383736697
119	125	PC	41401.8482092631
119	4002	PC	15.1969296057359
119	5101	PC	12731.0822048642
121	60	PC	8284.62835849316
121	101	PC	2126.42377642109
121	105	PC	6014.89499685712
121	221	PC	16073.1938904232
122	60	PC	5100.12094876192
122	101	PC	1826.66497048527
122	105	PC	13058.7694809875
122	122	PC	24504.4787076776
123	58	PC	3823.75671885624
123	101	PC	3195.81372454326
123	105	PC	9543.46104334659
123	138	PC	17167.6215767436
124	58	PC	1497.2734235432
124	101	PC	1082.71790919864
124	105	PC	4310.82997706665
124	124	PC	5746.38287891543
125	58	PC	7650.71502022896
125	101	PC	3313.24437051298
125	105	PC	12414.4598033822
125	125	PC	20268.7765036693
127	58	PC	2123.71640260227
127	101	PC	563.82284312116
127	105	PC	3102.93881073051
127	124	PC	4447.75602711152
128	58	PC	15206.3060282345
128	101	PC	4117.79048773574
128	105	PC	11239.0789294123
128	128	PC	34043.145028708
135	58	PC	3228.31736909327
135	105	PC	10280.0775689269
136	58	PC	1811.71243399861
136	101	PC	549.705404918631
136	105	PC	2394.18871093041
136	136	PC	3732.32940345851
137	58	PC	14005.4365465141
137	101	PC	3659.67773255213
137	105	PC	15731.9509775202
137	137	PC	29644.2978937126
137	5810	PC	56.6641974037863
138	58	PC	4681.78083327444
138	101	PC	3601.90394377241
138	105	PC	7749.84215531665
138	138	PC	14285.7946149776
211	58	PC	3994.96926981907
211	101	PC	7509.15062960465
211	105	PC	6029.49609180497
211	213	PC	20594.0589693033
213	60	PC	8873.999534153
213	101	PC	996.229502609597
213	105	PC	1084.70722106325
213	213	PC	9754.02370456397
214	60	PC	3926.42288020287
214	101	PC	5845.97753739104
214	105	PC	5226.50857262802
214	213	PC	13464.7026486145
215	58	PC	1202.77493029673
215	101	PC	4585.39848293636
215	105	PC	1737.78377034776
215	213	PC	6421.52444094428
216	60	PC	5249.50207946273
216	101	PC	794.392988502929
216	105	PC	185.632857425212
216	213	PC	5114.62917361465
217	60	PC	523.737258161267
217	101	PC	351.435793899426
217	105	PC	941.293587588185
217	213	PC	1316.09875512773
219	50	PC	12889.0180283673
219	54	PC	13891.1207942869
219	56	PC	1200.94480085432
219	60	PC	559.637051808998
219	62	PC	144.181301515677
219	101	PC	2636.42265608781
219	105	PC	754.048129433832
219	220	PC	16907.8741607569
219	6030	PC	2893.98572382985
220	60	PC	399.435605680468
220	101	PC	2926.93273171585
220	105	PC	223.177460738259
220	220	PC	4396.38979407902
221	60	PC	47506.7088643719
221	101	PC	22123.0814184856
221	105	PC	27547.6917531427
221	221	PC	85182.9636041194
226	54	PC	23.7318970207747
226	60	PC	7503.6567704927
226	101	PC	11573.0150347629
226	105	PC	426.920166028462
226	227	PC	16354.5018047906
227	60	PC	3902.03026512467
227	101	PC	5254.1982618892
227	105	PC	1582.46599116438
227	227	PC	8401.6751975148
228	60	PC	134.10882131993
228	101	PC	830.021788643864
228	105	PC	473.632923873396
228	227	PC	1477.18080817463
229	60	PC	13259.2855203729
229	101	PC	1924.2776682463
229	105	PC	1220.92916294294
229	138	PC	17436.3736741434
230	60	PC	140.546044743286
230	101	PC	853.621627098404
230	105	PC	47.5540646762066
230	227	PC	1560.08381271505
231	50	PC	18075.4766125542
231	52	PC	22252.4943336189
231	55	PC	97.5024774524416
231	56	PC	8921.21919796147
231	60	PC	4548.30067506541
231	101	PC	687.982532157503
231	227	PC	4239.77688876881
231	4003	PC	27.2282626799817
233	60	PC	1830.3171933744
233	101	PC	8331.24341977337
233	105	PC	319.331441747504
233	227	PC	11105.6529920703
234	60	PC	320.788300597272
234	101	PC	3918.45467324029
234	105	PC	181.509614765397
234	235	PC	6045.8564580022
235	60	PC	5245.7666045496
235	101	PC	1272.44820038413
235	105	PC	8983.69905008751
235	235	PC	13860.6614606167
235	5800	PC	26.336825394206
235	5810	PC	119.156630883725
236	60	PC	82914.4953739594
236	101	PC	9049.12288762373
236	105	PC	1371.98160315077
236	236	PC	78800.3158295361
236	5800	PC	56.6475661255382
236	5810	PC	19.3116702700699
237	60	PC	6835.26196105372
237	101	PC	1031.43500940257
237	105	PC	28848.1637184962
237	237	PC	52292.4872427103
238	60	PC	3407.91259859171
238	101	PC	19595.3382100743
238	105	PC	1030.90149602263
238	235	PC	28036.0200785127
239	60	PC	28420.6790906936
239	101	PC	3639.41455113748
239	105	PC	2674.39425068401
239	239	PC	34370.8887791688
301	50	PC	9381.93714834369
301	54	PC	6791.82218222918
301	56	PC	3846.34252355976
301	60	PC	442.420612614813
301	101	PC	1816.14502893608
301	105	PC	5349.3256793629
301	308	PC	17692.5374715704
301	4004	PC	16.1604620074032
301	6000	PC	9.73470366628251
301	6030	PC	2129.94675777231
307	5101	PC	4269.60687117654
402	50	PC	55697.8909322507
402	54	PC	1737.86537909013
402	55	PC	41543.1783380469
402	56	PC	2226.53730467285
402	60	PC	62529.6495620885
402	101	PC	66653.5940897381
402	105	PC	14748.4480976809
402	402	PC	118640.566827225
403	60	PC	11100.6344792259
403	101	PC	18813.1944440474
403	105	PC	6586.04788396525
403	403	PC	33270.8373935131
412	55	PC	220189.245246704
412	60	PC	16556.1382381622
412	101	PC	20576.1351022577
412	105	PC	73498.302355238
412	412	PC	120954.212911004
412	4001	PC	63.7061364546747
415	101	PC	1450.14288870331
415	105	PC	3634.65713752397
415	415	PC	52380.9574233169
415	426	PC	33930.6025516537
417	60	PC	34717.7137277825
417	101	PC	47306.6027124977
417	105	PC	5372.9253362968
417	417	PC	68039.1479855682
417	3001	PC	71.355134109266
417	5605	PC	5149.17099074995
417	5850	PC	.948134806766897
417	6010	PC	776.618285542773
418	60	PC	19029.4721639373
418	101	PC	25725.0117848575
418	105	PC	13907.8641309094
418	402	PC	67711.1408796962
419	60	PC	25726.0481717057
419	101	PC	24599.6841027848
419	105	PC	17291.697863439
419	236	PC	57154.0672718916
420	59	PC	109038.960319829
420	60	PC	37742.9880817829
420	101	PC	30883.7984429767
420	105	PC	8645.8991651676
420	420	PC	67938.2544843862
423	50	PC	5.30127929684011
423	57	PC	498.585317867813
423	59	PC	1324.25956835066
423	101	PC	16795.3380951763
423	105	PC	30164.9180161736
423	423	PC	89141.5764553555
423	426	PC	34156.5351156807
423	4001	PC	126.170447264795
423	4004	PC	49.8320253902971
423	4005	PC	561.935605465052
423	5101	PC	344.222667302422
423	6020	PC	659.846563058168
425	101	PC	41913.0903741435
425	105	PC	28121.95648732
425	426	PC	169606.560665775
426	101	PC	6832.53765610528
426	105	PC	309.71082006711
426	426	PC	100244.020023919
427	54	PC	8415.40038082486
427	55	PC	2296.92759578374
427	59	PC	1431.7515347052
427	101	PC	16898.1311232662
427	105	PC	3509.88939152316
427	426	PC	121373.396635951
427	427	PC	165860.900091152
427	5101	PC	56469.0397909506
428	60	PC	100473.541452241
428	101	PC	15932.4872887241
428	428	PC	119989.854187152
429	60	PC	28086.320212889
429	101	PC	50261.0400888311
429	423	PC	80481.1017307311
430	60	PC	44771.2926570166
430	101	PC	6854.47283361333
430	430	PC	45506.748059973
432	101	PC	5675.19447785749
432	430	PC	42559.6577779789
432	1719	PC	47337.9081224514
434	434	PC	7655.30105933605
434	1719	PC	7794.62848555467
436	436	PC	1464.31832911212
436	1719	PC	1880.42158108646
437	437	PC	18188.6484072863
437	1719	PC	28517.9784091444
438	438	PC	17646.8019215618
438	1719	PC	29947.1827581621
439	438	PC	1063.58238209728
439	1719	PC	5553.11998164595
441	1640	PC	53.2603797070482
441	1719	PC	169.993468825897
501	60	PC	54637.7315809362
501	521	PC	53798.3671384189
502	101	PC	13661.1293055647
502	105	PC	3637.42319354288
502	502	PC	181957.37339321
511	512	PC	3890.07358342924
511	1719	PC	3449.10461266961
512	512	PC	441.168012446036
512	1719	PC	1822.22792417228
513	513	PC	5814.37153257834
513	1438	PC	5967.58966670703
514	513	PC	676.722289232608
514	1719	PC	1155.30300667983
515	515	PC	5107.59644315926
515	1719	PC	7686.96609626336
516	519	PC	10883.9139243771
516	1719	PC	11728.6534385756
517	517	PC	11238.9413150544
517	1719	PC	15556.6801226743
519	519	PC	6386.28563222489
519	1719	PC	9131.05311076149
520	60	PC	20455.6523097658
520	519	PC	13529.1893425829
521	60	PC	25685.1035140429
521	521	PC	19853.7867030771
522	60	PC	30736.1828982754
522	101	PC	6288.22484163148
522	522	PC	30502.0744889216
528	60	PC	34023.0052837539
528	101	PC	5827.9440146339
528	105	PC	2903.3666902634
528	605	PC	52971.8887681784
529	60	PC	18504.1923703611
529	101	PC	3952.58925319362
529	105	PC	886.484363483145
529	529	PC	34373.6252583579
532	60	PC	16330.6348958517
532	101	PC	2250.63483839803
532	532	PC	18707.51908239
533	60	PC	8901.84690137568
533	101	PC	14633.9483912794
533	532	PC	30006.1858614605
534	60	PC	13926.0195133349
534	101	PC	24612.0155421982
534	534	PC	41315.1154898924
536	60	PC	56663.8312196591
536	101	PC	8187.32825121513
536	105	PC	2053.3160671583
536	536	PC	64680.3661694411
538	60	PC	62470.9869496759
538	101	PC	1733.01338940688
538	105	PC	9987.56889941335
538	538	PC	70084.7947516223
540	58	PC	47360.3150288629
540	101	PC	9561.02513189654
540	540	PC	44198.8777394364
541	60	PC	11439.8822395452
541	101	PC	2162.07791224026
541	541	PC	14363.369788134
542	101	PC	4683.84927231246
542	542	PC	19458.1252993807
542	1719	PC	25420.6140149091
543	101	PC	2444.57898017233
543	542	PC	6913.53519006254
543	1719	PC	11419.5440375767
544	101	PC	760.632973282011
544	544	PC	1862.50944473307
544	1719	PC	3605.70444796385
545	545	PC	750.221249197625
545	1719	PC	1262.20632394763
602	101	PC	1272.95815456497
602	105	PC	54.0534564981934
602	624	PC	12691.5285199816
602	5820	PC	25.5810058402843
604	101	PC	4174.91523465569
604	105	PC	110.091718061747
604	624	PC	35056.477181018
604	631	PC	33811.89171161
605	57	PC	15920.3748421347
605	60	PC	64617.6337375285
605	101	PC	58923.5783689039
605	105	PC	5918.14578106391
605	605	PC	126296.6352604
605	5101	PC	111155.556483787
605	5605	PC	.815723431313725
605	5870	PC	2979.05521895787
605	6020	PC	8104.24257129124
612	60	PC	2279.43022940077
612	101	PC	6889.47697661546
612	105	PC	133.822384771211
612	605	PC	7741.54490956505
615	58	PC	8796.10414711879
615	101	PC	4001.90377252746
615	616	PC	9475.84945297181
616	58	PC	32479.568718357
616	101	PC	608.717120589994
616	616	PC	20023.9296585481
617	617	PC	14542.8016772953
617	1719	PC	18986.5271373933
618	617	PC	1892.69741487368
618	1719	PC	3050.88212060896
619	617	PC	19638.5888425797
619	1719	PC	32672.0024829487
620	617	PC	8268.40267533372
620	1719	PC	16342.2895591396
621	60	PC	32682.8960511991
621	101	PC	5347.72395559875
621	621	PC	37460.3730876261
622	60	PC	22628.8116060846
622	101	PC	3115.47925218398
622	622	PC	26090.3288644927
623	60	PC	43133.2290511405
623	101	PC	5275.12210926124
623	105	PC	992.749587548292
623	623	PC	46279.0976742922
624	101	PC	4978.37378964755
624	624	PC	69330.6005956291
625	101	PC	2326.9483536444
625	624	PC	9128.90741960138
626	60	PC	18991.9793673169
626	101	PC	1150.98269497832
626	105	PC	3572.76742376982
626	220	PC	22225.400661756
627	57	PC	118.20051002554
627	60	PC	5954.35069253656
627	101	PC	1132.75211233131
627	105	PC	78.310946685991
627	220	PC	7295.24833447669
628	52	PC	15105.3613740519
628	60	PC	11335.6055698202
628	101	PC	1209.1289035207
628	105	PC	626.635611260925
628	220	PC	12163.9182637978
631	60	PC	19159.8454083888
631	101	PC	2682.45172406719
631	631	PC	22120.1365710742
632	58	PC	14021.0549907247
632	101	PC	1948.76492818719
632	631	PC	18762.3736528312
633	58	PC	21655.3703048125
633	101	PC	2781.53327423543
633	633	PC	20337.5459789999
701	58	PC	1339.14432658243
701	101	PC	2197.8015500819
701	105	PC	326.488254100949
701	714	PC	1795.18258248355
702	58	PC	32157.9795955574
702	714	PC	22651.9750213385
704	58	PC	2186.94792902311
704	101	PC	2999.66983369038
704	105	PC	447.532845879768
704	714	PC	3710.93092432797
706	58	PC	59070.8770569701
706	709	PC	50654.2220223911
709	58	PC	62664.9562019471
709	59	PC	22521.1184879764
709	709	PC	57928.9453315548
709	4001	PC	236.761296790773
709	4002	PC	170.212175530664
709	4003	PC	31.6748221382251
709	4004	PC	75.6143060471434
709	4005	PC	44.2594316072842
709	5101	PC	25.5958158692728
709	5700	PC	3.37247607940789
711	58	PC	3459.0425372484
711	105	PC	703.520604733105
711	714	PC	3708.12592839434
713	60	PC	6676.85106407415
713	101	PC	712.854105020645
713	105	PC	922.068103775182
713	714	PC	7269.88940704716
716	58	PC	20498.6493744665
716	101	PC	3354.54891309124
716	105	PC	694.939019766084
716	701	PC	13840.9266441745
720	50	PC	229.338510188684
720	54	PC	14684.0422761966
720	57	PC	348.455038290313
720	4001	PC	19.5807991399937
723	58	PC	2139.84772888752
723	722	PC	1087.64986786303
805	101	PC	7389.32210373657
805	806	PC	10972.596813154
805	815	PC	3510.98349494502
806	101	PC	7683.55231657646
806	714	PC	54198.2479125573
806	5101	PC	45820.9807822027
807	60	PC	30440.148062237
807	101	PC	3266.38528415214
807	714	PC	38190.5677105945
807	5850	PC	14.3076341834072
811	101	PC	6423.03602927587
811	105	PC	158.900797725775
811	811	PC	7460.10972916961
811	5101	PC	708.061799563842
814	101	PC	2902.48497921833
814	714	PC	19838.5572086449
814	815	PC	14899.8550915574
814	5840	PC	1698.79547790852
815	101	PC	4132.50155953303
815	815	PC	3809.93475694969
815	911	PC	8446.08386269119
817	101	PC	2962.49155404568
817	815	PC	30177.5167391119
817	830	PC	27981.002944174
819	101	PC	2262.86414674264
819	821	PC	18860.6497615683
819	5101	PC	14911.425341603
821	821	PC	14298.6955898854
821	5101	PC	9176.30338091523
822	821	PC	14514.0246736521
822	5101	PC	12780.8052212636
826	101	PC	2213.82789754184
826	834	PC	14037.0223363596
826	5101	PC	12531.2218950498
827	714	PC	19893.1992572174
827	5101	PC	23551.3878397585
828	101	PC	3485.07134421149
828	828	PC	16425.3069080401
828	5101	PC	13998.8958772067
829	101	PC	1809.09584204878
829	828	PC	11952.2630201835
829	5101	PC	10253.3616427647
830	101	PC	618.434960298041
830	830	PC	14896.8504078183
830	5101	PC	10019.2529784387
831	831	PC	17645.743236524
831	5101	PC	12265.7303906609
833	834	PC	10445.3428140002
833	5101	PC	10490.5617780482
834	101	PC	2659.53369686049
834	834	PC	11270.559809333
834	5101	PC	10525.0022974754
901	815	PC	3614.68274805485
901	901	PC	3734.74113391583
904	904	PC	8350.46129579893
904	1071	PC	10541.4884704181
906	101	PC	1451.51675205643
906	906	PC	12644.6885197609
906	929	PC	14619.7671174594
911	815	PC	6227.34460693692
911	911	PC	7072.32646704719
912	815	PC	16163.0891397287
912	929	PC	22073.536198508
914	901	PC	9697.29605740524
914	5101	PC	8407.02457807351
919	101	PC	1569.0447262427
919	906	PC	18465.2099433309
919	929	PC	30210.1377294049
926	1071	PC	7396.05955961287
926	1074	PC	5671.96174682681
928	1014	PC	28306.8262090479
928	1075	PC	40687.0449263624
929	101	PC	1181.98901597965
929	929	PC	38626.1932227245
929	5101	PC	23976.1750782227
935	929	PC	7911.13583413737
935	1014	PC	5793.06991506439
937	929	PC	14492.7038134276
937	1014	PC	10966.1423317745
938	929	PC	6203.82159809997
938	1014	PC	4361.29173146729
940	834	PC	8029.52168639257
940	5101	PC	3615.29805269975
941	834	PC	98.6193234065648
941	5101	PC	350.989876047556
1002	50	PC	3690.11518799917
1002	52	PC	9197.69201437682
1002	57	PC	3770.26344171613
1002	59	PC	3137.19355583657
1002	1002	PC	23561.3966505505
1002	1071	PC	13244.576023054
1002	4001	PC	1623.41016429329
1002	4003	PC	32.7213791059967
1002	5101	PC	181735.050799874
1002	5605	PC	26.6986790126283
1002	5810	PC	40746.5093592708
1002	6020	PC	1763.68871639692
1003	1032	PC	15734.4247107785
1003	5101	PC	9054.4639857218
1004	1034	PC	10443.3488423934
1004	5101	PC	4629.54163220247
1014	1014	PC	31327.601922112
1017	1017	PC	9978.13629414002
1017	1071	PC	6167.81254040824
1018	1017	PC	4470.38993517699
1018	1071	PC	3356.26212287161
1021	1021	PC	46358.0214631287
1021	1071	PC	24517.0659626752
1026	929	PC	4654.72321949429
1026	5101	PC	3140.87301658605
1027	1014	PC	12266.0460105628
1027	1021	PC	22687.6244249043
1029	1029	PC	29607.3423053755
1029	1071	PC	14846.4397058422
1032	1032	PC	22158.0470355096
1032	1071	PC	9163.97404797443
1034	1014	PC	5157.58054998004
1034	1034	PC	10659.8237446158
1034	5101	PC	4418.94542581121
1037	1034	PC	13035.0193578613
1037	5101	PC	7356.16791801179
1046	1046	PC	492.663057521194
1046	5101	PC	405.723626486619
1071	1071	PC	8335.13661413526
1071	1075	PC	10384.9286622111
1101	1114	PC	2826.32863324229
1101	2303	PC	26.8854961536112
1101	5101	PC	3577.09458072528
1102	1102	PC	1136.56160478589
1102	5101	PC	1185.86286126814
1106	1106	PC	1.61059227893561
1106	5101	PC	74.6421302747227
1111	5101	PC	33.9765587958472
1112	1046	PC	10339.6724203919
1112	5101	PC	13482.3232371771
1114	1114	PC	5255.583112414
1114	5101	PC	7711.61707919494
1119	1121	PC	3396.91362071222
1119	5101	PC	3193.29115947705
1120	1121	PC	63.4090542532947
1120	5101	PC	99.6229714295089
1121	1121	PC	23.057837910289
1124	5101	PC	98.3763599969963
1129	1130	PC	1232.90704408233
1129	5101	PC	1543.01182038767
1130	1130	PC	761.549630287556
1130	5101	PC	2482.93378166332
1133	1133	PC	7111.35656237037
1133	5101	PC	8903.06057972816
1134	1134	PC	7469.18442933169
1134	5101	PC	8704.33870617945
1135	1134	PC	3704.66370872202
1135	1238	PC	3069.55309861989
1141	1133	PC	50.2831517682384
1141	5101	PC	276.950839556761
1142	1102	PC	84.3098480012354
1142	5101	PC	326.139019555259
1145	1106	PC	330.976713321267
1145	5101	PC	1443.79206274249
1146	1106	PC	9447.73430823627
1146	5101	PC	7427.95827848169
1149	50	PC	889.936792942584
1149	52	PC	53212.971809892
1149	54	PC	13621.5596486103
1149	55	PC	583.882732493285
1149	56	PC	16951.9635435308
1149	62	PC	176.645932875865
1149	1106	PC	857.640388533211
1149	3001	PC	74.2582564618813
1149	5101	PC	527.826492656968
1159	1154	PC	9665.07828916146
1159	5101	PC	14540.286977516
1173	4001	PC	139.779975856602
1173	4005	PC	95.3716037840445
1211	1154	PC	6215.07517972115
1211	1238	PC	4538.92242442416
1216	1106	PC	214.209092436858
1216	1238	PC	774.225388258098
1219	1219	PC	76.1302361779445
1219	1238	PC	182.600327419363
1221	1219	PC	6901.62885528722
1221	1238	PC	6682.12855310628
1222	1219	PC	2387.95174144819
1222	1238	PC	2269.46121221208
1223	1224	PC	104.995910502623
1223	1238	PC	322.420006700475
1224	1224	PC	8374.27060379792
1224	1238	PC	7164.1934174934
1227	1234	PC	1859.84489519417
1227	1238	PC	1722.10450123225
1228	1234	PC	4879.4377492463
1228	1238	PC	3422.5796995184
1231	1234	PC	15228.8076297215
1231	1238	PC	13182.5451622437
1232	1234	PC	500.433368327715
1232	1238	PC	542.792507266385
1233	1233	PC	1220.6094226285
1233	1238	PC	977.549268090815
1234	1234	PC	4254.17670211715
1234	1238	PC	3550.75812787928
1234	5101	PC	52171.2375051186
1235	1234	PC	9161.33197107211
1235	1238	PC	8976.62404417931
1238	1234	PC	956.797569610016
1238	1238	PC	1473.76766965649
1241	1224	PC	5563.2559244245
1241	1238	PC	6500.74229371161
1242	1238	PC	3788.01196998669
1243	1224	PC	3280.80781685025
1243	1238	PC	1707.25557398934
1245	1238	PC	735.387117492779
1245	1245	PC	437.040912134914
1246	1238	PC	433.050215728448
1246	1245	PC	522.19961927885
1251	1235	PC	1941.09898135776
1251	1238	PC	882.065416368544
1252	1234	PC	34.2938196992837
1252	1238	PC	120.735198394337
1253	1238	PC	3116.16549244227
1253	1253	PC	6221.61552000624
1256	1234	PC	264.062411684485
1256	1238	PC	312.315017334111
1259	1238	PC	77.8293014442833
1259	1245	PC	50.6131938685654
1260	1234	PC	18031.6903978834
1260	1238	PC	9298.6058994779
1263	1234	PC	12837.8914044269
1263	1238	PC	9423.33234410015
1264	1234	PC	295.784194906322
1264	1238	PC	544.805110109983
1266	1238	PC	249.452889244498
1266	1432	PC	163.574421901032
1271	50	PC	3897.40757058485
1271	54	PC	17818.9391973762
1271	56	PC	15066.8010538633
1271	62	PC	7603.39135355247
1271	1234	PC	6849.33313943944
1271	1238	PC	4919.2109759015
1273	5930	PC	1.49158533613895
1401	1401	PC	40.4262121955115
1401	1438	PC	248.152863847936
1411	1429	PC	226.005654897651
1411	1438	PC	420.173703838716
1412	1429	PC	6.50375985316982
1412	1438	PC	54.5813879986568
1413	1429	PC	14.6634881260444
1413	1438	PC	30.5797793719799
1416	52	PC	15724.039480894
1416	57	PC	2839.87653655672
1416	1430	PC	902.840847724633
1416	1438	PC	1498.41357618954
1416	5101	PC	58495.396829142
1416	5501	PC	4051.5938244154
1416	5810	PC	40322.7512094274
1417	1238	PC	1537.69757937974
1417	1420	PC	1380.23416019965
1418	1238	PC	327.740835444563
1418	1420	PC	558.50591934393
1419	1238	PC	232.575461027051
1419	1420	PC	368.277809860176
1420	1420	PC	4519.47943854725
1420	1438	PC	9368.06052640797
1421	1238	PC	51.9141654078238
1421	1420	PC	25.0364300562839
1422	1420	PC	286.707505483251
1422	1719	PC	266.713094271571
1426	1426	PC	1306.65208031058
1426	1719	PC	3171.15568779585
1428	1429	PC	5260.1190461038
1428	1438	PC	4739.86580265689
1429	1429	PC	2756.73576769634
1429	1438	PC	2112.04342862475
1430	1430	PC	6026.66320103234
1430	1438	PC	4870.33952797733
1431	1431	PC	230.815416588373
1431	1438	PC	1049.90575843798
1432	57	PC	4136.9562604105
1432	1432	PC	2416.48429806611
1432	1438	PC	4341.30934484208
1432	5101	PC	104801.854734953
1433	1433	PC	1706.72212386151
1433	1438	PC	1728.77686049593
1438	1438	PC	5138.62788023452
1438	2301	PC	86.0986338152177
1439	1438	PC	224.350845512803
1439	2303	PC	18.5814874698642
1441	1438	PC	2648.19901779183
1443	1438	PC	2592.81246409586
1443	1449	PC	1494.29145322831
1444	1438	PC	3182.17717321901
1444	1449	PC	1712.50280925221
1445	1431	PC	6782.20987940763
1445	1438	PC	11536.2503130196
1449	1438	PC	6145.67160079
1449	1449	PC	4004.96659896339
1502	1438	PC	2698.96753803154
1502	1535	PC	2158.98041628701
1503	1719	PC	93.308308350836
1504	1438	PC	81.2400206406399
1504	1528	PC	20.3391872143055
1511	1438	PC	124.329420278925
1514	1438	PC	521.669155824985
1514	1528	PC	267.29006447331
1515	1438	PC	7.25980932559621
1517	1438	PC	32.1505841562118
1519	1438	PC	9786.88408915441
1519	1528	PC	15284.232319063
1520	1438	PC	4485.43974370312
1520	1528	PC	3514.56062244795
1523	1438	PC	1346.97960148617
1523	1523	PC	1208.64693156595
1524	1438	PC	4433.0974226127
1524	1523	PC	5087.84349701502
1525	1438	PC	2543.51472030448
1525	1528	PC	4262.75465366487
1526	1438	PC	18.0533379201422
1528	1438	PC	3371.96233819545
1528	1528	PC	7069.56248923903
1529	1438	PC	3881.46765283057
1529	1529	PC	3646.44851395737
1531	1438	PC	135.400034401067
1531	1528	PC	103.390868339386
1532	1438	PC	38.1126022758558
1532	1528	PC	35.5935776250347
1534	1529	PC	5202.65969466694
1534	1719	PC	5074.62067613549
1535	1438	PC	6216.71137968168
1535	1535	PC	7616.44881054182
1539	1535	PC	8241.28701175207
1539	1719	PC	5088.71366014195
1543	1535	PC	3559.11128031472
1543	1719	PC	4568.12383797132
1545	1529	PC	89.053656410686
1545	1719	PC	50.8145443951407
1548	1548	PC	2129.23034405658
1548	1719	PC	4243.53297275338
1551	1548	PC	2194.55430412666
1551	1719	PC	1524.43633185422
1554	1548	PC	70.2668022040862
1554	1719	PC	156.550606233069
1557	1535	PC	9850.24537986848
1557	1719	PC	11458.1612453451
1560	1566	PC	10020.5565699451
1560	1719	PC	5916.92436080315
1563	1566	PC	3026.31532536449
1563	1719	PC	3646.85781240638
1566	1566	PC	24082.863218719
1566	1612	PC	21846.7573442283
1567	1566	PC	6381.94251805206
1567	1719	PC	6412.06190576186
1569	1612	PC	16138.2018042862
1571	1612	PC	3312.7035498249
1573	1719	PC	78.7936826073727
1612	1612	PC	6437.01702795072
1613	1612	PC	568.56435761674
1613	1638	PC	486.285830059186
1617	1719	PC	139.576029876495
1620	1719	PC	122.657723224798
1621	1719	PC	136.461722100429
1622	1612	PC	3323.52628937246
1622	1638	PC	3808.68388131972
1627	1627	PC	2177.99348088097
1627	1719	PC	3025.25140841104
1630	1630	PC	3203.77073139261
1630	1702	PC	4491.13826064205
1632	1630	PC	20.5699565418466
1632	1702	PC	17.423402654248
1633	1630	PC	1881.29394205639
1633	1702	PC	2845.13916283486
1634	1635	PC	836.878262005188
1634	1719	PC	1966.38448411739
1635	1635	PC	15548.808073608
1635	1719	PC	22599.7806931272
1636	1612	PC	9103.08902230426
1636	1638	PC	6275.91832389741
1638	1612	PC	17033.7034101626
1638	1638	PC	14592.7383078549
1640	1640	PC	54.2005923698905
1640	1719	PC	307.360466443202
1644	1640	PC	3527.89228843421
1644	1719	PC	5831.51366333086
1648	1648	PC	24406.9994971442
1648	1719	PC	27951.9944942757
1653	1612	PC	26566.0644389328
1653	1653	PC	21787.1220808889
1657	1612	PC	9108.68384647085
1657	1653	PC	7478.24375085207
1662	1653	PC	2900.34588715479
1662	1719	PC	1905.46283943097
1663	1714	PC	2230.35774585163
1663	1719	PC	1816.95773486724
1664	1664	PC	13251.0780741229
1664	1719	PC	14661.6514983757
1664	5850	PC	73.2739269216044
1665	1665	PC	4754.5690456718
1665	1719	PC	5130.17235512372
1671	1653	PC	8414.70850884165
1671	1719	PC	9622.06672086428
1677	52	PC	.641529597978858
1702	62	PC	3217.34902502921
1702	1702	PC	46208.6495056239
1702	1703	PC	34064.1123475761
1703	1702	PC	9577.16244622741
1703	1703	PC	6564.55225131086
1711	1664	PC	6088.86038450967
1711	1719	PC	11841.5049350106
1714	1664	PC	14858.4875191309
1714	1719	PC	17236.7098076546
1717	1719	PC	1253.96525683399
1719	1719	PC	21326.6924596974
1721	1719	PC	14308.8398992832
1721	1721	PC	9731.1695368563
1724	1702	PC	7057.67839448282
1724	1703	PC	2112.00926732436
1725	1702	PC	18647.4632949673
1725	1703	PC	11571.1319796796
1729	1702	PC	34727.3812732298
1729	1729	PC	17570.9495240558
1736	1702	PC	17654.433407725
1736	1736	PC	13817.5557768919
1738	1702	PC	21605.5312725444
1738	1738	PC	12701.0227551405
1739	1702	PC	86.4994657890009
1740	1743	PC	1049.27297430238
1740	1826	PC	1473.19491440257
1742	1702	PC	6420.29564309184
1742	1743	PC	5300.98002632574
1743	1702	PC	16030.6051038921
1743	1703	PC	15854.5367681535
1744	1702	PC	15736.4564744682
1744	1703	PC	11624.3197017304
1748	1702	PC	3021.7086477187
1748	1703	PC	1445.1812792065
1749	1702	PC	814.108327900613
1749	1703	PC	616.44738180842
1751	1702	PC	661.335431780382
1751	1751	PC	348.037623070856
1804	1702	PC	1629.40816308696
1804	1804	PC	223.282558722777
1805	51	PC	2.21765392657965
1811	1702	PC	2240.47754883264
1811	1751	PC	1601.60242384061
1812	1702	PC	2982.3509723851
1812	1813	PC	1106.68461651987
1813	1702	PC	11183.5685251412
1813	1813	PC	2630.65676586372
1815	1702	PC	6429.2395090507
1815	1813	PC	65.0524290714188
1820	1702	PC	44.9790014254349
1822	1702	PC	2494.76554417819
1822	1832	PC	1237.47777955358
1824	1826	PC	24871.5346972423
1824	1832	PC	14841.1556485482
1825	1826	PC	11983.2605443226
1826	1826	PC	30428.5725996265
1827	1702	PC	87.8659562729425
1828	1702	PC	3608.72837308716
1828	1833	PC	757.150768958119
1832	1826	PC	10887.443820506
1832	1832	PC	6123.14039752707
1833	1702	PC	13528.0406776214
1833	1833	PC	4540.47265196405
1837	1702	PC	3629.49677203433
1838	1702	PC	669.008826084973
1839	1702	PC	2258.77202170023
1840	1702	PC	4195.42868269288
1840	1840	PC	2107.74891839036
1841	1702	PC	7777.35149376116
1841	1840	PC	2652.62621202018
1845	1702	PC	984.186317485005
1845	1840	PC	466.441664837773
1848	1702	PC	132.810641030202
1849	1931	PC	7579.7091769788
1851	1931	PC	106.292227263182
1854	1931	PC	23.4037931588657
1860	1702	PC	325.718725609204
1865	1702	PC	1553.18607742267
1866	1702	PC	1244.10995062596
1867	1702	PC	175.22675360929
1870	1931	PC	6723.63464015488
1922	1931	PC	3000.51984038224
1924	1931	PC	10665.0549532435
1925	1931	PC	472.139377126071
1931	1931	PC	580.643457583615
1933	1931	PC	207.37042162327
1972	2301	PC	226.540099092361
1973	2301	PC	592.210989636422
2012	1702	PC	5319.94543853959
2030	1702	PC	3001.47381721358
3001	233	PC	3.99600471595693
3001	235	PC	94.6088225510115
3001	303	PC	40.5938868322199
3001	306	PC	49.9556361891522
3001	417	PC	5557.39015448556
3001	436	PC	2.47883626531341
3001	438	PC	3.63157881302235
3001	815	PC	196.765864561266
3001	1130	PC	61.6545039142373
3001	1271	PC	179.251047742917
3001	1671	PC	12.2127753225836
3001	1717	PC	1.02846285945575
3001	1744	PC	168.694734712464
3001	1805	PC	20.8241947555945
3001	1866	PC	20.4604886172249
3001	1870	PC	21.3703047965941
3001	1871	PC	21.05746517254
3001	1901	PC	21.5208265361212
3001	1933	PC	4.31978426294072
3001	1938	PC	4.58709907872866
3001	1940	PC	7.43870245524015
3001	1941	PC	62.5588708775427
3001	1971	PC	2.26146922151549
3001	1972	PC	53.8850077781457
3001	2002	PC	36.4785869249259
3001	2003	PC	444.104030702999
3001	2004	PC	112.069220174268
3001	2011	PC	1.65879169790167
3001	2012	PC	540.410332157766
3001	2017	PC	78.8594277140012
3001	2020	PC	373.079112208968
3001	2021	PC	106.803402447278
3001	2023	PC	7.08859852947641
3001	2025	PC	124.957334436754
3001	2027	PC	14.8392153108686
3001	2028	PC	104.311069422688
3001	2030	PC	635.21305361271
4001	106	PC	5.87420481892523
4001	119	PC	110.630123886667
4001	214	PC	7.89967225895975
4001	219	PC	23.6735220770255
4001	220	PC	5.25292274894425
4001	227	PC	6.50080124779835
4001	233	PC	6.46353762806034
4001	302	PC	241.491701009172
4001	305	PC	.562296852839984
4001	306	PC	22.5411983989362
4001	412	PC	8.98107754294815
4001	417	PC	616.908113625721
4001	604	PC	6.67125430689863
4001	626	PC	128.497591486612
4001	628	PC	6.64052145994003
4001	709	PC	25.5229615708222
4001	720	PC	32.6472843085044
4001	806	PC	2.66896133401676
4001	906	PC	.708439611063932
4001	914	PC	.679724065097111
4001	1071	PC	8.44257374023878
4001	1102	PC	14.6931292517007
4001	1119	PC	80.3316578104417
4001	1235	PC	8.3204717355404
4001	1238	PC	25.4963954337048
4001	1260	PC	1.55369332554221
4001	1401	PC	2.56013931345765
4001	1523	PC	.773474088158689
4001	1528	PC	1.51413513518997
4001	1674	PC	969.836842991902
4002	626	PC	9.42295936955499
4002	704	PC	41.3436558396231
4002	1569	PC	36.1612762444913
4003	106	PC	1.23560859984289
4003	219	PC	1.64033814220622
4003	704	PC	4.23857644696087
4003	901	PC	3.01451556538715
4003	1674	PC	42565.6336335625
4004	219	PC	4.09071981142785
4004	628	PC	3.91800812311136
4004	709	PC	61.7876735035376
4004	720	PC	38.5858946582509
4005	211	PC	1.45974685125018
4005	231	PC	61.424960976941
4005	233	PC	33.6663397319372
4005	1119	PC	266.46550642517
4005	1529	PC	7.60957775505792
4005	1531	PC	2.39012570721219
5101	106	PC	64.2010074951155
5101	136	PC	4.078395358562
5101	217	PC	8.5466855572548
5101	233	PC	10.389612261488
5101	301	PC	1.0851342774105
5101	304	PC	4.13337511122725
5101	305	PC	240.090891305606
5101	412	PC	5572.50158119355
5101	417	PC	20.3924008198857
5101	709	PC	3.78588405919865
5101	722	PC	28.1469532849009
5101	1073	PC	16.5996498177642
5101	1102	PC	15.0086863899922
5101	1130	PC	11.6667911336985
5101	1432	PC	1.8576932789228
5101	1445	PC	1.92947545685641
5101	1504	PC	3.07681387467194
5101	1973	PC	1.10071510781728
5102	106	PC	28.5810448258741
5102	217	PC	39.2811207729848
5102	722	PC	8.55731509622833
5103	417	PC	22.0639090838107
5106	231	PC	51.0680798015287
5106	305	PC	182.716882601793
5106	704	PC	161.476736271334
5106	928	PC	2.41156823384236
5106	1231	PC	1.90027898745771
5106	1271	PC	3.88809280421232
5201	231	PC	.596938396277367
5302	104	PC	41.8441183212415
5302	1724	PC	1719.22833930702
5402	106	PC	69.5181756501772
5402	305	PC	.73986428005261
5402	1247	PC	1.23724388766594
5403	106	PC	12.2953183623711
5403	231	PC	22.0369757959061
5403	302	PC	135.533271248571
5403	602	PC	33.9380566908661
5403	1677	PC	8.06043171290518
5404	106	PC	46.9429988546869
5404	125	PC	34.1885433238216
5404	303	PC	60.8267086773919
5404	1102	PC	14.7818796968452
5501	106	PC	8.13273529240855
5501	1275	PC	37.7244696695883
5501	1677	PC	4.88511012903344
5605	104	PC	43.3385511184287
5605	233	PC	10.4695323558072
5605	306	PC	.611621138176824
5605	501	PC	.937812135930247
5605	709	PC	2.73316753829277
5605	1172	PC	.985116163931104
5605	1724	PC	100047.417170353
5700	220	PC	101.503244905455
5700	303	PC	22.9357926816309
5710	532	PC	14.6249849263755
5710	625	PC	10.7994215452433
5770	1449	PC	4.57129718552814
5790	217	PC	22.7911614860128
5800	106	PC	23.1119575806679
5800	128	PC	11.9969258083584
5800	219	PC	.627783733436947
5800	220	PC	22.9690538451935
5800	229	PC	70.5231403485633
5800	234	PC	74.746330577765
5800	304	PC	.73986428005261
5800	522	PC	28.8634295936618
5800	604	PC	22.7197555374305
5800	704	PC	23.9484579390933
5800	713	PC	492.47211696302
5800	720	PC	13.5553051807241
5800	723	PC	21.6437946227789
5800	1071	PC	18.3534211744321
5800	1149	PC	1.10796938152631
5800	1515	PC	65.3716715648434
5800	1525	PC	9.5065011036215
5800	1531	PC	23.9012570721219
5800	1743	PC	43.9454239746792
5810	105	PC	47.3858029152232
5810	106	PC	162.512914697369
5810	137	PC	41.180630769944
5810	231	PC	1393.1746251252
5810	235	PC	9.26528186027317
5810	304	PC	508.632030393501
5810	713	PC	645.128443239541
5810	906	PC	1147.47260946975
5810	1032	PC	4.25477936307765
5810	1072	PC	43.844283916699
5810	1102	PC	66.6614454640916
5810	1106	PC	1329.30888543231
5810	1121	PC	22.3812124387927
5810	1149	PC	22.7529426563438
5810	1246	PC	22.7830731371154
5810	1247	PC	22.327405056541
5810	1275	PC	114.64889038062
5810	1424	PC	68.1733589998947
5810	1449	PC	23.3533660565024
5810	1554	PC	22.8365209073756
5810	1563	PC	21.3617608561549
5810	1621	PC	9.97452671409724
5810	1671	PC	23.4078193682852
5810	1673	PC	209.571224535535
5810	1674	PC	14697.7290720952
5810	1743	PC	992.188467450071
5810	1751	PC	22.4454526151766
5810	1805	PC	807.891989038918
5810	1833	PC	2.93095364258371
5810	1901	PC	1.04000546985385
5820	106	PC	117.078978804786
5820	135	PC	24.0208192694309
5820	211	PC	142.075361344282
5820	213	PC	70.1466492548599
5820	216	PC	8.27457951602887
5820	217	PC	144.225318778675
5820	230	PC	11.3877059820699
5820	231	PC	16111.4568562856
5820	233	PC	79.7302840951307
5820	302	PC	7128.24706830954
5820	303	PC	21.8802529754225
5820	304	PC	2067.8121493193
5820	306	PC	189.740660833759
5820	403	PC	23.4934778616298
5820	412	PC	24.1914546611398
5820	419	PC	11.3088159114508
5820	436	PC	1.41102987410148
5820	501	PC	21.779847131393
5820	522	PC	21.5190207861318
5820	602	PC	47.5628239755203
5820	627	PC	23.9151155090016
5820	701	PC	215.23551319319
5820	713	PC	22.246500110468
5820	720	PC	20.0566264942366
5820	805	PC	21.7420846018991
5820	941	PC	36.0973121978487
5820	1071	PC	4.5373735681235
5820	1149	PC	44.5166269363248
5820	1247	PC	102.899789211061
5820	1272	PC	11.0561408201832
5820	1277	PC	23.9267249489989
5820	1401	PC	21.8399576817272
5820	1433	PC	.742523563781469
5820	1504	PC	64.8368371887798
5820	1528	PC	46.7968699116048
5820	1531	PC	59.7531426803047
5820	1532	PC	21.8680099143621
5820	1671	PC	23.1432092362959
5820	1672	PC	97.7022025806689
5820	1673	PC	24.1812951387155
5820	1743	PC	1506.0770121295
5820	1805	PC	2934.83282171936
5820	1818	PC	276.70952774707
5820	1820	PC	12.3571413905383
5820	1835	PC	22.0205982727812
5820	1851	PC	32.1119289591582
5820	1867	PC	95.5795360553427
5820	1868	PC	10.7631935794927
5820	1870	PC	33.6384427353796
5820	1901	PC	12.4800656382462
5820	1925	PC	399.302148871791
5820	2003	PC	173.115286466718
5820	2004	PC	4.83056983509778
5820	2012	PC	208.942195883082
5820	2018	PC	71.5963880400856
5820	2019	PC	1.67545661885862
5820	2020	PC	23.877063181374
5820	2021	PC	46.9238907907845
5820	2023	PC	12.5547385399446
5830	2003	PC	320.864090158381
5831	303	PC	40.7813191164999
5831	1743	PC	296.083788094132
5831	1805	PC	11226.3137519101
5831	2019	PC	8.28961385260864
5831	2025	PC	19.9340221089638
5835	1743	PC	64.424071230332
5840	106	PC	115.580043782025
5840	125	PC	6.41282214368793
5840	217	PC	8.5466855572548
5840	228	PC	.969963541608877
5840	231	PC	24.4247293810156
5840	235	PC	.96770721651742
5840	302	PC	2419.80997919713
5840	305	PC	385.390371050871
5840	306	PC	1989.84031905883
5840	308	PC	22.6891712549467
5840	516	PC	34.277530734376
5840	602	PC	4.12211141121176
5840	624	PC	4.24006785385441
5840	625	PC	8.3504820870283
5840	722	PC	21.8442001285454
5840	906	PC	.598681361462478
5840	1017	PC	12.6694903015849
5840	1173	PC	13.6207387972107
5841	220	PC	1.64777994976388
5841	312	PC	17.5002564375111
5841	516	PC	114.975663974475
5841	937	PC	11.6707811962107
5841	1272	PC	3.48931405506234
5842	106	PC	258.475139972053
5842	125	PC	.810248714610802
5842	217	PC	13.7795520616388
5870	704	PC	24.0486606919766
5920	1172	PC	9.14750723650311
6000	626	PC	34.8402822344489
6010	1805	PC	24.9890337067134
6020	106	PC	7743.08308206629
6020	231	PC	5722.56983385952
6020	302	PC	13133.9720509233
6020	303	PC	12876.5979300356
6020	304	PC	.858242564861028
6020	305	PC	74.2231845748778
6020	306	PC	282.568965837693
6020	709	PC	101.338215528245
6020	814	PC	5525.08451761973
6030	105	PC	271.379501504056
6030	219	PC	1.15431202599697
6030	220	PC	29.560173644249
6030	237	PC	482.988959129591
6030	303	PC	238.058730749728
6030	306	PC	18.9405255693468
6040	220	PC	257.393214698268
6040	237	PC	29.4154948683378
