50	101	PC	26.753326912726
50	231	PC	1.89015317787182
50	301	PC	80.8847799838532
50	423	PC	141.279576941873
50	605	PC	168.22055913365
50	627	PC	50.3916071834909
50	704	PC	1.07506247640765
50	805	PC	6867.48491592614
50	1833	PC	19.3729762373048
50	2012	PC	15.9085912919915
51	1933	PC	2.08480106341325
52	105	PC	2.75310117768843
52	106	PC	1.97741998822682
52	123	PC	3776.88433053278
52	211	PC	5.62378903011232
52	226	PC	4759.67118970478
52	229	PC	69.1513102007341
52	230	PC	12355.4664262824
52	301	PC	2054.25688238028
52	528	PC	7.63528163017959
52	602	PC	98.7479255752756
52	605	PC	722.740326924945
52	626	PC	3.06968931584652
52	706	PC	21.1590154140577
52	720	PC	10.1563273987477
52	805	PC	60.6692115936416
52	819	PC	16.1892528752155
52	1102	PC	28.9385790634571
52	1416	PC	6.71262777132476
52	1548	PC	20.976214959027
54	238	PC	5.60170731617345
54	301	PC	86.798419298116
54	1102	PC	.781735580202578
55	219	PC	716.55831635873
56	135	PC	21.7178933359421
56	301	PC	.613709242299764
56	605	PC	110.580779582168
56	628	PC	71.3176338847421
56	709	PC	1.06006667224429
56	806	PC	4.43652531026034
56	928	PC	4573.68227141749
56	2012	PC	133.561108478291
57	301	PC	3.72002217640165
57	418	PC	1.53527436217271
57	702	PC	577.608151389088
57	805	PC	4886.53637797019
58	104	PC	762.794253026
58	106	PC	171.59197569704
58	119	PC	.930558782619689
58	124	PC	45.4417320475265
58	125	PC	33.4973824326515
58	211	PC	36.6298187443974
58	213	PC	391.759794013218
58	215	PC	1.58119461400103
58	219	PC	199.568156491191
58	220	PC	3.5278624030207
58	229	PC	1.1869496454986
58	230	PC	25.6907295639628
58	231	PC	1.6874472503179
58	233	PC	99.137775688255
58	238	PC	7.05326083897554
58	301	PC	1230.53843551679
58	402	PC	1547.38057924721
58	403	PC	6.19632274977154
58	412	PC	77.7977581548143
58	501	PC	5.67946877547897
58	502	PC	47.7753196761436
58	528	PC	15.77679289173
58	602	PC	173.647433464822
58	604	PC	1.45168467283359
58	612	PC	.576480463529914
58	620	PC	8.37983972322019
58	626	PC	10.3955569412323
58	702	PC	1.07074195707385
58	704	PC	19.9306587490687
58	706	PC	624.555947730595
58	709	PC	16.504032022965
58	805	PC	12534.9831485185
58	806	PC	1.158778158418
58	815	PC	.629699533225231
58	904	PC	1.39830610242579
58	906	PC	182.631993679807
58	926	PC	1.29277177269247
58	1002	PC	2.41305529425752
58	1004	PC	.578569502995433
58	1034	PC	110.862941146658
58	1102	PC	7.34339013528878
58	1106	PC	169.352956474913
58	1146	PC	3.7581427374943
58	1173	PC	314.402835284907
58	1221	PC	159.497833058002
58	1223	PC	1.07498067346771
58	1228	PC	18.6904341108791
58	1247	PC	114.446421870199
58	1273	PC	12.0093061228292
58	1275	PC	11.5974384062807
58	1416	PC	73.9511886696379
58	1504	PC	61.531687106688
58	1548	PC	62.2993584283101
58	1551	PC	65.6960206512321
58	1638	PC	1.68456287074069
58	1677	PC	113.818317980969
58	1738	PC	7.02561074811716
58	1922	PC	1.0214833970333
58	1931	PC	5.14760036747817
58	1940	PC	2.090732860889
58	2020	PC	58.7991060140244
59	219	PC	4.22372690616501
59	230	PC	21.4648050027891
59	301	PC	17.7944207998096
59	402	PC	1436.15214658451
59	1173	PC	2.38332117580204
60	124	PC	97.9101022912909
60	128	PC	14.360535507904
60	219	PC	1864.66157766322
60	220	PC	13.357587801515
60	229	PC	.901705584564518
60	301	PC	114.410089823466
60	412	PC	8.0612826106037
60	1677	PC	1.0920905351638
60	1871	PC	61.7610519396364
61	1275	PC	11.3473758640906
62	301	PC	43.1495296496267
62	517	PC	3.18285011288937
62	1719	PC	31.9393907627651
62	1804	PC	12.8276081861117
62	1833	PC	43.6685939775314
101	306	PC	89397.2118702169
104	58	PC	.985582348016794
105	58	PC	3478.33649941852
105	60	PC	47.6216586651702
105	306	PC	8175.82614884097
105	1003	PC	1.87856359429823
105	1276	PC	1.59243825685799
105	4001	PC	194.858571048805
105	5605	PC	6.59502990457464
106	58	PC	2048.45926708882
106	213	PC	8276.61917251808
106	231	PC	8185.11631347476
106	306	PC	49054.9568932547
106	412	PC	5250.49860351366
106	501	PC	11928.7057833377
106	542	PC	12309.2822186607
106	620	PC	11462.3637925838
106	709	PC	13438.8834007365
106	1071	PC	4916.26944190706
106	1271	PC	7409.93156174152
106	1272	PC	4655.40778307122
106	1504	PC	3498.88717337267
106	4001	PC	11.2180301365192
124	60	PC	38.7150147292285
125	231	PC	3.32031555432877
128	237	PC	4922.40865349862
128	438	PC	4672.46498173238
135	104	PC	9626.53754504865
211	58	PC	1.74458476741354
211	101	PC	17.4943157202372
211	106	PC	7.81583736308992
211	122	PC	47.5192749548448
211	214	PC	63.4405015429324
211	215	PC	11.5491318979994
211	219	PC	40.5754286317472
211	221	PC	3.72613384039238
211	227	PC	24.9986863134416
211	229	PC	3.28949690204871
211	231	PC	71.5425980271554
211	233	PC	48.8389772369396
211	235	PC	17.0380293135367
211	236	PC	9.35494326846552
211	238	PC	32.4647712165731
211	239	PC	28.4732299833218
211	301	PC	15.5963752751587
211	305	PC	10.6459022760554
211	307	PC	9.90828546892433
211	309	PC	19.8165709378487
211	310	PC	7.44020495332246
211	412	PC	32.0885662783326
211	419	PC	9.06504754388496
211	427	PC	19.9197917231187
211	517	PC	13.6177315466135
211	528	PC	1.64642782825143
211	534	PC	23.3348030289988
211	536	PC	22.0861827573348
211	542	PC	5.47571449839528
211	605	PC	7.73219000549368
211	612	PC	4.8527566198323
211	617	PC	5.46870038186083
211	620	PC	64.7828865780317
211	623	PC	11.0706690177634
211	624	PC	16.4789601868397
211	625	PC	15.7310402780417
211	704	PC	4.18470974202568
211	711	PC	44.7284371958319
211	723	PC	57.3374049884388
211	807	PC	12.9833182092058
211	817	PC	8.32587725277898
211	1519	PC	16.9944849823424
211	1634	PC	3.30086948417248
211	5700	PC	4.21143620143442
211	5850	PC	32.2426698292007
213	136	PC	8509.70850831656
213	306	PC	4074.44248880902
213	926	PC	.729755479758359
217	58	PC	2.26753155273161
219	54	PC	150.778879268619
219	58	PC	30.7624803268363
219	62	PC	110.979920345774
219	5820	PC	51.0678536259044
219	6020	PC	14.4199126532045
220	219	PC	359.887589159328
220	4001	PC	10.1473459411439
220	4002	PC	6.65238637067836
226	58	PC	3.89973054953143
226	226	PC	41102.6111914522
226	306	PC	4569.66570739475
226	412	PC	5896.58476063067
226	805	PC	1947.94451602825
226	1173	PC	4586.59269990104
226	1671	PC	4696.02404004186
226	1677	PC	6180.56605897321
226	1719	PC	18025.4982885068
229	219	PC	1221.67021310473
229	302	PC	22877.6890166615
229	303	PC	751.186211310805
229	306	PC	45755.3780333229
230	52	PC	68.7928789395591
230	230	PC	470.494087758101
230	4001	PC	78.2920298678919
231	58	PC	68.0273206020547
231	516	PC	15617.4109733555
231	5104	PC	21.4742871670233
235	105	PC	1.7800375595899
235	216	PC	.648049893300983
235	228	PC	17.1630124869701
235	235	PC	2.90704483884696
235	236	PC	40.9926539796182
235	237	PC	5.84753226693506
235	238	PC	12.1908713235222
235	239	PC	.812773831507949
235	534	PC	.618750178964306
235	605	PC	4702.2428328983
235	1017	PC	.664832625182844
301	54	PC	33.4269670143642
301	58	PC	62.0043367564193
301	61	PC	1.35427583402247
301	101	PC	24040.3703988753
301	106	PC	11744.843647944
301	125	PC	5347.39888642916
301	135	PC	16559.7439046241
301	211	PC	5393.26423704558
301	213	PC	5488.87773961449
301	217	PC	2.60948778987751
301	219	PC	18356.4232363431
301	228	PC	.614372184194672
301	230	PC	1.60472242428142
301	231	PC	6264.78063124777
301	233	PC	13359.2717786456
301	235	PC	27794.2245593957
301	301	PC	25167.5026814922
301	302	PC	18.8317976340157
301	303	PC	13.9698327882109
301	304	PC	3.42197226727084
301	305	PC	46.6151427176016
301	306	PC	37812.993762619
301	307	PC	5.19111389388559
301	308	PC	2.2773580628882
301	309	PC	53163.1963158775
301	310	PC	1.34604201155314
301	311	PC	6453.10012362454
301	312	PC	8.68154769086622
301	402	PC	6400.72142377185
301	403	PC	19614.8591371037
301	412	PC	11427.4306644781
301	427	PC	17376.558778272
301	501	PC	21271.5194729971
301	516	PC	15445.4126690821
301	517	PC	5705.98414729963
301	604	PC	2308.18532210568
301	605	PC	51146.8438144384
301	616	PC	6485.0482237531
301	618	PC	33754.2913445249
301	619	PC	21193.0934545439
301	624	PC	29427.5279814787
301	1671	PC	11533.512965724
301	1751	PC	11817.290450631
301	3001	PC	137.553581497244
301	4001	PC	64.7042898477403
301	4004	PC	35.0392001501052
301	5605	PC	190.683112252455
301	5700	PC	.924346997824862
301	6010	PC	383.845839067679
301	6020	PC	61.4561774902674
301	6030	PC	2.41834970361156
302	221	PC	15.5097734905026
302	307	PC	8.28163665844834
302	702	PC	13.0080711044145
302	709	PC	2.26424831771733
302	1102	PC	30.1437745487163
302	1124	PC	22.137894634083
302	1246	PC	14.0100580692457
302	1273	PC	38.1536764795674
302	1535	PC	14.6350881275227
302	1633	PC	5.47226582472451
302	1671	PC	48.2713472091273
302	1674	PC	9.86087832093067
302	1677	PC	16.8104497090151
302	1850	PC	5.07383678090786
304	545	PC	15785.591915192
306	213	PC	14251.3661385912
306	1750	PC	5055.6459106708
403	106	PC	2.63656369269345
403	235	PC	13306.3116046672
403	403	PC	33.9584943162112
403	412	PC	10.4045329465368
403	415	PC	3.6333213493017
403	417	PC	6242.57704140917
403	501	PC	18001.0928624297
403	502	PC	6234.6191339349
403	542	PC	6138.01247845567
412	235	PC	4986.45771689478
412	430	PC	4679.63510897323
412	502	PC	4745.38065226099
418	135	PC	7122.50626686342
418	306	PC	3318.85441492794
418	311	PC	3318.85441492794
418	1271	PC	5471.24771404008
425	60	PC	.613712254624493
427	235	PC	.640274590992261
427	412	PC	2.3793579088171
427	415	PC	3.49202997615042
427	419	PC	.93607610777932
427	425	PC	9.76701897173982
427	426	PC	8.80182979701094
427	427	PC	14.3172307006829
427	428	PC	1.1412331073373
501	213	PC	9.20925561000266
501	217	PC	9.17126607932222
501	219	PC	11.1497273564826
501	226	PC	9.97742332607697
501	228	PC	8.2590350044658
501	235	PC	11.2890586680605
501	236	PC	2.62962380660564
501	237	PC	8.26525589349919
501	403	PC	22.8739577171498
501	412	PC	3718.83828182564
501	501	PC	19497.7099396179
501	502	PC	951.054550125421
501	515	PC	7.22790469396803
501	516	PC	9.10187297825062
501	519	PC	6.33664896076279
501	520	PC	251.156373462056
501	521	PC	11469.9364398492
501	522	PC	9909.47747226333
501	529	PC	6.41631800775843
501	533	PC	9.0370960908183
501	534	PC	9.1078100358762
501	538	PC	1029.97267787629
501	605	PC	27.7195833883996
501	807	PC	7.16590341129023
501	904	PC	10.2268521246847
501	906	PC	9.11612976273688
502	403	PC	8212.79492092592
511	58	PC	2.80364214987623
517	58	PC	3.031738537845
517	4001	PC	1.48313794867586
521	60	PC	4.29425497082461
528	1173	PC	7725.60864686233
529	226	PC	65371.432183888
544	805	PC	9589.59094977325
602	52	PC	324.411000335793
602	219	PC	5643.42780975792
602	220	PC	5.41699795510371
602	301	PC	15984.5062117983
602	306	PC	5016.15630624491
602	602	PC	23.5874246387645
602	624	PC	1.40823627493673
602	625	PC	5.69437823201701
602	626	PC	10.0800481866407
602	627	PC	1.53908883154623
602	704	PC	13792.8082149472
602	709	PC	35549.5630149627
602	713	PC	1.67067214062206
602	806	PC	8803.2612434718
602	1573	PC	5852.62336977873
602	4001	PC	.964058378769423
604	417	PC	14.3768640266905
604	626	PC	1512.85610801143
604	1235	PC	22.3071819208639
604	1430	PC	18.9749944139418
604	1677	PC	223.710939251475
604	1804	PC	106.460869880982
604	1853	PC	47.9216913378008
604	1874	PC	1.93685917817468
605	226	PC	12849.4830561805
605	235	PC	1332.89665033802
605	806	PC	10933.3975196439
605	1003	PC	3.68552631564746
618	906	PC	.732618981992959
618	1102	PC	1.17275132316293
618	1173	PC	.791635474896519
618	1256	PC	.820986657339184
618	1275	PC	.900797176607714
618	1445	PC	6.42318194200856
618	1502	PC	.815377055121906
618	1504	PC	1.06665682012391
618	1515	PC	1.0248862897033
618	1674	PC	.729241534655709
618	1805	PC	2.06486269155345
620	1276	PC	1.06191537079771
622	220	PC	5.05366711748842
622	602	PC	21.9022251605363
622	624	PC	1.48598715585431
622	625	PC	5.56169000899548
622	626	PC	9.85408420621659
622	627	PC	1.54889202290167
622	713	PC	1.63327342719936
624	231	PC	1.6625214309836
624	624	PC	2094.83579372039
624	704	PC	12412.5870366934
625	602	PC	2229.7834987473
625	626	PC	1484.78032671496
626	50	PC	156.873721745313
626	58	PC	14.1395228886182
627	52	PC	1.01761717758995
627	104	PC	2287.89782249712
627	106	PC	41343.2378539194
627	219	PC	22552.8926989466
627	602	PC	17623.7148332599
627	626	PC	6083.42603601533
627	627	PC	19192.1346704787
628	5101	PC	46.6818490519683
633	529	PC	.658637939391962
633	906	PC	.592159401842461
633	1102	PC	1.52620822522847
633	1173	PC	.67412326745799
633	1275	PC	.63059135312374
633	1504	PC	.941531732594429
633	1514	PC	1.69991895221131
633	1515	PC	.585469052575144
633	1671	PC	.696731581947379
633	1805	PC	1.99494917468102
704	624	PC	13962.6169699351
704	806	PC	2611.90983578923
704	4001	PC	1.28513919035194
706	56	PC	5.03550904919397
706	58	PC	30.6436757271587
706	62	PC	4.5343107079173
709	1102	PC	3498.56074547345
709	4001	PC	26.1441420470034
709	5101	PC	24.2416340576675
711	501	PC	10625.7754939911
711	502	PC	4169.525445532
711	522	PC	4121.20086586418
711	805	PC	4219.27606355515
711	1432	PC	3784.84764363223
719	720	PC	1465.96989715195
719	4001	PC	2.02525044026083
722	4001	PC	1.17268951119615
728	58	PC	30.6856127312247
728	4001	PC	1.79817690604977
805	52	PC	4471.56773095242
805	104	PC	20264.0953087118
805	105	PC	724.08156304616
805	106	PC	9768.38294620281
805	217	PC	367.320046328165
805	219	PC	2740.19913164477
805	230	PC	20.8967879486918
805	231	PC	1054.22447735439
805	233	PC	5892.05055570974
805	235	PC	6673.24664307548
805	301	PC	243123.812010238
805	302	PC	76114.6287054607
805	303	PC	4.22101656598075
805	305	PC	41.1549115183123
805	306	PC	970.178824846369
805	309	PC	1249.45729160415
805	418	PC	5043.17490584636
805	513	PC	2917.28281385788
805	544	PC	5146.03164685318
805	545	PC	2543.05146533646
805	602	PC	113029.032602486
805	604	PC	1.16338620313805
805	625	PC	26.7098199130482
805	626	PC	18.7739665125999
805	627	PC	60421.2022742066
805	702	PC	1239.91010062835
805	704	PC	36.8839257017096
805	706	PC	62.3833299088743
805	709	PC	14.6784305667939
805	815	PC	1749.19489194259
805	906	PC	103.943452622363
805	926	PC	2.99674885356492
805	1003	PC	26.4693874177564
805	1004	PC	5.17421374193879
805	1017	PC	695.06526178465
805	1037	PC	34544.1013343977
805	1072	PC	1084.46291864884
805	1073	PC	4411.46015988468
805	1102	PC	4643.13230127281
805	1106	PC	5601.91159152736
805	1124	PC	68224.6698830948
805	1127	PC	3.81856281345481
805	1149	PC	3273.1522626851
805	1154	PC	5409.26210633795
805	1171	PC	77.984811862652
805	1172	PC	3852.2320739819
805	1173	PC	673.622959610948
805	1211	PC	36.0359786392687
805	1263	PC	12127.7685421433
805	1271	PC	70927.6057099993
805	1273	PC	21369.1564713359
805	1401	PC	2297.14833056209
805	1424	PC	3043.6824472402
805	1432	PC	39.7932335216268
805	1502	PC	216.233272033718
805	1503	PC	2882.86077459276
805	1504	PC	9093.36638384057
805	1511	PC	4337.04847828117
805	1535	PC	36.1710206360408
805	1548	PC	2164.55767083218
805	1554	PC	26.1612362501767
805	1671	PC	19259.0060170579
805	1675	PC	365.007764625978
805	1676	PC	8.17023194075591
805	1677	PC	4612.17020539254
805	1719	PC	585.582174634545
805	1804	PC	37.5199534092023
805	1813	PC	3288.75113860958
805	1833	PC	3678.50828765904
805	1850	PC	2683.824170701
805	1913	PC	26.2492790714778
805	1972	PC	34.7983380586695
805	2004	PC	186.066347030559
805	2012	PC	37.2920979716251
805	3001	PC	1.69375392105491
805	4001	PC	48921.5913200907
805	5101	PC	3599.59579780669
805	5605	PC	141.008732960897
805	5730	PC	7.73558879879531
805	5760	PC	864.600809588429
805	5800	PC	22.0060500031663
805	5820	PC	2664.50656045098
805	5830	PC	66517.563022608
805	5831	PC	39430.251256277
805	5840	PC	24.610435737486
805	5850	PC	49530.5426082686
805	5870	PC	24.9950900156679
805	5890	PC	16376.4965064606
806	58	PC	31.973058647768
806	101	PC	14.2326438926165
806	105	PC	.889332191940054
806	106	PC	24.5468987113065
806	228	PC	340.950367282379
806	301	PC	302.772426635584
806	305	PC	.647980624988813
806	311	PC	1.35330885435681
806	402	PC	.973782800072403
806	423	PC	5.93494767368754
806	502	PC	13.000874094299
806	602	PC	67.3737463653806
806	604	PC	.78697623269462
806	605	PC	1.11451633426204
806	625	PC	31.3693626726047
806	709	PC	11.3757836892653
806	716	PC	4.6104907127137
806	811	PC	.684363453529031
806	815	PC	.963427751885339
806	906	PC	63.0706574641914
806	1071	PC	50.9498536546609
806	1074	PC	13.5790382609546
806	1101	PC	1.53114608662248
806	1121	PC	2.67792643383161
806	1173	PC	202.39779078772
806	1238	PC	16.8373072421575
806	1271	PC	146.379243753287
806	1272	PC	1.70373902409035
806	1416	PC	109.172689105917
806	1504	PC	3.16147336363671
806	1539	PC	3.67732641548637
806	1671	PC	8.49663270678911
806	1677	PC	2.2261282419306
806	1702	PC	.735180149445584
806	1721	PC	3.62604958911449
806	1804	PC	11.3364381645738
806	1812	PC	.62268267266363
806	1833	PC	24.3074235476832
806	1860	PC	1.98313449580166
806	1971	PC	45.9041906305853
821	1677	PC	179.647372503897
821	1804	PC	89.2825434334399
821	1849	PC	55.7991468953052
821	1853	PC	23.5324116453547
821	1874	PC	15.9054141451915
904	231	PC	3.70083684540869
904	1134	PC	2.06643185502284
906	1134	PC	4.6517394875141
926	904	PC	7.66224621705682
926	906	PC	1.36591068495119
926	919	PC	2.21668999175752
926	926	PC	5.45111312747143
926	928	PC	4.1418961790499
926	1002	PC	2.63898299876704
926	1014	PC	1.94243071933594
926	1017	PC	1.43191040719197
926	1018	PC	6.46884278994089
926	1032	PC	15194.4160184052
926	1034	PC	.789110211425993
926	1071	PC	5.26882578783458
926	1074	PC	10.5652659469131
926	1122	PC	.598644609757324
926	1833	PC	10.4885766271525
926	5800	PC	23.4529679618547
926	6010	PC	87.6937062921522
1003	105	PC	278.869421157582
1003	220	PC	.87637668243618
1003	235	PC	.936201476601962
1003	302	PC	93.7451731610881
1003	305	PC	1559.34590053893
1003	306	PC	2750.99475105324
1003	307	PC	153.688693733445
1003	412	PC	40.4489241615975
1003	427	PC	.912519415832235
1003	502	PC	225.608984145408
1003	602	PC	1666.95459311878
1003	605	PC	1.5682776013849
1003	704	PC	.685014867778259
1003	706	PC	307.879138190808
1003	709	PC	131.948202081775
1003	716	PC	1340.72428666761
1003	806	PC	544.941104650357
1003	807	PC	638.038499068365
1003	1014	PC	706.944399052065
1003	1018	PC	619.782232411955
1003	1074	PC	1707.61354728819
1003	1106	PC	583.241694201193
1003	1149	PC	1526.2836858896
1003	1222	PC	287.02834714342
1003	1238	PC	278.512220567752
1003	1243	PC	389.578988887812
1003	1271	PC	615.593285734711
1003	1272	PC	470.225328403357
1003	1273	PC	699.106942709847
1003	1274	PC	146.60647239432
1003	1275	PC	.960032386086276
1003	1401	PC	314.597899725805
1003	1432	PC	1.75641172608948
1003	1503	PC	1.10387588832176
1003	1504	PC	262.71512356363
1003	1520	PC	1312.13011575607
1003	1532	PC	1158.42775807843
1003	1548	PC	998.826311737525
1003	1677	PC	2162.17961332804
1003	1714	PC	88.0241107054755
1003	1744	PC	151.188594592511
1003	1841	PC	698.294748918281
1003	1870	PC	97.2315425359298
1003	1913	PC	1052.85830218646
1003	1931	PC	958.281523011864
1003	1971	PC	51.95016660779
1003	2012	PC	971.124211092909
1071	906	PC	30578.6725909174
1071	926	PC	116.402015809414
1071	1026	PC	13913.6902479802
1071	1032	PC	44952.084639602
1071	1046	PC	30297.5498818949
1071	1072	PC	142195.012132232
1072	306	PC	.843215808581135
1072	919	PC	1.0832641892137
1072	926	PC	1.31853601479149
1072	1002	PC	7.02214344194648
1072	1014	PC	1.93395769713928
1072	1017	PC	1.76546516234538
1072	1018	PC	13.455581728672
1072	1034	PC	.593435897902929
1072	1046	PC	1.42778452497929
1072	1071	PC	5.98221417373756
1072	1072	PC	2.58770938686333
1072	1074	PC	5.63581688750761
1072	1638	PC	3.87614066660704
1072	1833	PC	12.0508120214829
1073	805	PC	21.9907282726707
1101	104	PC	5.65778928197212
1101	106	PC	11.6661937137982
1101	119	PC	2.51478030278082
1101	125	PC	4.75292655007644
1101	128	PC	6.96463948308112
1101	136	PC	5.84985548189171
1101	214	PC	.686391869427622
1101	220	PC	.70316763900887
1101	221	PC	3.02934916289257
1101	235	PC	58.5941014319481
1101	237	PC	277.236535181092
1101	311	PC	16.4308260918524
1101	402	PC	859.089027256993
1101	403	PC	11.2707505689523
1101	412	PC	5.17041494532647
1101	415	PC	1.49401108127931
1101	417	PC	198.020963611611
1101	420	PC	.825050111783969
1101	423	PC	1.99230849453629
1101	425	PC	14.9737005940845
1101	427	PC	24.1539840621706
1101	429	PC	4.51666348227604
1101	430	PC	5.46634120710297
1101	432	PC	.81070584789202
1101	437	PC	7.67751394799976
1101	438	PC	1.57376647529172
1101	441	PC	1.33535359898573
1101	501	PC	3.78139706920148
1101	502	PC	4.26727765008463
1101	511	PC	2.41502300375206
1101	517	PC	8.56788732854003
1101	520	PC	4.57347681842802
1101	533	PC	1.24322468747645
1101	534	PC	10.5067260152237
1101	538	PC	.889605960171526
1101	540	PC	.961106724986902
1101	542	PC	4.01369831347919
1101	604	PC	12.2088774422217
1101	605	PC	1.06114570821326
1101	616	PC	3.99803536180037
1101	618	PC	.695287964943316
1101	623	PC	1.33530632971462
1101	624	PC	5.6373825090118
1101	627	PC	.963432226571952
1101	701	PC	3.40899042496954
1101	702	PC	14.2165182907249
1101	704	PC	11.5488841930135
1101	706	PC	11.1288447699171
1101	709	PC	18.9930539056432
1101	716	PC	23.1618964658469
1101	722	PC	1.92056311778692
1101	806	PC	11.7681711239716
1101	807	PC	6.21268179007445
1101	821	PC	4.62637709468083
1101	826	PC	1.91820166402901
1101	833	PC	6.23706795614517
1101	928	PC	120.877340617502
1101	1074	PC	120.729274532672
1101	1101	PC	27713.2200536364
1101	1102	PC	101.789911584781
1101	1106	PC	67.3761738369272
1101	1121	PC	.818503920236664
1101	1135	PC	175.215662754133
1101	1146	PC	1127.90411816775
1101	1154	PC	34.1333636973863
1101	1219	PC	5.41507644972474
1101	1221	PC	2.94254565006099
1101	1223	PC	1.15308811100726
1101	1224	PC	11.471307675036
1101	1228	PC	2.22592274827067
1101	1247	PC	850.358627686306
1101	1260	PC	11.5447785575468
1101	1263	PC	123.360878918959
1101	1271	PC	514.291664476391
1101	1272	PC	23.3827750854064
1101	1273	PC	24.7502472822921
1101	1274	PC	5.81516415951414
1101	1275	PC	221.203029463758
1101	1276	PC	4.36137311963561
1101	1277	PC	5.81516415951414
1101	1401	PC	7.38012589091348
1101	1416	PC	1.22610246059585
1101	1419	PC	5.39715887323416
1101	1420	PC	6.2500911302826
1101	1424	PC	.864671344023323
1101	1426	PC	1032.15691534117
1101	1429	PC	2.80951340593608
1101	1431	PC	2.11022100913486
1101	1432	PC	8.82685720366107
1101	1438	PC	.791693208680423
1101	1439	PC	233.821292571322
1101	1443	PC	1.38939775625892
1101	1445	PC	.840425478525176
1101	1449	PC	.851123476880144
1101	1502	PC	7.14337641386213
1101	1503	PC	14.6488794338354
1101	1504	PC	210.880754522026
1101	1519	PC	.675335077273762
1101	1523	PC	.824146592319501
1101	1528	PC	300.180035752205
1101	1529	PC	120.83081396131
1101	1534	PC	50.2547164639376
1101	1634	PC	5.97656167393998
1101	1671	PC	104.668367666361
1101	1677	PC	82.7636900813495
1101	1702	PC	1.12414914206868
1101	1711	PC	100.895793926515
1101	1804	PC	2.96705937661974
1101	1805	PC	6.42985153312455
1101	1824	PC	.82501382117736
1101	1833	PC	32.7834979518301
1101	1841	PC	1.04982136209302
1101	1901	PC	1.5128601443503
1101	1943	PC	2.32523816951089
1101	1972	PC	23.3795069816979
1101	2011	PC	1.71932261218374
1101	2012	PC	24.0989950352581
1102	106	PC	4.38073221680296
1102	136	PC	1.24617498106103
1102	211	PC	4.16516573170589
1102	213	PC	2.76172630344313
1102	214	PC	1.12222915689204
1102	217	PC	1.12212881249094
1102	219	PC	486.658081141366
1102	220	PC	.659181149839936
1102	226	PC	2.04937053910223
1102	231	PC	3.24650221734328
1102	235	PC	43.7124091889072
1102	301	PC	36.1014416344388
1102	302	PC	4.84014541086175
1102	303	PC	1.58133101403315
1102	304	PC	3.32551666864427
1102	305	PC	1.77956972631564
1102	306	PC	.816910525004456
1102	307	PC	1.49521512109595
1102	309	PC	.865188171491581
1102	311	PC	.687205558228347
1102	412	PC	.907905884034658
1102	428	PC	.745665485602434
1102	438	PC	.727650234565309
1102	544	PC	.714835930438075
1102	618	PC	1.93838489620122
1102	704	PC	.625208750893888
1102	720	PC	.737719147692796
1102	1071	PC	.621664185721844
1102	1101	PC	14023.5981592348
1102	1102	PC	44005.91058246
1102	1112	PC	4618.15940124375
1102	1114	PC	15792.9940622342
1102	1119	PC	6546.38017534537
1102	1120	PC	9863.43852898343
1102	1121	PC	12829.326620656
1102	1122	PC	2627.84370991245
1102	1124	PC	33876.0856970715
1102	1127	PC	1946.61254275124
1102	1141	PC	160.783863022448
1102	1142	PC	1251.13020628645
1102	1172	PC	64963.8516721392
1102	1173	PC	12407.6022399597
1102	1175	PC	9079.90924909602
1102	1224	PC	.910529471243578
1102	1231	PC	1.22648892779227
1102	1243	PC	.958685089338505
1102	1244	PC	.721847060757811
1102	1247	PC	.876683090115852
1102	1263	PC	.733680121284492
1102	1271	PC	15.6660896653698
1102	1272	PC	.931808751660605
1102	1273	PC	2.71655267954598
1102	1274	PC	2.99169305897332
1102	1275	PC	14.0102214912082
1102	1277	PC	5.0201746776474
1102	1411	PC	.760745419851821
1102	1419	PC	.96858335258575
1102	1420	PC	2.02121516923595
1102	1421	PC	.922898126865271
1102	1430	PC	.650672119572261
1102	1431	PC	1.67471886452698
1102	1504	PC	3.1218111752324
1102	1516	PC	3.34967144747169
1102	1624	PC	10.7860652379067
1102	1671	PC	16.4861762084351
1102	1676	PC	1.58507265619719
1102	1719	PC	1.37170552586822
1102	1804	PC	10.4065363554911
1102	1833	PC	.905603969571061
1102	1870	PC	1.18782276359931
1102	1901	PC	.850013469714342
1102	1971	PC	22.4250922566224
1102	2012	PC	.917592938860847
1102	2030	PC	1.34505160026358
1102	5930	PC	29.5538792194855
1114	1101	PC	2923.23342320139
1119	1119	PC	3353.7278683769
1119	5760	PC	27.1995498874209
1120	1119	PC	1006.15205470668
1121	4004	PC	2.42430770735708
1124	301	PC	2272.8351431575
1124	1124	PC	616741.556915096
1124	1172	PC	361718.432728325
1124	4001	PC	106.963008394808
1124	4005	PC	3.59395708206555
1124	6030	PC	2.40666768888318
1127	1102	PC	29730.0666639453
1127	1172	PC	72406.1954914074
1127	6030	PC	.684563253726772
1130	105	PC	561.981014001024
1130	235	PC	1.17155983647268
1130	302	PC	157.490254137876
1130	305	PC	1070.11176274517
1130	306	PC	3519.431271543
1130	307	PC	307.749850144827
1130	412	PC	81.6929629806236
1130	425	PC	.771513716556815
1130	502	PC	452.947182481304
1130	602	PC	2468.52786755544
1130	605	PC	.952092426219532
1130	706	PC	694.462970137928
1130	709	PC	268.518909541389
1130	716	PC	2461.62718595313
1130	806	PC	1438.41840305246
1130	807	PC	322.055184794474
1130	901	PC	1.25864969412878
1130	1014	PC	623.462798912407
1130	1018	PC	1876.22004370538
1130	1074	PC	1723.68566627547
1130	1106	PC	1367.26767990682
1130	1149	PC	1532.96843554472
1130	1222	PC	428.622644133099
1130	1238	PC	836.515488353226
1130	1243	PC	462.939187627339
1130	1271	PC	146.741535694583
1130	1272	PC	472.399523053984
1130	1273	PC	1702.02022140675
1130	1274	PC	367.037266156077
1130	1275	PC	3.84462823519809
1130	1401	PC	1582.47456260207
1130	1432	PC	.872308159100666
1130	1449	PC	.731539718356388
1130	1503	PC	2.20305681867383
1130	1520	PC	1649.49334524022
1130	1532	PC	1150.49696583437
1130	1548	PC	503.531340001248
1130	1677	PC	4299.73949023761
1130	1714	PC	66.0185163192491
1130	1717	PC	241.193462767991
1130	1744	PC	456.35785813577
1130	1841	PC	701.871949450695
1130	1870	PC	583.056987565727
1130	1913	PC	211.530753576328
1130	1931	PC	1445.05767029967
1130	1971	PC	52.1711365089624
1130	2012	PC	648.043764077034
1141	706	PC	1886.00532048441
1141	1120	PC	2531.14279341483
1141	1122	PC	555.78424720793
1141	1141	PC	13584.756943189
1141	1142	PC	1237.42922851805
1141	1146	PC	2088.90225289925
1141	1149	PC	2822.748544188
1141	1224	PC	412.786615554016
1149	1004	PC	82733.93588649
1172	1034	PC	14560.5350011876
1172	1101	PC	21668.548664027
1172	1102	PC	3252.38577998701
1172	1129	PC	71549.7368344854
1173	4001	PC	5.39093562309833
1211	1401	PC	.580788886524435
1228	512	PC	9.86061976457674
1228	1444	PC	1.77669314048008
1228	1449	PC	26.8914940249808
1228	1804	PC	1.81747081538254
1241	512	PC	9.74863277683522
1241	1444	PC	1.80420309141936
1241	1449	PC	22.5745111442113
1241	1804	PC	1.85294699218113
1243	219	PC	1.23976689196924
1243	220	PC	.741059349652495
1243	437	PC	.586817761469665
1243	602	PC	4.92080216384371
1243	625	PC	2.23007877877177
1243	1002	PC	7.38009556790673
1243	1071	PC	3.86926944443055
1243	1401	PC	8.33427400469183
1243	1422	PC	.729546771193801
1243	1515	PC	5.10906026226567
1243	1516	PC	1.81042527504087
1243	1517	PC	8.79683973677376
1243	1519	PC	1.35032256173739
1243	1520	PC	1.65941439582299
1243	1524	PC	6.80082621440249
1243	1529	PC	.575757332785206
1243	1638	PC	4.14230925374085
1243	1663	PC	.92743505471293
1243	1671	PC	19.9449376387481
1243	1674	PC	10.1537864342718
1243	1677	PC	5.20706996629321
1243	1714	PC	2.52588790009187
1243	1721	PC	.666978835330554
1243	1804	PC	8.76443927301674
1243	1865	PC	.618917566423515
1246	928	PC	5644.70064803035
1247	1243	PC	5732.28151343244
1247	4004	PC	.633490530574731
1253	1263	PC	1950.91382154927
1253	1271	PC	3589.8097561875
1263	106	PC	.950076131312875
1263	119	PC	1.3008098397103
1263	211	PC	.95952561143656
1263	220	PC	3.65935106858402
1263	309	PC	1.13892860751287
1263	425	PC	3.56957951525805
1263	501	PC	4.3183931268963
1263	514	PC	.574686943671015
1263	536	PC	.757282930151042
1263	541	PC	.911308160034929
1263	542	PC	.710874766284314
1263	709	PC	1.98821187136914
1263	805	PC	.885501571642058
1263	806	PC	.757813705670496
1263	807	PC	2.97763560387699
1263	822	PC	2.18321367174852
1263	1101	PC	2.24502534032489
1263	1102	PC	9.84555627022038
1263	1114	PC	.780432738819669
1263	1224	PC	.833191719007651
1263	1420	PC	.816776012486573
1263	1449	PC	2.25308185419967
1263	1511	PC	1.15920844559972
1263	1546	PC	1.10244428520557
1263	1714	PC	1.36678600816082
1271	709	PC	13.002132940568
1271	1106	PC	5911.30146113843
1271	1235	PC	31467.7699164809
1271	1241	PC	20361.5034736154
1271	1243	PC	10617.9534413404
1271	1271	PC	10685.9628713592
1271	1432	PC	6162.00250126777
1271	1443	PC	11018.8772527454
1271	1449	PC	30129.6916694906
1271	4001	PC	14.6869215069902
1273	545	PC	5481.76220128032
1273	805	PC	47.7953931133351
1273	1171	PC	63.5590271659576
1273	1243	PC	.60718253859627
1273	1246	PC	7.09741361765014
1273	1247	PC	9.10517643247865
1273	1251	PC	3.50196124320666
1273	1263	PC	1.62930776891297
1273	1271	PC	34.5929848972566
1273	1272	PC	3.54238037507676
1273	1273	PC	14.7497642865685
1273	1274	PC	40.3631158811936
1273	1275	PC	13.810402229999
1273	1277	PC	30.00958069977
1273	1420	PC	5766.72129406775
1273	1422	PC	5382.76685966017
1273	1671	PC	131.478516648903
1276	128	PC	3.46303347676104
1276	219	PC	.619883445984621
1276	220	PC	2.96423739860998
1276	437	PC	1.760453284409
1276	602	PC	4.95382768172185
1276	625	PC	1.67255908407882
1276	1002	PC	11.0701433518601
1276	1071	PC	3.29499831034231
1276	1401	PC	10.4815323727129
1276	1515	PC	7.00691997356135
1276	1516	PC	4.83383548435911
1276	1517	PC	16.0440518263485
1276	1519	PC	3.02910196281632
1276	1520	PC	1.10627626388199
1276	1524	PC	6.23092457632407
1276	1638	PC	1.10954712153773
1276	1671	PC	13.8080337499025
1276	1674	PC	7.19691456055526
1276	1677	PC	2.69651837540184
1276	1714	PC	8.41962633363955
1276	1721	PC	1.1987592580941
1276	1828	PC	2.55137103563312
1277	1272	PC	3518.01356115183
1416	58	PC	21.1004121733919
1420	105	PC	.843831505135433
1420	106	PC	1.35977240003648
1420	119	PC	2.5631910860308
1420	211	PC	.996969281517761
1420	220	PC	2.22872377844822
1420	309	PC	1.86609234296561
1420	501	PC	3.31003210917227
1420	514	PC	.567343425676988
1420	709	PC	.942989014867123
1420	805	PC	1.2316853941967
1420	814	PC	.960128061721481
1420	822	PC	4.13891757668748
1420	826	PC	.794160498438779
1420	1101	PC	1.55680841944491
1420	1102	PC	7.05692453906968
1420	1224	PC	1.86693511766845
1420	1241	PC	.780421094965219
1420	1420	PC	1.89312798308578
1420	1449	PC	2.19573757892258
1420	1511	PC	.692286204238052
1420	1714	PC	3.31186057353614
1422	1422	PC	4026.67834357019
1426	512	PC	7.84182820951918
1426	1444	PC	1.7754990154882
1426	1449	PC	27.2317323756716
1429	306	PC	1.81072319200043
1429	616	PC	1.48613438686848
1429	819	PC	2.21861641901948
1429	822	PC	.752491184898422
1429	928	PC	.691012149521291
1429	1037	PC	.892255851571376
1429	1075	PC	2.86658396348339
1429	1120	PC	.984310901145365
1429	1149	PC	.953887990053302
1429	1173	PC	1.32207935139915
1429	1224	PC	1.57408922683856
1429	1228	PC	.926165873939063
1429	1231	PC	.75231939895126
1429	1424	PC	2.97505990905857
1429	1554	PC	.716878215454379
1429	1632	PC	.722571635917007
1429	1703	PC	1.90143086828835
1429	1725	PC	.7918415983498
1429	1744	PC	1.29042669120689
1429	1804	PC	4.07882788784677
1429	1805	PC	.88759016224722
1429	1813	PC	1.89154654907825
1429	1820	PC	1.75093466540627
1429	1833	PC	2.64892488097134
1429	1834	PC	1.18889357827171
1429	1836	PC	.881072412447587
1429	1841	PC	2.56747253850211
1429	1868	PC	2.37704062088575
1429	1917	PC	.967627018064356
1429	1924	PC	.861933653348124
1429	1926	PC	.853739593950341
1429	1936	PC	1.29780926202916
1429	1938	PC	2.09434870143535
1429	1971	PC	5.81688289346468
1429	2018	PC	1.17930364808194
1432	1420	PC	5739.56599898698
1432	1422	PC	5349.26522527197
1432	1426	PC	6226.7545747989
1432	1428	PC	5937.94071377853
1432	1432	PC	12907.3974205368
1432	1504	PC	6156.08556114191
1439	306	PC	.870457503720689
1439	428	PC	.621403658913436
1439	821	PC	1.77521317164269
1439	928	PC	.688015848684641
1439	1075	PC	2.43042195622268
1439	1173	PC	.739563138811511
1439	1224	PC	1.17773428133358
1439	1228	PC	.808784501033575
1439	1231	PC	.750656888328198
1439	1424	PC	1.29111784525411
1439	1554	PC	.728234473934443
1439	1703	PC	1.49200936265951
1439	1729	PC	.699583115859511
1439	1804	PC	3.72319918427003
1439	1805	PC	.892274210512675
1439	1813	PC	3.76542149790868
1439	1833	PC	5.23918012571247
1439	1834	PC	1.19316112848154
1439	1836	PC	.570841458112236
1439	1845	PC	.789865670685286
1439	1848	PC	1.32868683095203
1439	1851	PC	1.05894198690104
1439	1859	PC	.836126287212206
1439	1860	PC	2.93054311107761
1439	1901	PC	.918023133296854
1439	1928	PC	.914991477237696
1439	1938	PC	1.46620558127757
1439	1971	PC	5.76597858605462
1439	2004	PC	1.76566202456373
1443	219	PC	.796778806225013
1443	306	PC	4.0849015742218
1443	428	PC	.932105488370154
1443	437	PC	.891926168700709
1443	602	PC	1.34511383531735
1443	605	PC	1.27322994051728
1443	618	PC	.859056992076345
1443	819	PC	1.08721037754468
1443	826	PC	1.87752943821752
1443	827	PC	3.02627351160704
1443	828	PC	.837573102890834
1443	928	PC	.688015848684641
1443	1037	PC	3.16266136390019
1443	1075	PC	6.85190905796032
1443	1173	PC	2.77118658484078
1443	1223	PC	.801343750505813
1443	1228	PC	3.10394479630176
1443	1231	PC	.750656888328198
1443	1412	PC	1.02028555647114
1443	1424	PC	1.34033085729294
1443	1428	PC	2.15619524418812
1443	1703	PC	3.06836233451419
1443	1729	PC	1.04937467378927
1443	1736	PC	1.09805720472356
1443	1740	PC	1.14291274770462
1443	1804	PC	4.27900829087877
1443	1813	PC	5.66863491742992
1443	1820	PC	1.76579147326649
1443	1822	PC	1.41850961536837
1443	1828	PC	2.29355362210263
1443	1832	PC	1.86279487414708
1443	1833	PC	3.0950316756878
1443	1834	PC	3.46708414870361
1443	1836	PC	2.2719490032867
1443	1841	PC	2.04937020851138
1443	1845	PC	.789865670685286
1443	1848	PC	.664343415476017
1443	1851	PC	.705961324600696
1443	1859	PC	1.36241897560974
1443	1860	PC	2.93054311107761
1443	1865	PC	2.36867567603976
1443	1866	PC	2.55944980046201
1443	1868	PC	1.93296918521553
1443	1901	PC	1.37703469994528
1443	1917	PC	.955733800237346
1443	1924	PC	1.28846798304313
1443	1928	PC	.914991477237696
1443	1936	PC	.872864074640993
1443	1938	PC	2.63291185174539
1443	1940	PC	.902118046462375
1443	1971	PC	15.4929592043355
1443	1972	PC	1.07947544305132
1443	2002	PC	1.57086964164243
1443	2004	PC	4.18453342493536
1443	2017	PC	.819222796432513
1443	2018	PC	1.79709137222405
1443	2020	PC	.793089130409178
1444	1502	PC	1.16064091690883
1449	1444	PC	1092.8785473493
1449	1445	PC	447.277932059089
1449	1449	PC	20255.8699630571
1502	1502	PC	18951.5972409749
1502	1547	PC	12601.5170724675
1502	1548	PC	12655.1799155181
1502	5790	PC	.597227337384228
1503	121	PC	21.7163612092728
1503	309	PC	4.7325187941051
1503	605	PC	.897360002558836
1503	1119	PC	2.82179474132093
1503	1401	PC	2.00887274073446
1503	1443	PC	15.2451300964405
1503	1648	PC	.585832327600224
1504	1535	PC	6066.3569864433
1504	2004	PC	6913.13232871164
1504	4004	PC	3.73674548834481
1514	1251	PC	12457.2763941521
1520	1502	PC	1.88541854238147
1520	5850	PC	12.5555298758594
1528	51	PC	.864789670159798
1551	135	PC	16793.0468670846
1551	417	PC	17024.8576174853
1551	436	PC	3360.06482691626
1551	814	PC	10303.395469803
1551	826	PC	14807.3549067658
1551	828	PC	4550.00451168148
1551	1263	PC	12291.2770107155
1551	4001	PC	5.03012329615058
1554	1211	PC	6.84343684609437
1557	1503	PC	7075.76942014864
1563	61	PC	9.17724833289965
1617	1617	PC	2566.91409900024
1621	1825	PC	1.92296595231685
1624	1865	PC	.832224934527541
1634	50	PC	333.14756030036
1634	52	PC	58.8570509260043
1634	55	PC	2.39347779303552
1634	56	PC	3.03787566039124
1634	58	PC	86.1334920827899
1634	60	PC	73.215871976702
1634	62	PC	1.01262522013041
1634	4001	PC	6.47773284756153
1634	5101	PC	57.4710840843107
1634	5102	PC	9.34376907665791
1634	5106	PC	20.4090010275375
1634	5204	PC	5.52341029162044
1634	5403	PC	36.3767710391091
1634	5501	PC	3.95844404232798
1634	5800	PC	23.8427210921616
1634	5820	PC	9.1923867205172
1634	5840	PC	.813168737377454
1634	5880	PC	20.5747033362861
1634	6030	PC	11.5071047742092
1640	62	PC	16.8770870021736
1648	1825	PC	.988287132783987
1653	1677	PC	1519.02520836271
1671	1621	PC	11383.4022762551
1671	1677	PC	79353.8148606141
1671	1744	PC	17844.638146518
1675	1677	PC	1120.63907763327
1677	1675	PC	1120.63907763327
1677	1677	PC	1680.9586164499
1714	62	PC	.804985907315794
1714	1663	PC	3.46281682561535
1714	1664	PC	.938739980529256
1714	1665	PC	5.10738156253845
1714	1714	PC	17.1415365603025
1714	1717	PC	.662682416616924
1714	1719	PC	.891688506620193
1721	51	PC	88125.7191600474
1721	58	PC	6219.73025520853
1721	306	PC	8.70691425848397
1721	604	PC	5686.34595155861
1721	3001	PC	14790.0642989
1721	5403	PC	102501.240325073
1729	136	PC	4493.90055948692
1729	627	PC	22040.2422344667
1729	805	PC	19279.7029431896
1729	1102	PC	4061.27635124195
1729	1228	PC	5184.52100368632
1729	1271	PC	5862.60378604672
1729	1432	PC	4521.93571448875
1729	1502	PC	11278.8915730422
1738	50	PC	35.2393576605384
1751	104	PC	.561944377738475
1804	1804	PC	32.2255578660393
1804	1813	PC	10.3634157304036
1804	1834	PC	35.121041653916
1804	1835	PC	28.0993089498656
1804	1849	PC	24.033056748635
1804	1860	PC	9.84691184247005
1804	1865	PC	49.3664521397111
1804	1866	PC	9.2522112495118
1804	1871	PC	2.30326459858714
1804	1931	PC	181.485588813587
1804	1941	PC	75.7234757851102
1804	1971	PC	.929510062303592
1804	1972	PC	275.269217605624
1804	2002	PC	234.545012825
1804	2003	PC	210.281961531822
1804	2004	PC	258.222669671396
1804	2012	PC	38.9856455808277
1804	2014	PC	33.9442365352036
1804	2018	PC	9.73688941026294
1804	2019	PC	119.353720284683
1804	2023	PC	34.2359533381092
1804	2028	PC	237.325430650799
1804	2030	PC	229.152830208303
1832	1677	PC	2.29251613935763
1833	51	PC	23700.6859065045
1833	1850	PC	5.95645699682704
1833	5850	PC	167.086431930251
1833	5880	PC	4.76784365051445
1841	4001	PC	26.0324812882552
1845	805	PC	214365.330449168
1845	1246	PC	6030.594547326
1845	1263	PC	7098.14935268728
1845	1271	PC	8292.3855839828
1845	1273	PC	2982.46545684063
1845	1671	PC	1447.30243556245
1845	1833	PC	776.621436601169
1850	104	PC	30.4547127096267
1850	136	PC	32.5999265809968
1850	217	PC	130.097014156508
1850	219	PC	43.3056105062476
1850	230	PC	22.0531755476836
1850	231	PC	507.014900917706
1850	235	PC	2.2999659028376
1850	237	PC	8.08278838853793
1850	305	PC	118.237204626327
1850	306	PC	13231.5004740185
1850	309	PC	37.0834869055299
1850	403	PC	.91080487548046
1850	602	PC	1262.31775011242
1850	626	PC	4.30962461188781
1850	805	PC	1008.7063045361
1850	806	PC	817.184124774134
1850	1124	PC	36.5481404507398
1850	1274	PC	9.91358445931322
1850	1502	PC	360.094806994661
1850	1671	PC	882.831817381295
1850	1676	PC	4.4372698674662
1850	1677	PC	8.13499475702136
1850	1804	PC	370.122259113204
1850	1805	PC	8.06449751485144
1850	1833	PC	4051.26341328582
1850	1850	PC	3773.31199009846
1850	1901	PC	32.0264032182764
1850	1931	PC	6.1333748059623
1850	1971	PC	5.71327645305762
1850	1972	PC	3.50168556800306
1870	1676	PC	2.8035357340387
1870	1972	PC	3.9303447352656
1871	5930	PC	42.2774228601095
1901	104	PC	798.357907098877
1901	217	PC	367.418000775875
1901	219	PC	2750.65169340598
1901	230	PC	43.3248928054341
1901	231	PC	1063.26922339265
1901	233	PC	5257.672654542
1901	235	PC	753.411105094508
1901	237	PC	24.7450337738521
1901	302	PC	27.880697620363
1901	305	PC	41.1658864342436
1901	306	PC	537.303992521931
1901	309	PC	429.857753128574
1901	403	PC	.927933169535037
1901	418	PC	6493.09288543878
1901	625	PC	19.3378747409422
1901	626	PC	28.021758052365
1901	627	PC	2546.84379348664
1901	706	PC	62.6492671245277
1901	709	PC	14.7410040293006
1901	805	PC	463.469611843587
1901	926	PC	2.99754800646117
1901	1003	PC	52.9430552152494
1901	1004	PC	10.3866470985767
1901	1017	PC	695.250617129454
1901	1072	PC	427.946803891293
1901	1102	PC	70.7571626385626
1901	1124	PC	1498.43631953399
1901	1154	PC	186.936713241703
1901	1171	PC	79.4568754612385
1901	1172	PC	94.3323635612877
1901	1211	PC	35.9220851511705
1901	1271	PC	153.104002916133
1901	1273	PC	50.6555529648235
1901	1274	PC	13.9434002655764
1901	1418	PC	1.07000628811334
1901	1432	PC	97.7129425073711
1901	1502	PC	52.1786810359961
1901	1504	PC	23.0418207420978
1901	1671	PC	15597.2130286368
1901	1676	PC	4.08620536172131
1901	1677	PC	449.909783986251
1901	1804	PC	22.8618171167587
1901	1805	PC	8.10158923737032
1901	1833	PC	870.418503867281
1901	1850	PC	2501.00381442607
1901	1901	PC	43.1399536814371
1901	1971	PC	11.4791080131086
1901	1972	PC	11.2199023482965
1901	2012	PC	64.200357445942
1913	1850	PC	6461.36403697374
1913	1860	PC	12890.553161153
1924	301	PC	14.5675749456282
1924	403	PC	59.422247811229
1924	716	PC	62.7558566449571
1924	806	PC	22.3959225047935
1924	906	PC	18.2055326329818
1924	1130	PC	14.4046912586123
1924	1529	PC	10.7288340564348
1924	1531	PC	34.6815439880162
1924	1825	PC	21.9598633302566
1924	1837	PC	52.5609936605383
1924	1917	PC	62.0767534943139
1924	1919	PC	787.139015421763
1924	1920	PC	91.0056429801151
1924	1922	PC	10624.1557562223
1924	1923	PC	254.968987399327
1924	1924	PC	5553.67274104113
1924	1925	PC	1014.58274946813
1924	1926	PC	327.933066376703
1924	1927	PC	226.496800811397
1924	1928	PC	318.676430901442
1924	1929	PC	2774.39210161149
1924	1931	PC	3510.03484003406
1924	1933	PC	6267.28162159073
1924	1938	PC	1205.90495279914
1924	1939	PC	1457.2836439471
1924	1940	PC	72.580011168914
1924	1973	PC	48.1661799589593
1924	2022	PC	72.5662321458115
1971	3001	PC	15.986319353956
1972	826	PC	.899006038912995
1972	1933	PC	12671.647417395
2011	5101	PC	49.1992657457302
2011	5880	PC	24.5484901849797
2012	58	PC	199.65287067444
2012	62	PC	30.6856127312247
2012	3001	PC	61.2689400866786
2012	4004	PC	20.3854753911103
2012	5404	PC	73.8970925793352
2012	5930	PC	28.2307637127267
3001	101	PC	2.33705277034733
3001	106	PC	240.585744000627
3001	123	PC	1698.5556950174
3001	230	PC	4801.92859438161
3001	302	PC	1.66173579453475
3001	626	PC	8.58722709019666
3001	627	PC	6555.95291263724
3001	704	PC	691.650110625328
3001	1129	PC	11.0057632561342
3001	1271	PC	473.101518896547
3001	1273	PC	1.53294642460261
3001	1672	PC	1.19915823468967
3001	1677	PC	2.86191960832632
3001	1859	PC	.988499334757433
3001	1871	PC	151.091045294687
3001	1925	PC	.978531172481074
3001	1933	PC	26.9033153228162
3001	1938	PC	9.8198390918395
3001	1940	PC	1.0453664304445
3001	1941	PC	1.47966657038544
3001	1971	PC	2.29037605931275
3001	1972	PC	27.4119378878792
3001	1974	PC	1.52193674770736
3001	2002	PC	12.7252853670268
3001	2003	PC	5.46141495548772
3001	2004	PC	.843626641427439
3001	2011	PC	13.5629864417842
3001	2012	PC	16.0358600223274
3001	2018	PC	2.13565437697991
3001	2020	PC	7.4161034612283
3001	2021	PC	105.923917345164
3001	2022	PC	4.70715635226564
3001	2023	PC	1.26496207447304
3001	2025	PC	18.7775863240871
3001	2027	PC	3.8222523700891
3001	2028	PC	1.82029333002371
3001	2030	PC	40.0073930477941
4001	104	PC	2.46199428442359
4001	105	PC	2129.39457696367
4001	119	PC	175.776392087569
4001	213	PC	5.05940156655014
4001	214	PC	4.42133146404854
4001	217	PC	12.281352857884
4001	219	PC	4.92287076762588
4001	220	PC	8.81016683790824
4001	226	PC	18.158180000562
4001	230	PC	55.9338029527669
4001	235	PC	70.5881289764969
4001	237	PC	1292.19657023218
4001	301	PC	1.23686016525029
4001	302	PC	2178.45694596296
4001	303	PC	21.2679102036634
4001	304	PC	48.5638089650268
4001	305	PC	12.857470895087
4001	306	PC	2675.84258449404
4001	307	PC	3.65183226059056
4001	309	PC	37.8034402500376
4001	311	PC	14.8014080335169
4001	312	PC	33.3396234534812
4001	403	PC	49.6946796223044
4001	417	PC	3.42025716444615
4001	502	PC	1.34909144928004
4001	529	PC	64.1643356502571
4001	602	PC	55.6616241654798
4001	623	PC	2.91596589382163
4001	625	PC	37.1512943102836
4001	626	PC	29.6663843129354
4001	627	PC	178257.791634251
4001	628	PC	107.865803743728
4001	702	PC	199.888055350105
4001	704	PC	9088.74406056143
4001	706	PC	1.69483713466602
4001	709	PC	28.2240106608116
4001	805	PC	2166.08401323238
4001	806	PC	34.6756705618848
4001	819	PC	1.05927032057702
4001	821	PC	3.02919561339296
4001	901	PC	1.02549822748065
4001	904	PC	.661857884694403
4001	906	PC	2.29172331798273
4001	1002	PC	1.85700342210253
4001	1072	PC	178.211049868478
4001	1075	PC	1578.19572574824
4001	1101	PC	3.02462899853926
4001	1102	PC	1721.6505333305
4001	1106	PC	2.75148310698433
4001	1119	PC	3.08605933335538
4001	1120	PC	3344.6811740002
4001	1121	PC	55.1762634910579
4001	1129	PC	.589040850328311
4001	1149	PC	98.8688324143105
4001	1154	PC	.669754310372276
4001	1172	PC	58.9304658085217
4001	1173	PC	9.06164018794415
4001	1231	PC	44.4447747895247
4001	1271	PC	332.638867309262
4001	1272	PC	5.44989246361461
4001	1274	PC	6.1328363813608
4001	1275	PC	4.23530297297677
4001	1277	PC	48.1023668342402
4001	1504	PC	37.0486789566482
4001	1535	PC	2.44122107614556
4001	1571	PC	.907192335194165
4001	1624	PC	33.5255971427715
4001	1634	PC	8.49254927172779
4001	1671	PC	1.82229224593019
4001	1674	PC	34.6685211064744
4001	1714	PC	110.545518060487
4001	1866	PC	1.38280723612488
4001	1931	PC	10.9129127790537
4001	2003	PC	84.1157701516476
4002	119	PC	28.1987509884754
4002	230	PC	120.653541858145
4002	237	PC	86.7611644381362
4002	529	PC	351.421070100538
4002	1119	PC	81.1573752552016
4002	1122	PC	3.21994205536616
4002	1149	PC	3.24009324570652
4002	1172	PC	5.61162853416137
4002	1221	PC	7.43526683555055
4002	1223	PC	4.85684039217341
4003	304	PC	4.53200671236749
4003	306	PC	1.08579327483804
4003	309	PC	13.554057111988
4003	311	PC	4.19630251145138
4003	626	PC	1.02946897787536
4003	1072	PC	1.20983933322687
4003	1102	PC	240.614518347392
4003	1172	PC	1.38042297150447
4004	233	PC	21.1001726195858
4004	237	PC	108.192061706552
4004	627	PC	22.0089212209464
4004	904	PC	73.0932735358937
4004	1072	PC	5.34881981808723
4004	1120	PC	6.55113035300933
4004	1172	PC	12.3401447452673
4004	1173	PC	1.88239496114247
4004	1251	PC	1.25711337946867
4004	1931	PC	198.604717378043
4005	220	PC	7.16959484176353
4005	301	PC	.7228131075975
4005	302	PC	1.19279898888005
4005	304	PC	59.7973107881821
4005	517	PC	1.10974128202177
4005	626	PC	1.49740942236416
4005	627	PC	222.558202885446
4005	1124	PC	29.0764162158062
4005	1129	PC	2.71785515151484
4005	1231	PC	4.98842349038298
4005	1805	PC	1.24536377955015
5101	105	PC	13.9381041545819
5101	106	PC	1.51683749500346
5101	123	PC	30.1059324951288
5101	124	PC	1.14551032869806
5101	138	PC	31.9171392164369
5101	214	PC	2.29653236238758
5101	217	PC	1.29260737614124
5101	219	PC	.776113827860237
5101	220	PC	126267.300577379
5101	226	PC	1244.36024754081
5101	230	PC	28.2736041402323
5101	231	PC	.939239507252418
5101	235	PC	3.03060185433539
5101	301	PC	34.6520170639376
5101	302	PC	234.434832407254
5101	304	PC	1.04907562786284
5101	305	PC	65.6238768253324
5101	306	PC	47.3961877912155
5101	415	PC	.669754763751574
5101	418	PC	494.72714196977
5101	419	PC	50.4862656466917
5101	534	PC	8.29923199829065
5101	602	PC	115928.047059889
5101	626	PC	127.838209831377
5101	627	PC	123.246104385247
5101	713	PC	3.86999919055734
5101	806	PC	246.738411445679
5101	904	PC	.840454456754797
5101	1004	PC	2.5634277619203
5101	1018	PC	1.03501113515682
5101	1121	PC	8.05918377104615
5101	1124	PC	3913.7754768504
5101	1172	PC	28.1595828437129
5101	1273	PC	52.8913797220666
5101	1277	PC	48.7916148496887
5101	1432	PC	.657500904649271
5101	1511	PC	2.03909618546049
5101	1535	PC	121.539648195115
5101	1620	PC	9.00402378747741
5101	1931	PC	6.48597646302249
5101	1973	PC	23.4971665059784
5102	219	PC	1.82055351080714
5102	226	PC	827.777160400331
5102	230	PC	48.4710699213318
5102	304	PC	23.604201626914
5102	305	PC	60.1435057453769
5102	602	PC	24.9741607459044
5102	626	PC	1.30399403864212
5102	627	PC	.630631183067591
5102	904	PC	2.63692585806818
5102	1121	PC	16.5191813824131
5102	1124	PC	6066.9557790736
5102	1172	PC	13.7383458914048
5102	1277	PC	11.7487367511353
5103	226	PC	16.8224058396011
5103	306	PC	1.33757142552513
5103	418	PC	130.322209690504
5103	612	PC	1.04814629732712
5103	720	PC	22.4708743697293
5103	1124	PC	1.51439667790657
5104	220	PC	14269.5423414002
5104	302	PC	3.17240469865724
5104	306	PC	1.13300167809187
5104	819	PC	25.019364575896
5106	105	PC	200.129277916582
5106	214	PC	.712533032083095
5106	220	PC	16934.7464408338
5106	226	PC	1502.51321417639
5106	233	PC	.897290168974306
5106	304	PC	.691340838761615
5106	305	PC	36.7617081515698
5106	306	PC	37.028173361047
5106	529	PC	20.9128361320239
5106	602	PC	11799.2106359317
5106	704	PC	28.9235404137368
5106	1120	PC	1.35844239000001
5106	1121	PC	8.45685807736968
5106	1124	PC	2224.39632039843
5106	1172	PC	40.735026959123
5106	1173	PC	3.75642372245763
5106	1246	PC	107.512289685724
5106	1271	PC	3.26237056092604
5106	1272	PC	1.62960925603745
5106	1273	PC	52.4080655648924
5106	1276	PC	13.1335368797345
5106	1277	PC	304.275681063787
5201	211	PC	24.0736138797071
5201	219	PC	1.421806323766
5201	226	PC	5274.16860999082
5201	230	PC	205.376866646404
5201	302	PC	9.99978888478863
5201	309	PC	6.43083359879924
5201	418	PC	4604.31060300344
5201	602	PC	486.158092981322
5201	928	PC	414.508432325926
5201	1121	PC	5.23255666215176
5201	1134	PC	6.55551816847784
5201	1228	PC	17.2809711209539
5201	1273	PC	2.77380298899992
5203	302	PC	1.41625209761484
5203	306	PC	6.94068435394058
5203	806	PC	4.35413269735551
5402	305	PC	23.9346604496908
5402	501	PC	2.15188761382036
5402	806	PC	9.2839573694948
5403	105	PC	1393.49274993768
5403	211	PC	474.044993921525
5403	214	PC	1.01013290626151
5403	230	PC	55.5799995226842
5403	231	PC	4.29821469420598
5403	233	PC	.891961842555218
5403	301	PC	22.7103891919749
5403	302	PC	90.7251093732066
5403	304	PC	25.5135192696244
5403	305	PC	78.5589793168812
5403	306	PC	18.9882688643175
5403	403	PC	101.845636356742
5403	418	PC	130.591556069833
5403	805	PC	4.24238245371471
5403	1002	PC	19.3569000778484
5403	1074	PC	2.12365414874929
5403	1102	PC	687.499510398551
5403	1124	PC	43.1744396893311
5403	1224	PC	8.84993989731682
5403	1246	PC	21.9231740874904
5403	1271	PC	1.26502227225602
5403	1272	PC	45.3895034563623
5403	1274	PC	1.15575124541663
5403	1277	PC	142.315005628803
5403	1441	PC	34.0338408514637
5403	1504	PC	21.5644550763548
5403	1677	PC	1.82015089193967
5403	2012	PC	25.2416315166265
5404	213	PC	.59335390099855
5404	231	PC	2.86547646280399
5404	233	PC	1.61661423555109
5404	305	PC	975.046557107075
5404	418	PC	80.2652210399066
5404	1526	PC	2.39695425169527
5404	1721	PC	.987740524308209
5501	101	PC	505.87772292487
5501	211	PC	3943.7895098117
5501	304	PC	27.2854080050847
5501	305	PC	363.289644550764
5501	306	PC	51.3207797150504
5501	307	PC	57.4169581885613
5501	309	PC	31.757617406664
5501	501	PC	1.08856484863347
5501	709	PC	26.4170307444511
5501	1002	PC	2.54944537610686
5501	1072	PC	4.3803048199455
5501	1504	PC	24.211465887865
5501	1674	PC	1.66062001964613
5605	106	PC	163.887590019403
5605	219	PC	739.961462253381
5605	220	PC	7.59133571480844
5605	231	PC	18.1925916760689
5605	301	PC	1.20748604767013
5605	302	PC	1550.12463848642
5605	304	PC	2.1401142808402
5605	305	PC	2.76116705253501
5605	308	PC	5.19292435792108
5605	309	PC	21.5941727239288
5605	502	PC	41.7154662810168
5605	602	PC	2.856129192559
5605	604	PC	2.57739538664101
5605	626	PC	2.50816078245996
5605	627	PC	21.4800047448251
5605	704	PC	.909177465211213
5605	720	PC	26.4487692675722
5605	806	PC	1.08061080771341
5605	926	PC	26.5508139134884
5605	1074	PC	1.29242588345601
5605	1121	PC	3.66278966350623
5605	1124	PC	270.572206452641
5605	1130	PC	770.739950630205
5605	1172	PC	8.46764000020586
5605	1173	PC	8.53979847371632
5605	1273	PC	30.3332167774347
5605	1277	PC	1.18517036802724
5605	1535	PC	7.75851550898032
5605	1721	PC	2.09881796064644
5700	135	PC	12.3349200014817
5700	211	PC	119.554310432107
5700	220	PC	155.627653914486
5700	301	PC	51.3711353451878
5700	305	PC	437.745689087073
5700	306	PC	17.5174648340538
5700	307	PC	26.4073317045635
5700	309	PC	25.8282419579832
5700	521	PC	13.3465266125249
5700	602	PC	234.823945478895
5700	624	PC	1.0767597984624
5700	626	PC	8.04753577755292
5700	706	PC	3.17385231210866
5700	1172	PC	1.95141610971769
5700	1551	PC	24.6714206414251
5700	1804	PC	.926725371545343
5710	105	PC	4547.27603748662
5710	106	PC	11421.8395224215
5710	219	PC	26.7256827775564
5710	305	PC	230.378056954309
5710	306	PC	3.89416873062688
5710	309	PC	384.150513410816
5710	612	PC	3.10127992679729
5710	904	PC	1.31321008867937
5710	1121	PC	9.09418347881976
5710	1273	PC	437.084107357563
5710	1277	PC	669.728427596328
5710	1677	PC	13767.6470428796
5710	1804	PC	1.58144261355861
5720	301	PC	14.6356540843145
5720	302	PC	2.17158654967609
5720	709	PC	203.475671729286
5720	806	PC	71.2442585894807
5720	1149	PC	26.1297842395687
5720	1227	PC	806.125601277247
5720	1246	PC	94.7362989960712
5720	1277	PC	227.215441434158
5720	1504	PC	306.448072736924
5730	304	PC	1.25889075343541
5730	1017	PC	46.7568044035516
5730	1120	PC	6.76076652430563
5730	1515	PC	.790660215985839
5740	306	PC	1.31134453482856
5740	602	PC	2.65249292471658
5750	128	PC	3.39392271974098
5750	305	PC	9.86550720442219
5750	403	PC	1.28376852550515
5750	628	PC	.794065104120496
5760	230	PC	1.70658125098721
5760	502	PC	65.6768469633116
5760	627	PC	305.242623502726
5760	1620	PC	134.114404666018
5770	106	PC	28.363584715475
5770	136	PC	1.17838505639448
5770	213	PC	6.7536388660085
5770	220	PC	5.74621939523694
5770	301	PC	18.6210923945655
5770	402	PC	.705064850541446
5770	806	PC	4.7851094417808
5790	301	PC	146.223308238407
5790	302	PC	7.26799594983379
5790	306	PC	265.203171496843
5790	901	PC	29.2412014783347
5790	904	PC	19.9607933479264
5790	1172	PC	53.561457069352
5790	1173	PC	26.4852971032745
5790	2012	PC	37.1804989948897
5800	101	PC	1.29554012269254
5800	136	PC	1.54079814003698
5800	211	PC	39.2513384553809
5800	214	PC	12.2879948047863
5800	219	PC	.748319117771578
5800	227	PC	3.72245341965269
5800	233	PC	3.79376841039018
5800	235	PC	1.62353670767967
5800	302	PC	159.165754259351
5800	306	PC	34.7118143747258
5800	415	PC	5.01791186635192
5800	602	PC	28.4934131696425
5800	626	PC	5.64024215757165
5800	716	PC	6.58542227140707
5800	904	PC	1.31321008867937
5800	1101	PC	4.84897537523729
5800	1219	PC	1.68401124307921
5800	1221	PC	.779670341783425
5800	1273	PC	4.60199132265895
5800	1275	PC	4.20273180151503
5800	1503	PC	8.65127666637196
5800	1504	PC	109.873577199521
5800	1514	PC	3.64291923738792
5800	1525	PC	.626606645279526
5800	1620	PC	8.41081751442007
5800	1648	PC	38.7047585052927
5800	1653	PC	6.02696778439952
5800	1657	PC	.841022896992341
5800	1804	PC	5.60884980275452
5800	1818	PC	3.05649065295303
5800	1820	PC	2.85983400410122
5800	1833	PC	28.4539265194688
5800	1871	PC	4.61655584287396
5800	2004	PC	.895067290294966
5810	216	PC	3.44451925860326
5810	217	PC	1.85291310408492
5810	220	PC	7.8022061513309
5810	231	PC	92.9687919043072
5810	305	PC	10.0711260274833
5810	502	PC	4.2789684296837
5810	627	PC	1.3908147823511
5810	906	PC	1.03835518755282
5810	1071	PC	.7507868202649
5810	1271	PC	.90463802027611
5810	1438	PC	2.07289927726969
5810	1504	PC	4.46045002750703
5810	1515	PC	.836677477233692
5810	1662	PC	9.31434992225122
5810	1671	PC	4.7645126289009
5810	1672	PC	2.35548938956899
5810	1677	PC	33.1759973750839
5810	1833	PC	7.09813145743874
5810	1870	PC	11.2376182058477
5810	1871	PC	7.10852322006304
5820	119	PC	5.74419001617092
5820	124	PC	1.05189194554459
5820	217	PC	3.83666973032618
5820	219	PC	1.61530026707551
5820	220	PC	.622067787741247
5820	301	PC	1.57361344179427
5820	302	PC	.664064872437181
5820	304	PC	.709175124435283
5820	305	PC	383.825299966179
5820	306	PC	.898008737450595
5820	309	PC	.650426889274964
5820	502	PC	138.553060942453
5820	602	PC	20.5944145544629
5820	627	PC	20.7080436531584
5820	704	PC	21.2673091277477
5820	709	PC	1.81967532560896
5820	906	PC	2.30745597233959
5820	919	PC	.638412386850873
5820	1173	PC	2.8235924417137
5820	1272	PC	3.42102368643323
5820	1277	PC	1.89122931068176
5820	1502	PC	1.67241195845879
5820	1514	PC	.6505212923907
5820	1535	PC	3.75412040757112
5820	1657	PC	1.27750313467191
5820	1818	PC	.611727412985683
5820	1865	PC	6.38502479060187
5820	1920	PC	9.16917557366103
5820	1971	PC	5.97675020137531
5820	1972	PC	.922127173926477
5820	2004	PC	2.76750690907294
5820	2019	PC	1.80493705885341
5831	806	PC	171.000586506235
5831	1216	PC	678.017240567959
5831	1648	PC	169.860325673262
5831	1867	PC	2.13220213832035
5840	101	PC	2.52651492881298
5840	105	PC	1.27066208201005
5840	106	PC	2.04230574362318
5840	213	PC	1.03836932674746
5840	214	PC	25.899722383248
5840	215	PC	1.19295953670495
5840	219	PC	3.35140062030557
5840	220	PC	5384.87603262079
5840	221	PC	4.89985551054322
5840	226	PC	4.45501554151719
5840	228	PC	.633483638519897
5840	231	PC	1.65242476021697
5840	235	PC	6.53094699609277
5840	302	PC	1.67642285332483
5840	304	PC	3.98648738587881
5840	305	PC	8.71257308940092
5840	307	PC	8.81223527404789
5840	308	PC	9.59904199494503
5840	310	PC	1.11621646804607
5840	312	PC	25.1778150687083
5840	402	PC	41.5736827103064
5840	502	PC	31.0659637555525
5840	536	PC	3.14242274942183
5840	602	PC	2093.04457250595
5840	612	PC	.770695806858173
5840	619	PC	6.21725510076827
5840	623	PC	51.8295543036321
5840	624	PC	1.60544885950744
5840	626	PC	4.98824513825059
5840	706	PC	2.98342117338214
5840	805	PC	1.10930444900836
5840	806	PC	2.71895622585955
5840	906	PC	19.4277304434756
5840	911	PC	.750754441153975
5840	937	PC	3.21268681454916
5840	1004	PC	4.70986849465471
5840	1037	PC	1.12891785322232
5840	1102	PC	2.51858379186001
5840	1149	PC	2.84710129074341
5840	1172	PC	12.4970109920291
5840	1173	PC	1.20264122517435
5840	1244	PC	4.34153297211055
5840	1247	PC	1.03630678697483
5840	1273	PC	3.02491621414044
5840	1277	PC	3.67739032632565
5840	1401	PC	20.7443527382545
5840	1503	PC	1.59791517872842
5840	1515	PC	.823081468228644
5840	1545	PC	2.6546438621336
5840	1551	PC	.776731590533002
5840	1674	PC	1.04926345535346
5840	1820	PC	1.64030639665681
5840	1833	PC	30.8908987215604
5840	1853	PC	.577335509290268
5841	105	PC	63.6389926073365
5841	220	PC	5616.87674123498
5841	238	PC	19.2180796039594
5841	301	PC	.864438317358984
5841	302	PC	1.38163260189537
5841	305	PC	5.03556301374165
5841	308	PC	1.93344638215122
5841	919	PC	1.19383116341113
5841	937	PC	1.55066516154138
5841	1149	PC	27.3422062282847
5841	1274	PC	2.39240507801243
5841	1449	PC	2.971753991767
5841	1502	PC	.951940223237455
5842	304	PC	8.56570250150012
5842	626	PC	2.24611413354623
5842	706	PC	6.88725951727579
5842	709	PC	12.4203420480519
5842	805	PC	48.9392859845805
5842	806	PC	3.3622523958473
5842	1243	PC	2.73631355398926
5842	1504	PC	1.63872597754329
5842	1653	PC	1.00098241174468
5842	1751	PC	3.22027225636987
5842	1865	PC	7.92807244833065
5842	1924	PC	2.64676776897972
5860	231	PC	21.8158274701477
5860	304	PC	170.711880619609
5860	521	PC	27.9017793650922
5860	1516	PC	4.16080635975042
5870	627	PC	351.621317826901
5880	106	PC	13.87491464574
5880	220	PC	118.76328420163
5880	231	PC	13.7468580084074
5880	301	PC	6.65638485878975
5880	302	PC	14.2926063540034
5880	305	PC	151.502256797813
5880	306	PC	177.396590520351
5880	307	PC	48.9949790480784
5880	308	PC	3.95816234392651
5880	309	PC	243.990862301457
5880	418	PC	26.5088634639929
5880	425	PC	4.11092686809066
5880	502	PC	17.6593016561497
5880	602	PC	1553.82200099055
5880	612	PC	897.521508834754
5880	621	PC	2.66660297388102
5880	626	PC	618.797164718406
5880	627	PC	70.859818264481
5880	704	PC	1.75986983032112
5880	706	PC	45.438985601689
5880	709	PC	76.8326167715264
5880	805	PC	52.2577718150418
5880	806	PC	1228.22984951902
5880	1072	PC	1.71608416060549
5880	1074	PC	17.9244990575243
5880	1121	PC	62.372075412849
5880	1127	PC	244.156606749192
5880	1149	PC	3.47630649523222
5880	1172	PC	152.805502520696
5880	1173	PC	24.8748036365193
5880	1272	PC	54.5325464905582
5880	1273	PC	9.36158508787472
5880	1274	PC	16.4326813439238
5880	1277	PC	14.4468905677079
5880	1503	PC	23.6931897430559
5880	1504	PC	.853568893890563
5880	1551	PC	10.1403720432976
5880	1634	PC	57.1464688957436
5880	1671	PC	.971104034699577
5880	1674	PC	7.83521425130265
5880	1721	PC	10.4522806805102
5880	1804	PC	.609382553757916
5880	1841	PC	64.5860672730008
5910	220	PC	8.5402526791595
5910	226	PC	4.29117449208683
5910	230	PC	17.8424274694035
5920	1216	PC	20.3048473895739
6000	101	PC	25.8261266288382
6010	1277	PC	45.7572424889949
6020	104	PC	2482.16668601575
6020	105	PC	41315.1371003682
6020	106	PC	36619.429109721
6020	124	PC	2023.45195509989
6020	125	PC	696.818465568376
6020	211	PC	77.6323920921441
6020	213	PC	334.482070477183
6020	217	PC	7.95613029886121
6020	219	PC	8671.35303042189
6020	220	PC	1411.58357171625
6020	221	PC	78.5404230900855
6020	228	PC	7.21221122454902
6020	231	PC	913.910817896389
6020	236	PC	361.758209587817
6020	238	PC	10.7888438329555
6020	301	PC	1112.70940822212
6020	302	PC	27.7291669956707
6020	305	PC	467.47963960759
6020	306	PC	2846.40549637449
6020	307	PC	8.72830922381887
6020	309	PC	24230.7662419576
6020	311	PC	4.42500099832548
6020	502	PC	128.679733591165
6020	521	PC	869.587908589798
6020	602	PC	1.27298774615335
6020	605	PC	54.7482229232999
6020	612	PC	1687.59774624939
6020	626	PC	4332.74168519883
6020	706	PC	8199.37872883696
6020	709	PC	3505.6574123242
6020	720	PC	222.363266838645
6020	722	PC	39.2913536135138
6020	723	PC	1.06336545638738
6020	805	PC	41.9105486353396
6020	806	PC	178.659930559734
6020	906	PC	3.72549255170465
6020	1002	PC	56.6543416912635
6020	1018	PC	48.1280177847923
6020	1072	PC	1536.50453361893
6020	1073	PC	26.0630281891958
6020	1074	PC	4385.53351387235
6020	1102	PC	144.686739919016
6020	1106	PC	654.028363290146
6020	1119	PC	1.07103794488686
6020	1121	PC	14.0232518545667
6020	1124	PC	34.2203169317621
6020	1127	PC	8.83274465663708
6020	1146	PC	22.966427840243
6020	1149	PC	461.180239914692
6020	1172	PC	136.996522172035
6020	1173	PC	735.333538745801
6020	1216	PC	25.3233750114289
6020	1221	PC	50.9109243045336
6020	1244	PC	27.3930056573642
6020	1245	PC	133.252104720911
6020	1246	PC	.626376402499727
6020	1271	PC	27.3177567098477
6020	1272	PC	261.754542061959
6020	1273	PC	5290.2170235967
6020	1275	PC	195.576225749403
6020	1277	PC	19691.7559124345
6020	1432	PC	707.711395037066
6020	1502	PC	4.41041308246926
6020	1503	PC	25.0954627428502
6020	1504	PC	296.808322429719
6020	1516	PC	.767064450975414
6020	1520	PC	411.474505219488
6020	1551	PC	977.26424278388
6020	1671	PC	13.6190113796898
6020	1674	PC	959.754858549836
6020	1675	PC	55.9696399271449
6020	1677	PC	36449.0890698994
6020	1804	PC	50.6694213384178
6020	1805	PC	468.04922048093
6020	1901	PC	24.4082668781667
6020	1931	PC	152.883730914102
6030	309	PC	77.8519023437017
6030	1504	PC	.828309148571976
6030	1671	PC	1.57817789101122
6040	106	PC	19.3285092017587
6040	309	PC	74.2829470577123
6040	521	PC	55.6593117953535
6040	706	PC	26.5841869662221
6040	1274	PC	55.7282236880893
6040	1277	PC	106.392155555353
