50	106	PC	98.3609109142348
50	301	PC	3.98627858818163
50	1102	PC	27.7291266490765
50	1253	PC	16.5578846469977
52	128	PC	262.922845038805
52	230	PC	375.597613376743
52	301	PC	49.2314590614137
52	417	PC	654.064265489259
52	904	PC	1662.63575731944
52	1804	PC	13.916689942606
52	1871	PC	2225.04931293639
53	5101	PC	3558392.56580016
53	5102	PC	1862441.17515208
53	5104	PC	57237.3166450922
53	5203	PC	105987.458663441
53	5204	PC	103736.472147621
53	5403	PC	2989700.49687831
53	5404	PC	318823.319258356
53	5501	PC	1145031.94415305
53	5605	PC	2293119.31226688
53	5700	PC	9500.16992779235
53	5790	PC	1526157.55656175
53	5841	PC	8204.64551133878
53	6000	PC	673602.834810956
53	6010	PC	5429010.64724135
53	6020	PC	282631.853264375
53	6030	PC	291352.242833652
53	6050	PC	113793.48127741
55	128	PC	16355.5145535721
56	128	PC	429.740009382232
56	214	PC	160.2417145098
56	301	PC	658.731005868064
56	425	PC	33.7085026119982
56	428	PC	21.2902043939704
56	502	PC	6.08006335198753
56	720	PC	478.825961680274
56	904	PC	5.12747720137988
56	919	PC	55.4107482019949
56	1871	PC	25.2928615924341
58	119	PC	4.39557936783473
58	211	PC	35.4193733763984
58	216	PC	189.252598691979
58	220	PC	16.5039959144496
58	233	PC	10.3636833325244
58	301	PC	.675605843670312
58	403	PC	1.94056459594886
58	417	PC	153.338979320175
58	502	PC	31.1266041910624
58	602	PC	4.13718253471432
58	626	PC	62.2564737567518
58	720	PC	58.0849710406078
58	722	PC	23.9283655010058
58	819	PC	371.673103054857
58	826	PC	4.65262701014085
58	1228	PC	36.6995268542897
58	1273	PC	115.568961826065
58	1416	PC	67.3835158049958
58	1634	PC	1.14034654393371
58	1717	PC	86.4951626624926
58	1833	PC	10156.7750127003
58	1871	PC	178.730090317057
59	122	PC	30.8695774762061
59	128	PC	876.409483462682
59	402	PC	116.447846372752
59	722	PC	96.1059673519632
59	1102	PC	131.635346952397
59	1721	PC	2.74617363093465
60	128	PC	86.7118923567318
60	301	PC	54.9404304956912
60	417	PC	21.0053396329006
60	1228	PC	54143.8059881828
60	1805	PC	28333.1238160202
60	1833	PC	17241.4557619727
61	403	PC	2.22019091367497
128	101	PC	1.57257577448863
128	106	PC	12.5807004809808
128	136	PC	4.82334567665415
128	215	PC	7.7934273770436
128	216	PC	1.70351202716527
128	217	PC	5.30446935533611
128	220	PC	12.5569630106662
128	228	PC	3.32723531361129
128	229	PC	2.46953162273405
128	231	PC	6.68901918613391
128	301	PC	13.2302436450447
128	305	PC	15.9125645997001
128	311	PC	4.96058147389636
128	403	PC	5.10967316173267
128	417	PC	6.40628454600973
128	511	PC	16.709896376278
128	528	PC	1.96832341374896
128	543	PC	2.32975623705321
128	627	PC	3.1777550775891
128	704	PC	4.72531792316561
128	706	PC	30.6597127527112
128	709	PC	4.71974504407721
128	720	PC	31.7897983189169
128	807	PC	3.28555537686122
128	826	PC	12.3794148618016
128	829	PC	3.31631405580172
128	833	PC	1.74264661160938
226	5404	PC	34.9259522454332
231	55	PC	4.37861176058045
233	58	PC	13.5046151571876
233	62	PC	9.34934895497605
233	3001	PC	18.8579551277038
233	4001	PC	10.18329576896
233	5101	PC	6.638037758033
233	5104	PC	4.67467447748803
233	5403	PC	4.89287484394477
301	52	PC	11.4653835946583
301	55	PC	175.349867183678
301	56	PC	6.55105356850603
301	58	PC	12.0154641244583
301	4001	PC	1.61072729803426
301	4002	PC	.618710614803348
301	5106	PC	3.82144791496185
301	5605	PC	6.56457161555216
301	6020	PC	526.923075360169
402	51	PC	19122.4256256931
403	5101	PC	10.4702855274311
403	5106	PC	2.78609783231405
403	5605	PC	4.92753270742271
417	5403	PC	10.8970130533571
426	101	PC	129.929522470423
426	105	PC	83.6465469319242
426	106	PC	203.105813444322
426	221	PC	218.568613410734
426	237	PC	1047.62067238641
502	55	PC	3.60424435573826
602	6020	PC	18.0217711184691
605	52	PC	91.6045655045327
627	3001	PC	2.8191406396501
709	1135	PC	869.042154162615
805	1135	PC	1090.47382733822
806	1135	PC	1494.96353771135
814	5403	PC	21.3638611858677
904	5800	PC	2.52743567927364
906	1135	PC	2472.12086464944
1002	1135	PC	135.748528779879
1034	5605	PC	.773634219774233
1071	1135	PC	298.052344666298
1072	1135	PC	756.875481201632
1101	1135	PC	20825.3703332456
1106	1135	PC	15396.4130375673
1111	58	PC	21.2965725599383
1111	61	PC	95.8345765197221
1111	136	PC	3.92776010927015
1111	213	PC	1.31573142625842
1111	219	PC	4.98396222951802
1111	220	PC	14.3998942172665
1111	231	PC	7.04160130106419
1111	235	PC	25.4149501699042
1111	302	PC	2.790753336891
1111	303	PC	10.263096510668
1111	306	PC	21.9822382405834
1111	311	PC	4.81303836362361
1111	602	PC	6.78641900028406
1111	625	PC	2.95760790793896
1111	626	PC	.842204604380114
1111	704	PC	11.5763676557935
1111	709	PC	.694660108945143
1111	904	PC	10.4042534696905
1111	1004	PC	1.05170848805576
1111	1072	PC	32.2544174799029
1111	1120	PC	12.9932021562065
1111	1135	PC	879.479816343585
1111	1172	PC	4.8497199363398
1111	1173	PC	.900369945987137
1111	1273	PC	7.3607533117197
1111	1429	PC	1.12764771756019
1111	1671	PC	21.7051086625959
1111	3001	PC	177063.849580972
1111	5101	PC	199310.014235084
1111	5403	PC	31703.8251282161
1111	5501	PC	9627.67467737109
1111	5605	PC	3090.22123809693
1111	5840	PC	71764.1133161234
1111	5841	PC	13192.1066194665
1111	6030	PC	1.91669153039444
1124	1135	PC	632.691218284188
1124	4005	PC	9.31506000805296
1124	5403	PC	51.8548690514957
1124	5831	PC	58.3236607237547
1124	6020	PC	5.82915755170603
1130	1135	PC	10224.6371871324
1135	1135	PC	37039.1192695272
1135	5201	PC	2166.79603281384
1146	1135	PC	897.379881736155
1149	1135	PC	24073.2903006374
1173	4001	PC	4.04791107683279
1221	1135	PC	1049.78699001346
1224	1135	PC	5550.69146246571
1228	3001	PC	1960.59487961288
1228	5501	PC	829.180307301596
1246	1135	PC	89.3637734216929
1247	1135	PC	255.325066919123
1263	1135	PC	4882.58125469438
1271	1135	PC	2511.63268328341
1275	6020	PC	1.24251765467326
1401	1135	PC	5710.95254441519
1411	1135	PC	1012.70188387142
1424	1135	PC	1270.15276027968
1502	1135	PC	2643.36335034205
1503	1135	PC	242.300671912543
1511	1135	PC	2853.96075497315
1543	5102	PC	42.2677186580677
1634	625	PC	2.04616325273728
1671	1135	PC	56614.9796408458
1714	62	PC	18.8656369823381
1805	51	PC	1.26995006665641
1805	53	PC	548689.09537186
1805	5101	PC	10.7792132673861
1813	1271	PC	14.6279850929202
1813	1401	PC	1058.21193302275
1813	1504	PC	1.04272723826046
1813	1554	PC	72.0109875538443
1813	1671	PC	942.752290305719
1813	1675	PC	1186.9295400907
1813	1804	PC	5877.17093048526
1813	1805	PC	91588.7437094502
1813	1813	PC	630.011342856393
1813	1820	PC	5058.30431525293
1813	1868	PC	2113.36670483571
1813	1901	PC	311.681080125059
1824	1813	PC	3781.50708514823
1833	52	PC	1.02557430876264
1833	55	PC	13782.114711551
1833	213	PC	7.17105873173208
1833	529	PC	1.2439158510061
1833	720	PC	.605790061942347
1833	1127	PC	1.23699941886558
1833	1671	PC	15.160725129702
1833	1675	PC	4.35203452740423
1833	1677	PC	22.4120465676594
1833	1833	PC	10.0476110433532
1833	5101	PC	89623.1266529636
1833	5103	PC	10262.1601060763
1833	5106	PC	3345.26032886864
1833	5201	PC	12683.2159420091
1833	5403	PC	1024049.75050412
1833	5605	PC	280880.061189888
1833	5840	PC	135935.639004593
1833	6030	PC	116.323714822785
1845	1837	PC	1544.26533353816
1851	1135	PC	581.356337995967
1880	1833	PC	4839633.42515892
1925	55	PC	1.915779871945
1971	55	PC	3.83446759350269
2030	301	PC	1.06346619580803
2030	1130	PC	2.07508982405678
2030	1804	PC	1.09945769281889
2030	1973	PC	.851588944028817
2030	2003	PC	3084.96623935661
2030	2018	PC	5.037074256266
2030	5403	PC	1774609.40693015
2030	5501	PC	404539.891774819
2030	5605	PC	74703.3805634028
2030	5840	PC	64642.6623346025
2030	6010	PC	197096.397128942
3001	305	PC	2566.74498420905
3001	403	PC	8.66315971571754
3001	1833	PC	18091.6291186561
4001	403	PC	1.895361845339
4001	626	PC	182.445338235802
4001	702	PC	1.04598144683256
4001	706	PC	17.8167799694986
4001	713	PC	246.396522742397
4001	720	PC	414.727827399961
4001	1119	PC	14.6877143659891
4001	1146	PC	17.1321932001061
4001	1154	PC	63.3611847951038
4001	1671	PC	25.318285494123
4001	1702	PC	.700859549551444
4001	1717	PC	118.040457280578
4001	1833	PC	7.69757752433105
4002	626	PC	28.8508325093057
4002	713	PC	145.002805480223
4003	1717	PC	28.492524171174
4004	306	PC	1.19404658171339
4004	704	PC	9.14950624224765
4004	1114	PC	40.0327191939253
4004	1154	PC	270.263198533676
4005	1119	PC	180.964880750957
5101	106	PC	22.776637933133
5101	135	PC	24.0735867330701
5101	211	PC	4.31074608916284
5101	302	PC	546.657997818971
5101	305	PC	244.62034304035
5101	306	PC	10.1851152867518
5101	310	PC	8.05522193971265
5101	403	PC	2.1045559702544
5101	532	PC	21.4787406828868
5101	926	PC	2.03083917467681
5101	928	PC	43.4524517765455
5101	1124	PC	12.1558047391056
5101	1273	PC	.655703144123022
5101	1438	PC	7662.44098359614
5101	1677	PC	50.0886379439702
5101	1824	PC	103.544797025344
5101	1833	PC	9575.09826687264
5101	1845	PC	2631.44573140462
5102	219	PC	106.884294914103
5102	302	PC	1.111381818364
5103	532	PC	20.6582990701223
5106	106	PC	59.0121982812991
5106	231	PC	72.2477685163507
5106	928	PC	655.085212760311
5106	1271	PC	2.01841640765256
5201	106	PC	2.17620422433843
5201	124	PC	74.5794414005168
5201	1172	PC	6.49861383194615
5203	720	PC	27.8067557290166
5203	1172	PC	6.47382966986659
5302	805	PC	12221.9162074991
5302	1149	PC	14869.2756675061
5302	1224	PC	81211.0892565629
5302	1228	PC	110057.775145488
5302	1416	PC	57975.003032535
5302	1833	PC	24904.9328933147
5302	1931	PC	42024.9376738102
5403	135	PC	489.265430315241
5403	216	PC	52.2547453055076
5403	220	PC	30.8793736705431
5403	302	PC	57498.7059135912
5403	305	PC	6.13658298789968
5403	403	PC	99.7890336153812
5403	417	PC	280.785502449302
5403	624	PC	163.748566744066
5403	626	PC	8.66941712056196
5403	701	PC	3.57179866625563
5403	722	PC	63.585866366309
5403	814	PC	1.05573221738354
5403	904	PC	96.3822144497778
5403	1124	PC	55.111366027865
5403	1127	PC	10.3538547906482
5403	1277	PC	198.701653877906
5403	1438	PC	14797.3042150391
5403	1612	PC	31304.1455452279
5403	1824	PC	103.132267953529
5403	1833	PC	85799.043556968
5403	1845	PC	10385.831494312
5404	302	PC	3286.14274140186
5404	602	PC	4.51726267914644
5404	1127	PC	593.763546064782
5404	1271	PC	4.01425774618038
5404	1277	PC	24.8325760372099
5404	1612	PC	2586.33222833206
5404	1824	PC	21.03898266252
5404	1833	PC	1572.45337266281
5501	302	PC	5823.55194014822
5501	716	PC	123.949057244267
5501	1228	PC	33959.9411603924
5501	1438	PC	264.051125431978
5501	1612	PC	3761.03920276998
5501	1833	PC	36949.302136943
5605	219	PC	24.9690646469748
5605	302	PC	13027.5380717574
5605	306	PC	31.5024187045547
5605	1102	PC	48.6262633039483
5605	1135	PC	44006.3470578463
5605	1172	PC	8.95637657150309
5605	1173	PC	79.3299721230102
5605	1228	PC	17548.373731146
5605	1438	PC	76.95867688908
5605	1833	PC	20337.9941935097
5605	1931	PC	35642.6217161294
5700	106	PC	2.12029793122983
5700	304	PC	12736.9561202948
5700	1003	PC	192490.151330066
5700	1149	PC	45528.0108983361
5700	1224	PC	10902.9931786365
5700	1228	PC	10153.1006769524
5700	1612	PC	3864.56874549533
5710	1228	PC	42602.5095501682
5710	1612	PC	68881.0522555668
5710	1833	PC	15538.3947598754
5790	1228	PC	15907.7306078355
5800	1504	PC	22.6199708512353
5810	302	PC	16336.4054586593
5810	305	PC	23.5747658440849
5810	1228	PC	15189.3019784605
5810	1833	PC	9338.06975982017
5810	1931	PC	5018.66932821271
5820	135	PC	51.2203973044046
5820	216	PC	103.352946952342
5820	417	PC	122.251076663482
5820	426	PC	145.801490196961
5820	626	PC	38.7578704000844
5820	904	PC	24.6118905666234
5831	302	PC	40.8221053577228
5831	305	PC	4121.40792133676
5831	805	PC	49112.9956060292
5831	1833	PC	34017.3658549996
5835	1135	PC	51621.9146920899
5840	106	PC	55.9373521603261
5840	228	PC	4.26935190671608
5840	302	PC	21241.7825228911
5840	805	PC	16280.3296039239
5840	1135	PC	28067.3447890955
5840	1228	PC	71712.2349043005
5840	1438	PC	29231.9829571974
5840	1833	PC	48858.8579010654
5840	1845	PC	17831.4959746877
5841	305	PC	4088.53796210273
5842	106	PC	38.8817915553065
5842	1135	PC	90141.9279396115
5860	1149	PC	8090.03290449711
5870	1149	PC	14932.7670649844
5880	219	PC	26.0909766426069
5880	303	PC	1.4287736875203
6000	1072	PC	28887.7410380599
6000	1135	PC	921042.007401382
6000	1228	PC	27372.8375811037
6000	1438	PC	20.311625033229
6000	1833	PC	34549.8335322119
6020	306	PC	1.70432289868493
6020	403	PC	.807342150427263
6020	1072	PC	2602.71329564243
6030	106	PC	9.93889655263985
6030	302	PC	15156.482304847
6030	529	PC	1.55847452563342
6030	826	PC	127.977507938035
6030	1072	PC	137315.887200738
6030	1124	PC	298.27631133341
6030	1438	PC	13932.8780145499
6030	1824	PC	359478.966602447
6030	1833	PC	7127.73258624343
6030	1845	PC	16157.1949182505
6030	1931	PC	34504.2293009178
6040	605	PC	56.1810354490255
6040	1135	PC	18416.7456017927
6040	1149	PC	228283.452760465
6040	1224	PC	86401.0079093659
6040	1416	PC	88119.6475237898
6040	1424	PC	367303.320436172
6040	1438	PC	13678.048366883
6040	1563	PC	755702.860980745
6040	1833	PC	167467.317486651
6040	1931	PC	7840.92274678213
6050	1438	PC	48.7479000797497
