50	106	PC	17.2367384067605
50	213	PC	13.8030364152165
50	301	PC	4.84048114279198
50	706	PC	.988790045760946
50	805	PC	29.619355109743
50	1034	PC	2164.96833246061
50	1853	PC	61.5157386402309
51	301	PC	136.704045869308
51	423	PC	351.975267696924
51	1805	PC	55.2342485944076
51	2030	PC	.971957422059415
52	106	PC	1437.18721814965
52	124	PC	7970.59493363423
52	125	PC	337.92445073782
52	213	PC	7.84176403374787
52	220	PC	83.9579290728395
52	229	PC	197.247201834551
52	231	PC	3.83532439723942
52	233	PC	247.254684210702
52	237	PC	27.5486531931068
52	301	PC	976.283101787887
52	417	PC	906.485431857826
52	427	PC	129.645902459828
52	605	PC	23.9945040844606
52	626	PC	1.0797558150624
52	627	PC	33.0743394016702
52	904	PC	2.87138723277273
52	1003	PC	33.7713086668729
52	1102	PC	7.29393949559224
52	1173	PC	115.995041899468
52	1251	PC	83.9288409713109
52	1271	PC	30.7841851700949
52	1416	PC	116.28991314347
52	1548	PC	277.204769843485
52	1804	PC	89.7255389566284
54	301	PC	56.5518831046873
55	1130	PC	20.6169614544498
56	105	PC	1.08214518297817
56	124	PC	35.218069550244
56	904	PC	91.7818419046998
57	418	PC	49.2448981970689
58	101	PC	100.149763577952
58	104	PC	178.30336983937
58	105	PC	34.3967576018061
58	106	PC	115.429930441669
58	124	PC	981.564888086002
58	136	PC	34.7984260710977
58	213	PC	14.8617832288002
58	217	PC	32.9815625454877
58	219	PC	67.7666154533757
58	220	PC	212.522142725234
58	230	PC	92.8751624262311
58	231	PC	17.2218037923404
58	235	PC	2150.55258358865
58	237	PC	46.1451477271471
58	301	PC	1220.63810114341
58	402	PC	362.313632622647
58	403	PC	1.80180266384418
58	412	PC	156.927976632001
58	425	PC	4.06763637166625
58	427	PC	977.100448752913
58	434	PC	290.85714993217
58	501	PC	5.32119227476666
58	513	PC	4.44319450258029
58	517	PC	5.16969222646193
58	602	PC	275.461560291572
58	605	PC	2.64675100337631
58	617	PC	4.34622018172346
58	625	PC	1.61505884782176
58	626	PC	115.41344958563
58	701	PC	2.06581762073778
58	704	PC	30.3055444962233
58	706	PC	1868.14711936664
58	709	PC	190.334350831565
58	716	PC	2.06581762073778
58	722	PC	9.86944368307477
58	728	PC	1434.63947114793
58	805	PC	1513.21199827386
58	806	PC	52.6335757112184
58	819	PC	3334.02920713249
58	904	PC	15.5875306921948
58	906	PC	72.9138535852131
58	1002	PC	871.433045142668
58	1032	PC	.869025196606644
58	1034	PC	25.0107853978167
58	1101	PC	3.05778066342739
58	1102	PC	72.7448899027067
58	1106	PC	28.3093727930314
58	1121	PC	5.22102762489258
58	1149	PC	52.9641141545051
58	1173	PC	13.4970415991635
58	1221	PC	3.50621269412502
58	1253	PC	202.374145685527
58	1271	PC	1582.41281011196
58	1273	PC	29.8350061273503
58	1274	PC	12.1659099792215
58	1277	PC	33.8626036871044
58	1416	PC	56.0226996299642
58	1420	PC	4.35698452795169
58	1432	PC	21.9130589175947
58	1502	PC	1163.24591973026
58	1504	PC	6.26161920381923
58	1516	PC	1.75868506169255
58	1534	PC	2.33633528783617
58	1545	PC	6.12793632936611
58	1548	PC	126.093617767434
58	1551	PC	277.318005781293
58	1560	PC	9.1228380285798
58	1622	PC	60.6504747101997
58	1634	PC	3.02295502010064
58	1663	PC	1.7244246413479
58	1677	PC	168.004458880218
58	1702	PC	7.12696288610535
58	1703	PC	4.46127714664792
58	1717	PC	12.211081787646
58	1719	PC	2342.19475017098
58	1804	PC	1542.571271339
58	1805	PC	2.60214682266987
58	1833	PC	1.74378778868341
58	1841	PC	2.66679333860412
58	1901	PC	26.0303425166943
58	1971	PC	2.09628275338956
58	2003	PC	155.419181588505
58	2012	PC	6.80040497464224
58	2101	PC	33.2622607696003
59	106	PC	2276.75479839942
59	233	PC	27.7487621228342
59	301	PC	1.74616555667659
59	403	PC	1208.63745316698
59	529	PC	2.07796603417789
59	821	PC	.776633874309919
59	1034	PC	8.08607985095004
59	1102	PC	.57642382958222
59	1119	PC	6.11988098582878
59	1142	PC	.58696291143527
59	1173	PC	69.7271419905985
59	1271	PC	168.738380312347
59	1416	PC	2.19232645560606
59	1502	PC	69.249072492574
59	1804	PC	9.54066410509767
59	1833	PC	12.3310707914041
59	1922	PC	9.82860152495233
60	301	PC	.730715685903238
60	914	PC	481.630921475048
60	1871	PC	137.132274918268
62	211	PC	177.053113538409
62	301	PC	2603.42364587297
62	428	PC	3.84854560326492
62	517	PC	47.9602687233326
62	520	PC	6.55206560540542
62	1271	PC	54.5280271917891
62	1634	PC	12.4173371847618
62	1718	PC	26.9117225754336
62	1721	PC	817.47814041665
101	105	PC	162190.366776659
101	106	PC	65171.2052948879
101	1037	PC	2077.41698657091
101	1401	PC	4149.03575370607
101	2012	PC	1.01159621563532
101	4001	PC	140107.421403321
101	5101	PC	12386.6163693847
101	5831	PC	13934.9707425582
101	5840	PC	24504.8968859866
104	56	PC	2.07310123056651
104	1273	PC	511.784831361918
104	1277	PC	28.6255998364636
104	1401	PC	1150.47127574721
104	1671	PC	899.414494007714
104	1675	PC	9.19072432139588
104	2002	PC	1.29960689000203
105	58	PC	26.8552872007433
105	105	PC	21898.4712792458
105	106	PC	12705.8966442685
105	136	PC	11139.6144139618
105	215	PC	11572.2516232645
105	306	PC	9371.5780811744
105	1263	PC	.752177996026521
105	1271	PC	7.13116596644873
105	1401	PC	1551.0085351899
105	1504	PC	6.12458208999585
105	1833	PC	30731.8238349479
105	1901	PC	77.7347416128969
105	5831	PC	5.68609061692661
105	6020	PC	24.169758480669
106	50	PC	5.88750527093219
106	105	PC	134585.118611258
106	106	PC	188400.263408782
106	111	PC	44601.259906665
106	135	PC	40007.7708506359
106	306	PC	19589.5575541857
106	516	PC	4800.73767847353
106	701	PC	1025.45961874254
106	914	PC	31257.1200936772
106	1037	PC	26.6164676180992
106	1531	PC	578.796713363127
106	1804	PC	2.09020423307534
106	1833	PC	20967.2286951969
106	1901	PC	438.164826891362
106	1928	PC	9.64826315940706
106	1931	PC	26.4145039697209
106	1939	PC	5.03058153054251
106	1973	PC	5.11192356014187
106	1974	PC	2.12102009652689
106	2004	PC	6.69330963384882
106	2012	PC	2.08742480324689
106	2023	PC	10.6265360156701
106	6020	PC	6.04243962016724
119	125	PC	108118.60579346
123	106	PC	68.4138947031142
123	211	PC	35177.3788113364
123	306	PC	116169.589807154
124	60	PC	22.1988813380547
124	122	PC	20208.6431773419
124	124	PC	51637.7668974882
125	52	PC	14.4584479522105
125	119	PC	11020.463782265
125	125	PC	74028.3140400716
125	128	PC	5136.5610922846
125	138	PC	20291.0539152758
125	217	PC	6168.16043558999
125	235	PC	32046.7066408982
125	301	PC	11554.900316801
125	306	PC	28240.6918127259
127	128	PC	91145.8387045321
128	125	PC	2552.36255559949
128	217	PC	4274.66750093226
128	402	PC	2572.76184668613
128	1002	PC	4168.8434919574
135	106	PC	20288.7413337809
135	111	PC	12795.5760488834
135	415	PC	2.31883378545731
135	519	PC	9.23628587824883
135	605	PC	3.13127718386863
135	814	PC	8.55957457528243
135	1071	PC	1.84101333968276
135	1072	PC	2.50270966855765
135	1102	PC	1.67866832457495
135	1119	PC	1.05342601771815
135	1246	PC	19.213892786817
135	1271	PC	1.22681142156273
135	1273	PC	1.64699433344796
135	1274	PC	60.3037109583456
135	1504	PC	.827067209763292
135	1677	PC	6.28625119751653
135	1804	PC	4.72913133119241
135	1805	PC	1.01672612836134
135	1833	PC	.651476675016818
136	135	PC	88986.1059479574
137	306	PC	13643.6154148478
211	123	PC	35080.7497772829
211	211	PC	1707.3104123207
211	1271	PC	11826.6260759227
213	211	PC	184123.981485366
213	213	PC	889355.475457041
213	229	PC	20463.0093902863
213	236	PC	81498.3091970403
213	306	PC	58116.3565001029
213	311	PC	969222.222963991
214	137	PC	13753.859337049
214	214	PC	304705.530466687
214	216	PC	23650.5434767987
214	217	PC	35511.5852909988
214	303	PC	20059.5220287059
215	229	PC	23747.391559871
216	216	PC	68692.0686527548
216	306	PC	66676.4890667316
219	219	PC	4575845.54659246
219	220	PC	27148.7361355702
219	229	PC	3145.60220943116
219	231	PC	53563.9071106773
219	302	PC	16193.1467792471
219	307	PC	31794.3670685736
219	605	PC	447203.94684081
219	624	PC	6159.9055871692
219	625	PC	31638.75956712
219	626	PC	203994.779934796
219	806	PC	4.26988737838944
219	1102	PC	43.3573913553268
219	1931	PC	3.03764996312278
219	6030	PC	51.6809063274105
220	60	PC	6.20170875928926
220	711	PC	108861.397800934
220	4001	PC	12.6731918496076
221	221	PC	88210.4547274463
221	236	PC	7158.42620603398
221	301	PC	3.91295460142934
221	402	PC	22194.6150985041
221	806	PC	1.97449916383283
226	219	PC	24180.8502512992
226	238	PC	82373.464169654
226	301	PC	1.95647730071467
226	1271	PC	1201.61649621687
227	227	PC	48801.4626174134
227	1432	PC	10944.3248867829
228	58	PC	1.02842838504737
229	229	PC	369110.577411232
229	301	PC	25635.7903584361
229	302	PC	3218.90361363933
229	306	PC	226137.079476983
229	307	PC	32496.0205948209
229	311	PC	43751.5789570601
230	52	PC	1427.40042471891
230	58	PC	4.40977625709704
230	230	PC	649587.990949363
230	231	PC	126558.171766816
230	301	PC	106112.675866535
230	306	PC	629363.321391166
230	806	PC	1.97449916383283
230	1271	PC	241.368580073263
230	1411	PC	3.93058470355899
230	3001	PC	3739.624243227
230	4001	PC	2515.40657029349
230	4002	PC	9.01919929567152
230	4003	PC	1.46786245318343
230	5101	PC	48.6166145658755
230	5201	PC	5.57892696690907
231	227	PC	96601.8695914424
231	231	PC	733741.49802501
231	234	PC	226026.741758248
231	236	PC	150919.559503383
231	306	PC	161230.511250504
231	427	PC	2.45784801098704
231	1612	PC	.619283860708399
231	1972	PC	1.01618026201751
233	104	PC	16971.7342600935
233	213	PC	149771.249893596
233	301	PC	1.95647730071467
233	303	PC	15006.0122598567
233	306	PC	309839.887847543
233	427	PC	9.0633145405147
235	104	PC	2.31418826592688
235	123	PC	.666494432602998
235	213	PC	1.67942056339446
235	226	PC	17674.9594089909
235	235	PC	3037171.55000775
235	238	PC	8594.33869216016
235	301	PC	2.58215361005813
235	306	PC	18801.4137859488
235	309	PC	211171.355189996
235	311	PC	18816.5218648103
235	542	PC	2.01128847564874
235	702	PC	.950003750061654
235	906	PC	.584207507638705
235	1074	PC	3.10139214736413
235	1102	PC	1.61604944628683
235	1106	PC	1.36184555337166
235	1120	PC	.799423242383089
235	1124	PC	.66909582958052
235	1127	PC	1.26975702296804
235	1172	PC	4.83879574718935
235	1173	PC	4.14656411096738
235	1274	PC	1.54697235229884
235	1401	PC	.747415995788058
235	1420	PC	1.0007431288898
235	1430	PC	.831137924239494
235	1502	PC	4.74526696987817
235	1504	PC	.851178770643187
235	1520	PC	1.32322250982243
235	1532	PC	2.07269132189561
235	1640	PC	1.41242487913802
235	1703	PC	.728305185466853
235	1714	PC	3.53126794432747
235	1805	PC	1.78712441002113
235	1813	PC	3.09500794656765
235	1820	PC	.795522884527032
235	1824	PC	1.21210510001984
235	1833	PC	.883387389046705
235	1856	PC	1.68423194991473
235	1860	PC	.690008792815279
235	1866	PC	1.4318291971256
235	1901	PC	2.3395360735386
235	1942	PC	2.14284225592718
235	1971	PC	4.04019014047151
235	2002	PC	2.11985603676619
235	2003	PC	1.21844733442266
235	2004	PC	.779963803739552
235	2012	PC	4.96607278836414
235	2015	PC	.684702515780825
235	2019	PC	.686551259985123
235	2020	PC	2.27356687239937
235	2023	PC	1.37989082245469
235	2030	PC	2.6693726602223
236	236	PC	22066.9359412465
236	806	PC	1.97830418826313
237	237	PC	410857.893756461
237	417	PC	207551.06184052
237	806	PC	2.02183823369248
301	211	PC	38581.3411077612
301	213	PC	147247.582256437
301	214	PC	67532.4343516019
301	228	PC	203074.645467421
301	230	PC	317940.386587132
301	231	PC	1534125.80563334
301	235	PC	44307.3639108426
301	236	PC	291880.383847088
301	301	PC	287694.431535799
301	306	PC	136813.001940049
301	602	PC	347782.509966873
301	605	PC	5479.28778277063
301	1172	PC	.619273539034652
301	1449	PC	3436.59113666773
302	626	PC	13425.9121448359
302	702	PC	120662.179149638
302	1037	PC	939.29805758367
302	1106	PC	15.767621801267
302	1111	PC	568.296037998649
302	1130	PC	1305.40613549124
302	1159	PC	407.340620953473
302	1271	PC	25.6399196998722
302	1671	PC	13.8135442028555
302	1833	PC	32697.1499481565
303	307	PC	14579.6338254575
303	602	PC	4713.68470537626
303	612	PC	17842.607603718
305	306	PC	41611.2961122106
305	309	PC	61937.4712813804
305	704	PC	1.84689859807969
305	1072	PC	1.65391253224913
305	1102	PC	1.19880801142275
305	1221	PC	1.93097903468226
305	1272	PC	.60407650812899
305	1677	PC	1.32189535728999
305	1804	PC	1.50324008438188
305	1824	PC	1.13118123866411
306	213	PC	181784.087416313
306	228	PC	278437.152049242
306	229	PC	193929.714536308
306	233	PC	38358.3351717844
306	235	PC	180400.945877081
306	236	PC	142347.075251875
306	301	PC	38120.9820070019
306	303	PC	161970.764809294
306	306	PC	2661529.39099076
306	307	PC	86501.5583416161
306	308	PC	4120.29824124364
306	309	PC	5010.12790837482
306	311	PC	15204.4854239854
306	428	PC	3.03061675949904
306	605	PC	108963.047571058
306	626	PC	11696.6666588671
306	627	PC	188572.011942826
306	628	PC	35031.3349572338
306	1002	PC	.937774453155556
306	1102	PC	1.68300899725263
306	1172	PC	6.81763399736073
306	1221	PC	1.06149688902982
306	1443	PC	1891.47756358461
306	1805	PC	9.73442812051259
306	1971	PC	94.5528869261658
307	229	PC	15805.1698895676
307	306	PC	441202.180867843
308	306	PC	49232.0589247088
308	311	PC	25911.6099604106
309	104	PC	6.87947773837138
309	213	PC	1.20589747190328
309	231	PC	2.32205198812332
309	235	PC	5.90566788079859
309	306	PC	28371.5549395572
309	309	PC	20953.9714037706
309	720	PC	14.5266718749464
309	805	PC	1.37795202989128
309	806	PC	1.97646302975303
309	906	PC	29.9306630497242
309	911	PC	1.26896366255945
309	1017	PC	1.31737412284998
309	1034	PC	8.80082641871655
309	1071	PC	.57730909144545
309	1075	PC	1.27424078742464
309	1101	PC	1.27254894808451
309	1127	PC	4.65674929855941
309	1173	PC	10.4502409712097
309	1504	PC	4.62436250699181
309	1804	PC	5.89859457373974
309	1805	PC	.56459683098973
310	310	PC	151963.208676898
310	1101	PC	.644690128408344
311	213	PC	402337.533657206
311	311	PC	29755.7433985336
402	60	PC	74456.5221330957
402	101	PC	341.932589127625
402	105	PC	254.11542729069
402	106	PC	496.677548048637
402	128	PC	8976.23078539398
402	221	PC	54626.9134812486
402	237	PC	3163.9888957913
402	305	PC	.658498024775954
402	402	PC	148959.381891493
402	1520	PC	6.24797663483983
402	1971	PC	.599103482109597
403	403	PC	17818.8081005369
403	412	PC	213259.476139195
403	602	PC	.889020552229624
412	101	PC	552.56224350081
412	105	PC	468.491856773208
412	106	PC	406.484393475772
412	221	PC	1346.51245157735
412	237	PC	3930.21357664633
412	403	PC	482939.461529941
412	412	PC	567569.755447625
417	237	PC	1028573.47693537
417	306	PC	3.87943979455019
417	417	PC	1434167.9905276
418	50	PC	4.4858237057591
418	51	PC	.82026490619595
418	54	PC	5.61368795177853
418	55	PC	1.02533113274494
418	56	PC	.97406457610769
418	58	PC	1.02533113274494
418	4001	PC	43.7662594012177
418	5810	PC	12.3060447071337
419	402	PC	116496.987759049
419	419	PC	368059.993531155
419	1173	PC	.950135749748048
420	60	PC	.98431788743514
420	309	PC	5042.03089426164
420	420	PC	36293.7797739652
423	101	PC	9670.36029820329
423	111	PC	5044.44437837806
423	301	PC	4437.10132614924
423	402	PC	5.36133518703796
423	420	PC	5167.70218895855
423	423	PC	77.2397037142984
425	51	PC	577.2614277354
425	101	PC	466.923167547213
425	105	PC	66.8241554924133
425	106	PC	577.192056651108
425	221	PC	604.224598950707
425	237	PC	1496.14913528922
425	427	PC	4668.89373967184
425	538	PC	4457.31063996587
425	619	PC	10137.0513854383
425	631	PC	2416.26241448416
425	1263	PC	4297.89185082118
425	1702	PC	3538.65092378658
427	101	PC	926.713139485534
427	105	PC	478.09895243625
427	106	PC	1042.61535104872
427	221	PC	1146.75046210935
427	237	PC	4391.50684250923
427	402	PC	1.37751284236554
427	423	PC	72.8125557663095
427	427	PC	126707.00585803
427	1271	PC	4774.53113785005
428	1046	PC	.860600443794392
429	101	PC	228.887376994215
429	105	PC	87.068413735315
429	106	PC	239.570661073687
429	221	PC	470.973788396489
429	237	PC	978.456888382055
437	101	PC	539.92103092687
437	105	PC	450.695819331329
437	106	PC	434.264484307012
437	221	PC	673.368648008922
437	237	PC	1817.38252514721
438	101	PC	719.878308642667
438	105	PC	202.446497026276
438	106	PC	448.096155590438
438	221	PC	771.657894793923
438	237	PC	2224.02539581442
438	438	PC	11794.1273901765
441	101	PC	268.84946561013
441	105	PC	98.3657560632037
441	106	PC	312.387462702985
441	221	PC	373.378314089894
441	237	PC	1368.03696930826
501	412	PC	4534.29533531085
501	501	PC	25329.6385182275
501	502	PC	311411.168372959
501	522	PC	8896.97848931963
502	502	PC	172881.077149395
511	101	PC	199.224742015716
511	105	PC	125.912743081152
511	106	PC	303.052642214464
511	221	PC	202.923127920483
511	237	PC	829.465030096084
511	511	PC	22540.5849438791
512	101	PC	439.727826724024
512	105	PC	283.046223444532
512	106	PC	324.513944954728
512	221	PC	788.009545196198
512	237	PC	2006.57983719974
515	515	PC	36527.9237084875
516	101	PC	1114.18576011073
516	105	PC	766.396091783824
516	106	PC	1200.10629439153
516	221	PC	2065.43641776552
516	237	PC	5503.39307205786
516	516	PC	491676.385863684
517	58	PC	19.4404546566059
517	309	PC	.705353058330479
520	101	PC	674.929326614831
520	105	PC	576.865465053856
520	106	PC	1008.80026633329
520	221	PC	1001.93270629171
520	237	PC	3288.44348977503
520	402	PC	72.3833473869085
521	402	PC	36.5758956499057
521	423	PC	5.9101664158038
521	428	PC	3.73346494116007
521	517	PC	2.61407750073024
521	521	PC	3283.36684757432
522	101	PC	311.877213978757
522	105	PC	117.755902899698
522	106	PC	291.43241047118
522	221	PC	550.904871624398
522	237	PC	1523.17475475864
522	522	PC	3336.36693349486
528	101	PC	152.00879694481
528	105	PC	38.5497790847486
528	106	PC	217.661224349758
528	221	PC	205.237840393346
528	237	PC	680.94783030097
528	528	PC	838224.270880952
529	101	PC	197.629565669004
529	105	PC	77.6182758291168
529	106	PC	280.95964926041
529	221	PC	211.050713222912
529	237	PC	1065.35611374933
529	528	PC	262619.760244951
533	101	PC	701.761155248457
533	105	PC	463.082870694059
533	106	PC	630.775393417311
533	221	PC	952.520237207432
533	237	PC	3324.56768717146
533	533	PC	10681.4998491859
533	534	PC	11158.1522849131
534	402	PC	1.71497875827203
534	423	PC	39.5240830224698
534	533	PC	41719.4976440564
534	534	PC	95724.0340734289
538	402	PC	2.84365823940957
538	423	PC	38.2522864423106
540	540	PC	41403.0730800301
542	101	PC	1222.6740438328
542	105	PC	442.31144569132
542	106	PC	956.099679844137
542	221	PC	1990.16756395324
542	237	PC	4971.29755093014
542	542	PC	1149099.21329989
543	101	PC	422.646585939066
543	105	PC	35.6409674379096
543	106	PC	187.772842662752
543	221	PC	418.268443757733
543	237	PC	1010.4355518279
544	50	PC	15.8283546356529
544	101	PC	461.611967967992
544	105	PC	312.885782815622
544	106	PC	501.070206597539
544	221	PC	326.930892868371
544	237	PC	1398.82862671839
544	805	PC	14587.3600350722
545	545	PC	434403.22270721
602	106	PC	1357.28384285518
602	302	PC	89051.1573764714
602	602	PC	1070261.13289458
602	624	PC	90138.6066659055
602	625	PC	94571.0709101558
602	627	PC	78.1082844482993
602	702	PC	936.103854065406
602	704	PC	14127.4789686075
602	709	PC	1089.80557050966
602	805	PC	10106.0265650361
602	806	PC	287.291472153836
602	1037	PC	86980.5283716407
602	1071	PC	878.305760155292
602	1101	PC	589.710923521492
602	1149	PC	888.854225578129
602	1271	PC	8.96489024266944
602	1401	PC	2224.87486849361
602	1438	PC	128468.841652425
602	1504	PC	364.263149012399
602	1671	PC	162.107206907488
602	1675	PC	198.868526269186
602	1805	PC	689.696280220779
602	1833	PC	68714.9959662161
602	2101	PC	9385.96895014656
605	101	PC	1.57146200553138
605	106	PC	67.7890651411787
605	213	PC	32476.9077574808
605	215	PC	7.78790772093293
605	216	PC	1.70230552325942
605	217	PC	5.3007124913436
605	219	PC	38826.8698696949
605	226	PC	22698.7983374076
605	229	PC	2.46778258926617
605	231	PC	10.3710808587041
605	301	PC	6883.3274783302
605	305	PC	4.67458817933721
605	306	PC	10534.7666764749
605	311	PC	9.91413633356507
605	403	PC	5.07836330256875
605	412	PC	20.6225239557848
605	417	PC	12.7340592302139
605	502	PC	49226.7825876953
605	511	PC	24.7404722523136
605	529	PC	5840.76874342783
605	543	PC	4.65976756860315
605	605	PC	381674.496414267
605	704	PC	4.77209690856907
605	706	PC	15.690023673081
605	709	PC	9.47322184035077
605	720	PC	41.2499603510774
605	5101	PC	75.8124544936104
612	602	PC	4210.10851792579
612	5880	PC	1618.22690476627
615	605	PC	.837582560761958
616	720	PC	2.16799374308844
617	617	PC	264276.653491282
618	618	PC	148767.375699326
619	620	PC	5712.79890734377
619	1271	PC	8.36977632155832
619	1901	PC	9.48309144710354
620	1271	PC	3739.98318135549
621	621	PC	9135.07767286929
622	622	PC	.893125719941341
622	1246	PC	.620051461567329
622	1657	PC	1.04542922104172
623	213	PC	.906630400369213
623	226	PC	5939.08278450383
623	418	PC	97130.8841801117
623	1154	PC	2.70563977961092
623	1172	PC	1.97519391364442
623	1246	PC	7.97075376449483
623	1503	PC	.977997186961108
623	1850	PC	.617060493074034
624	213	PC	.748514454453294
624	219	PC	5501.57522214979
624	602	PC	261343.69363875
624	604	PC	118613.894765758
624	605	PC	.637408706353117
624	624	PC	1547362.76391865
624	625	PC	547529.342771962
624	1824	PC	1.05085338969982
624	1833	PC	2.08459916660673
625	106	PC	34.0352331415052
625	219	PC	17028.870941233
625	423	PC	3.14050780143937
625	602	PC	270021.638826754
625	625	PC	261854.05280627
625	626	PC	12231.0208564226
625	1411	PC	2.65026778305043
626	219	PC	87156.8420928974
626	220	PC	88143.4378784502
626	306	PC	11121.9161419188
626	602	PC	1523705.46928378
626	625	PC	42323.5537161734
626	626	PC	129813.408695949
627	58	PC	17.887032779074
627	220	PC	1115242.18577927
627	303	PC	47466.3305944095
627	306	PC	25450.7284731667
627	627	PC	176184.025607925
627	701	PC	149.203135616599
627	1037	PC	1023.15512973686
627	1102	PC	24.6526200579773
627	1420	PC	187019.964084504
627	6010	PC	16.5531232190631
627	6030	PC	1.63447970173831
628	105	PC	1386.04666652909
628	301	PC	11108.056429647
628	602	PC	338893.990409912
628	628	PC	57338.1638288219
628	702	PC	760.140670229709
628	704	PC	11514.6233678182
628	1037	PC	93009.3855922837
631	502	PC	.795688475568718
631	631	PC	70327.1897057855
631	1702	PC	2.49709665137784
633	633	PC	8842.13431094169
701	602	PC	746.490676818084
701	1037	PC	534.678692984783
702	702	PC	207918.899831897
702	713	PC	123654.73681067
704	101	PC	3.18239108594018
704	136	PC	4.83895040042076
704	216	PC	3.4469355206573
704	217	PC	2.53295129063966
704	220	PC	12.827845852744
704	229	PC	2.51086140537366
704	231	PC	10.2014487036656
704	301	PC	8.29438364937374
704	305	PC	28.7876100748338
704	311	PC	4.97663018962424
704	403	PC	5.11384675350024
704	417	PC	6.41151721267855
704	511	PC	33.3051237857299
704	528	PC	5.9115443843675
704	602	PC	527.098332139684
704	627	PC	6.37607181237965
704	706	PC	5.89239340736174
704	720	PC	15150.6514783117
704	722	PC	25081.1978836966
704	826	PC	12.3666404230515
704	829	PC	13772.3391163049
706	50	PC	10.4489592317677
706	219	PC	.778465448117013
706	706	PC	712694.784766388
706	1845	PC	1.17020051109632
709	50	PC	1.65119355761268
709	51	PC	122.023203907577
709	58	PC	153.727152209714
709	105	PC	5761.62824765948
709	106	PC	214.270973947473
709	220	PC	582.110389934678
709	235	PC	252.301785813769
709	306	PC	987.708300733932
709	403	PC	105.810280385652
709	501	PC	112.3367196821
709	602	PC	684.464462520374
709	625	PC	269.850786749353
709	701	PC	2287.34450526936
709	704	PC	99229.9026049358
709	709	PC	500032.352510243
709	1037	PC	3138.52864610624
709	1071	PC	1221.25838876861
709	1101	PC	7.64180612298262
709	1102	PC	271.008432329718
709	1119	PC	2.17118371214085
709	1277	PC	335.442856578237
709	1401	PC	529.633001215274
709	1504	PC	214.948762472873
709	1671	PC	67.692835640656
709	1833	PC	765.496429758726
709	1901	PC	724.431852315833
709	3001	PC	50.9806010912914
709	4001	PC	215954.098669647
709	4002	PC	1042.315933243
709	4004	PC	31540.8929383227
709	4005	PC	24783.3833037928
709	5101	PC	105038.072377697
709	5104	PC	25432.6119707266
709	5201	PC	3561.00530618644
709	5302	PC	25.1807017535933
709	5403	PC	25560.7858706363
709	5404	PC	16116.6811182732
709	5501	PC	1072.75981446149
709	5605	PC	129989.873296383
709	5700	PC	10950.0964765032
709	5710	PC	254.387007469703
709	5720	PC	233.643888402194
709	5760	PC	51.3933994806946
709	5790	PC	1644.17598499282
709	5800	PC	352.633024147657
709	5831	PC	53.8701898171136
709	5840	PC	3581.02602807249
709	5880	PC	42159.9251065245
709	5900	PC	39.3190465906519
709	5910	PC	23.4263085986299
709	5930	PC	25771.7609354844
709	6000	PC	3734.58702893047
709	6010	PC	2178.95629846463
709	6020	PC	226337.25371016
709	6030	PC	37167.8840077458
709	6040	PC	420.538359204479
711	58	PC	14.8163485377125
711	220	PC	108568.850955943
711	711	PC	168279.385753487
713	602	PC	763530.785184158
713	713	PC	329883.544279666
713	4003	PC	1.03639819094239
714	806	PC	151772.789805125
716	50	PC	5.07123825561101
716	702	PC	17378.9144896458
716	716	PC	1493429.01957072
722	722	PC	139450.525319616
723	704	PC	6710.93226169497
723	723	PC	24734.57890739
728	58	PC	29.0001188515461
805	101	PC	1.59577256793309
805	136	PC	4.80249137085389
805	215	PC	7.75973157154916
805	216	PC	1.69614669133191
805	217	PC	2.49405812567833
805	220	PC	38.7678702856214
805	231	PC	6.66254698573788
805	301	PC	4.93913381288702
805	305	PC	19.9502267736221
805	311	PC	14.8174014386611
805	403	PC	5.0875808851683
805	417	PC	12.7571724333837
805	511	PC	16.6349600460025
805	516	PC	1.77459912822768
805	528	PC	1.88931932406427
805	543	PC	2.35334127253538
805	627	PC	6.32803135494743
805	704	PC	4.70488745195761
805	706	PC	78.0301397614807
805	709	PC	4.69648490100448
805	720	PC	4.99001520731726
805	805	PC	15140.7671496888
805	806	PC	401000.453965749
805	906	PC	154.840995791673
805	1002	PC	388.431975340031
805	1037	PC	4039.8005480984
805	1071	PC	210.384036535008
805	1102	PC	5312.35855533502
805	1106	PC	203.674237050213
805	1134	PC	4349.59871904305
805	1135	PC	3832.75451121824
805	1263	PC	652.564070764053
805	1271	PC	623.815016973816
805	1273	PC	3503.00026198223
805	1274	PC	.782659621295929
805	1401	PC	178.994701622253
805	1504	PC	256.628447996976
805	1511	PC	1354.20543702086
805	1554	PC	55.0749303817279
805	1563	PC	29.8471235653381
805	1569	PC	182.836534095494
805	1677	PC	.59973366515818
805	1833	PC	19127.4546185257
806	51	PC	6.65394090270888
806	62	PC	61.7057888968366
806	706	PC	61743.0143244069
806	709	PC	47642.3729327345
806	805	PC	40158.6285698135
806	806	PC	2122947.92987985
806	1037	PC	1054.24619566603
806	1071	PC	298.086917291044
806	1101	PC	7057.88773379761
806	1102	PC	1408.45095345499
806	1106	PC	6911.53924692678
806	1677	PC	6901.21156238154
807	305	PC	1.25639311699302
807	604	PC	19869.2145979514
807	807	PC	365471.348796876
807	826	PC	51557.7050684557
807	827	PC	75405.0155167737
814	709	PC	1.73264416920738
814	805	PC	463243.93730267
814	814	PC	130226.06355545
814	1804	PC	2.60196354804345
814	1931	PC	5.95930118924925
815	704	PC	26.5193518564294
815	709	PC	1789.94657600851
815	805	PC	56434.459889757
815	806	PC	18943.3183451648
815	815	PC	101900.128464201
815	901	PC	15589.1704807405
815	4001	PC	423756.739413497
815	5101	PC	182547.0295151
815	5501	PC	20415.8585654334
815	5831	PC	4569.06756609384
821	821	PC	593429.762934536
821	822	PC	.979758376507006
821	828	PC	316110.536667102
821	1411	PC	3.89287501688981
827	827	PC	3519483.29661115
827	828	PC	23965.9371126013
828	828	PC	354798.186270469
833	833	PC	92857.871577606
833	1824	PC	69804.8780384744
901	901	PC	358936.256563496
904	904	PC	909574.159335159
904	926	PC	127585.047826133
904	1072	PC	86448.7749172798
904	1504	PC	2353.196650416
906	213	PC	.92546391657075
906	302	PC	1101.29017229138
906	602	PC	309.53735215669
906	805	PC	2461.84712622719
906	826	PC	.698862333736539
906	906	PC	313805.289478285
906	1504	PC	723.78546855643
906	1838	PC	2.4739917412562
906	4001	PC	38765.6872326088
919	919	PC	125886.338599626
919	4001	PC	19.1939326656903
926	709	PC	4046.1469858453
926	926	PC	18081.5507098514
926	928	PC	4504.91015586771
926	1072	PC	262300.287857858
926	1671	PC	460.237145859055
928	926	PC	185970.943246882
928	928	PC	194012.593142481
928	1071	PC	557260.024351901
928	1072	PC	141639.793822925
937	926	PC	14252.9147248727
940	940	PC	183549.238782294
1002	704	PC	1011.98763170205
1002	1002	PC	7735.45327832457
1002	1014	PC	10148.9868334715
1002	1071	PC	73001.7160412576
1002	1101	PC	61.259495886685
1002	1246	PC	15.3321750938895
1003	1504	PC	338.57088047972
1003	5404	PC	.919776483219035
1004	704	PC	13233.2608121224
1004	1101	PC	1085.75364098478
1018	1017	PC	16175.7315895272
1018	1018	PC	35247.2069061101
1032	1032	PC	1925696.88336377
1037	805	PC	92821.7150145691
1037	806	PC	4320.22184177248
1037	1037	PC	2238457.46899978
1037	1101	PC	1823.72287535008
1037	1149	PC	285.384093262934
1037	1511	PC	6442.58369399378
1046	1029	PC	244482.199972081
1071	602	PC	953.25689867735
1071	805	PC	702.246981977729
1071	926	PC	473.978572556713
1071	1071	PC	326369.757599402
1071	1554	PC	40.6943292746737
1071	1557	PC	142.657013157568
1071	1638	PC	194.28717088603
1071	1671	PC	185.2219097411
1071	1675	PC	188.341334012497
1071	1833	PC	5286.64080184115
1072	511	PC	3.79270234510998
1072	926	PC	4606.2751583259
1072	1271	PC	433.699691823023
1072	1833	PC	2749.11529709207
1074	1528	PC	1.03797004507245
1075	1071	PC	61427.300394877
1075	1072	PC	105.818643597877
1075	1073	PC	27321.5126251615
1101	51	PC	4322.13940103947
1101	105	PC	1855.36269150036
1101	309	PC	3.14970892913604
1101	602	PC	372.044780505187
1101	701	PC	2000.35885347187
1101	805	PC	2191.61344423216
1101	806	PC	6059.9806898018
1101	1004	PC	2076.61863482932
1101	1032	PC	367.225577677923
1101	1037	PC	12989.0899626077
1101	1071	PC	2290.96074283805
1101	1101	PC	1394.71020759219
1101	1102	PC	4383.16854626233
1101	1106	PC	5887.7776802557
1101	1149	PC	40.5844882278096
1101	1159	PC	2011.43036073884
1101	1172	PC	717.482300708499
1101	1173	PC	299.270692274133
1101	1221	PC	1256.46719361079
1101	1228	PC	1370.6944675998
1101	1251	PC	1242.27724442239
1101	1263	PC	537.470756681415
1101	1271	PC	3528.38320004464
1101	1401	PC	7834.4485487586
1101	1424	PC	1588.31555632018
1101	1438	PC	301.865737931021
1101	1439	PC	2571.97178117181
1101	1502	PC	3534.45684592206
1101	1503	PC	835.180002146289
1101	1504	PC	3284.03485287371
1101	1520	PC	1174.69854405005
1101	1531	PC	1236.68092235839
1101	1671	PC	1205.35530412713
1101	1702	PC	1718.87687029758
1101	1703	PC	1724.32545658165
1101	1719	PC	649.966253454945
1101	1750	PC	1255.63084766584
1101	1833	PC	5235.32455036334
1101	2303	PC	872.11019777963
1101	3001	PC	1508.07163745114
1101	4001	PC	136651.803425927
1101	4004	PC	8468.08510024681
1101	4005	PC	1733.81851961231
1101	5101	PC	125252.142512935
1101	5102	PC	6888.74341972433
1101	5103	PC	2378.0733203006
1101	5403	PC	3113.03919692579
1101	5404	PC	8505.19417676646
1101	5850	PC	2207.99005291889
1102	233	PC	1.85730421627985
1102	709	PC	14460.1030662775
1102	1102	PC	1097037.79383864
1102	1114	PC	112425.691294569
1102	1120	PC	180706.458385312
1102	1172	PC	21911.4287731341
1102	1175	PC	327671.726164163
1102	1263	PC	4494.41659275637
1102	1277	PC	4767.19277663983
1102	1676	PC	.686439636111365
1106	106	PC	451.041050815574
1106	805	PC	3480.71596955178
1106	1101	PC	633.124896640692
1106	1106	PC	60693.9358647416
1106	1130	PC	457.168305814876
1106	1146	PC	316.99042957215
1106	1149	PC	3237.21367976712
1106	1246	PC	132.208366152116
1106	1263	PC	125.230945036587
1106	1271	PC	133.568515716669
1106	1273	PC	626.372734656075
1106	1401	PC	6285.33314689309
1106	1503	PC	119.747922443976
1106	1504	PC	104.772986624481
1106	1554	PC	764.923898326807
1106	1563	PC	638.721231907535
1106	1569	PC	159.066127972498
1106	1671	PC	200.394317279169
1106	1833	PC	14201.8194278314
1106	1871	PC	6592.0467968028
1111	805	PC	546.448694394721
1111	906	PC	14638.4110767797
1111	926	PC	3004.59596887115
1111	1003	PC	5312.52026140484
1111	1004	PC	1901.1653437931
1111	1032	PC	828.126065265548
1111	1037	PC	49157.7191043742
1111	1106	PC	9396.20833604665
1111	1173	PC	306.944299768342
1111	1224	PC	863.47586826214
1111	1228	PC	109967.723325706
1111	1271	PC	193.168940500931
1111	1401	PC	606.909929215346
1111	1502	PC	287.307047352643
1111	1833	PC	38083.6887981251
1111	4001	PC	486662.757705394
1111	5101	PC	468006.272565911
1111	5403	PC	49699.3615366159
1111	5404	PC	294440.936837444
1111	5605	PC	149211.473454769
1111	5800	PC	36926.6235600903
1111	5810	PC	47267.6862168981
1111	5820	PC	51707.3748994012
1111	5831	PC	123236.150698698
1119	231	PC	.963387990011251
1119	709	PC	6823.29505094123
1119	1119	PC	887365.837821422
1119	1121	PC	20608.9914192205
1119	5760	PC	50.8084591878245
1121	1102	PC	5968.08423287702
1121	1119	PC	19673.4382696618
1121	1120	PC	232333.861562954
1121	1121	PC	5193.82387918356
1121	1124	PC	60640.3083434055
1121	1173	PC	13606.7343002797
1122	1106	PC	1590.33679525627
1122	1122	PC	164302.225012432
1122	1173	PC	16520.2597409464
1122	1175	PC	23358.071371799
1122	4001	PC	163117.77531235
1122	5403	PC	48150.5801882933
1122	5831	PC	27802.3491040354
1124	805	PC	347.875796720369
1124	1106	PC	109.05166596043
1124	1121	PC	495365.457915054
1124	1124	PC	269601.915155498
1124	1149	PC	244.753539110269
1124	1263	PC	112.052338050327
1124	1271	PC	785.010630847353
1124	1833	PC	1133.00788136353
1124	2004	PC	4.88045276116275
1124	4005	PC	55.085124860955
1124	5103	PC	5.79603733834406
1124	5930	PC	7.45204800644237
1124	6000	PC	7.24815169293276
1127	805	PC	930.774825153605
1127	1833	PC	2610.12592582972
1129	58	PC	61.5000961865008
1129	106	PC	1.33891637070366
1129	301	PC	1.2183136727164
1129	1102	PC	9602.79950825022
1129	1129	PC	4361872.9107041
1129	1235	PC	1.48482268863532
1129	1243	PC	5.07161594352629
1129	4001	PC	24217.0860076026
1129	5101	PC	1044.63222956976
1129	5403	PC	25.875166689036
1129	5605	PC	18477.9740359744
1129	5800	PC	149501.657121679
1129	5810	PC	25084.4215950191
1129	5850	PC	12743.0020910164
1129	5930	PC	69440.5638393654
1130	227	PC	.632638814644976
1130	231	PC	8.24426345981838
1130	302	PC	30528.1486694397
1130	1037	PC	2364.86329693995
1130	1102	PC	.70545370795767
1130	1106	PC	406.92427205605
1130	1127	PC	368.744810466299
1130	1130	PC	165874.912293774
1130	1149	PC	8427.56983263141
1130	1173	PC	15869.7122326476
1130	1175	PC	1206.83882412019
1130	1263	PC	50.2476852243618
1130	1511	PC	212.464883387292
1130	1675	PC	680.842525776758
1130	1804	PC	705.047382738557
1130	1833	PC	1213.03350068973
1130	4001	PC	228625.727817649
1130	5101	PC	21453.6182052135
1130	5201	PC	14466.2881925062
1130	5605	PC	23566.0668137064
1130	5800	PC	9130.82882122702
1130	5810	PC	209549.116275224
1130	5820	PC	36044.1071978272
1130	5831	PC	132528.463754572
1130	5850	PC	5428.60997135975
1130	5930	PC	13687.135173166
1133	2301	PC	24038.3185716546
1133	2302	PC	24038.3185716546
1133	2303	PC	24038.3185716546
1133	2304	PC	24038.3185716546
1133	2305	PC	24038.3185716546
1133	2306	PC	24038.3185716546
1134	1017	PC	.923566241892203
1134	1106	PC	151.499198173304
1134	1149	PC	266.340168633389
1134	1173	PC	4915.61687085992
1134	2302	PC	899760.03333349
1134	4001	PC	1568998.68047987
1134	5101	PC	3623486.57433102
1134	5201	PC	754421.629205871
1134	5403	PC	282200.316710007
1134	5501	PC	13447.5489026965
1134	5605	PC	1547124.35346575
1134	5810	PC	290331.579955813
1134	5820	PC	9769.15468508639
1134	5831	PC	164551.649770056
1134	5840	PC	446691.19301038
1134	5880	PC	27225.2762484885
1134	5920	PC	37841.5450016417
1135	104	PC	686.41959894877
1135	602	PC	2903.90769189181
1135	805	PC	35571.1173986646
1135	806	PC	15822.9723062449
1135	1101	PC	355.53176649887
1135	1106	PC	803.783448697645
1135	1146	PC	633.980859144301
1135	1149	PC	406.238579421756
1135	1173	PC	1422.0186520525
1135	1247	PC	1563.03867981538
1135	1263	PC	2319.77802585774
1135	1271	PC	4285.89564907239
1135	1273	PC	4464.49583580211
1135	1401	PC	469.292724994555
1135	1439	PC	432.597954620064
1135	1502	PC	1416.46715017655
1135	1511	PC	3002.23282806556
1135	1554	PC	2699.13226440218
1135	1671	PC	1189.35328566987
1135	1675	PC	333.123020931605
1135	1833	PC	227.496754085402
1135	2302	PC	19133.5400502942
1135	4001	PC	3395.67892570968
1142	1142	PC	67940.3437612899
1146	1172	PC	384.052570773992
1146	1221	PC	1182.22488912492
1146	1401	PC	303.749336566055
1146	1871	PC	14717.8136537119
1146	4001	PC	32.2955789652729
1146	5101	PC	2.06361526934651
1149	50	PC	28.7643131599184
1149	104	PC	32.36158698543
1149	124	PC	9999.6287526178
1149	306	PC	4833.20946210693
1149	516	PC	5491.74776304887
1149	1106	PC	1368.9987354149
1149	1146	PC	192744.509968619
1149	1149	PC	256403.29772449
1149	1172	PC	256.035047182661
1149	1221	PC	553.381862994645
1149	1224	PC	769.875444114759
1149	1228	PC	775.90147584999
1149	1263	PC	3074.41970064821
1149	1271	PC	7050.12788385641
1149	1401	PC	3127.09941994753
1149	1416	PC	1156.54933369405
1149	1424	PC	43.295644211277
1149	1503	PC	1843.12010628353
1149	1563	PC	258.518000582338
1149	1820	PC	1139.63938119307
1149	1871	PC	24780.1478749762
1154	1154	PC	147308.404146234
1159	1263	PC	780.43924946801
1159	1273	PC	661.482173073028
1172	1172	PC	1258941.36915376
1172	1173	PC	87650.0724740268
1172	1671	PC	5.30472397384345
1173	58	PC	138.897894786745
1173	1102	PC	212007.539367557
1173	1121	PC	66644.6553143789
1173	1127	PC	108606.208680785
1173	1172	PC	3971045.73257654
1173	4005	PC	65.2054200563707
1173	5605	PC	.670684320579813
1173	5830	PC	2.07001333512288
1175	1172	PC	1840.34287489127
1175	1175	PC	149605.146593426
1211	805	PC	.904539169074955
1211	829	PC	12.8046356166742
1211	834	PC	1.56127032390729
1211	1211	PC	1250383.60934514
1219	1871	PC	385.083945225005
1221	1439	PC	207.545835362502
1221	1504	PC	1198.93066244236
1221	1833	PC	7997.92072787605
1221	2302	PC	13586.4576566992
1222	627	PC	1.05222693397243
1224	1122	PC	1.77319763352375
1227	829	PC	6.45473673947512
1227	834	PC	8.16540104496262
1227	1865	PC	9.21890676696296
1228	834	PC	1.77080986517262
1228	1671	PC	1126.56521334281
1228	1833	PC	260.801244293232
1228	5403	PC	24322.9278407144
1228	5605	PC	57364.0473015478
1233	1233	PC	311497.302055059
1235	829	PC	5.83353136084628
1235	834	PC	6.93500906872854
1235	1235	PC	519157.836914363
1235	1421	PC	25717.1854422968
1235	5810	PC	25.658077775
1238	805	PC	1031.1408411227
1241	829	PC	6.42377895026866
1241	1241	PC	311905.236148453
1243	1243	PC	109595.05747701
1243	1271	PC	7073.11991271636
1244	1244	PC	580818.805667188
1245	829	PC	6.42377895026866
1246	1246	PC	23557.0481615848
1246	1271	PC	4365.54475976552
1246	1638	PC	1.03461347387524
1246	2303	PC	779.803054464476
1247	237	PC	9.64492158235666
1247	1106	PC	3719.12708940938
1247	1130	PC	1.6740149744385
1247	1172	PC	1143.10048338362
1247	1221	PC	659.322653862439
1247	1244	PC	978.607315968843
1247	1246	PC	27511.2307467698
1247	1247	PC	288100.514895221
1247	1263	PC	2.1524887851864
1247	1271	PC	68984.436170257
1247	1401	PC	630.461330731422
1247	1421	PC	892.493749044598
1247	1428	PC	318.300087139507
1251	1235	PC	19807.5024471522
1251	1401	PC	3891.99375885046
1252	829	PC	6.42377895026866
1252	1252	PC	25471.3638210821
1252	1271	PC	229.778765107314
1253	1253	PC	2611.76239495925
1253	1256	PC	61494.0464709249
1259	1172	PC	1.54160550692329
1263	104	PC	1129.47875583921
1263	105	PC	5987.20173779369
1263	402	PC	2.48515015679365
1263	805	PC	1522.13538971003
1263	926	PC	1010.5719447719
1263	1106	PC	1594.77745430979
1263	1221	PC	679.011462055881
1263	1224	PC	258.041477313086
1263	1228	PC	1176.44522957467
1263	1251	PC	1058.96652029386
1263	1263	PC	355536.437948179
1263	1271	PC	8316.00568155779
1263	1273	PC	52.0929906516359
1263	1401	PC	5821.7337788209
1263	1411	PC	1761.85762674833
1263	1416	PC	3006.36176953454
1263	1502	PC	3047.3174965628
1263	1504	PC	1151.17831740414
1263	1520	PC	2017.75440156428
1263	1563	PC	130.83507459439
1263	1671	PC	1829.47045984072
1263	1833	PC	446.00308451714
1263	1901	PC	2111.42771251782
1263	2030	PC	45.9842269456263
1263	2304	PC	11813.3912788539
1271	105	PC	2.62739460838074
1271	106	PC	1478.82448508248
1271	302	PC	497.091294205766
1271	709	PC	168.067009085796
1271	720	PC	.73739400236393
1271	805	PC	226.150311250288
1271	906	PC	2813.6551883941
1271	1037	PC	793.100215968057
1271	1101	PC	863.383189867896
1271	1106	PC	6349.56287152985
1271	1122	PC	.896630311949005
1271	1146	PC	190.862226577042
1271	1149	PC	4288.12941025348
1271	1173	PC	415.976552618135
1271	1175	PC	693.722478115481
1271	1219	PC	964.754992365268
1271	1221	PC	2832.66417367699
1271	1224	PC	619.608577260763
1271	1228	PC	2462.24442558192
1271	1238	PC	2080.58457667828
1271	1241	PC	2584.56545655494
1271	1243	PC	18658.241446748
1271	1244	PC	3454.26278470317
1271	1246	PC	102227.247346438
1271	1247	PC	79686.1853595857
1271	1251	PC	2341.94518911141
1271	1263	PC	2242.46904967691
1271	1271	PC	381196.163369189
1271	1273	PC	274115.119379407
1271	1275	PC	16743.6744322408
1271	1277	PC	386286.533469289
1271	1401	PC	13898.5987801372
1271	1411	PC	75.4004690477174
1271	1416	PC	1852.99710709504
1271	1424	PC	315.753633839329
1271	1438	PC	1374.34356042891
1271	1502	PC	2123.96632844794
1271	1503	PC	744.54388207544
1271	1504	PC	4491.64197710709
1271	1511	PC	513.161387518956
1271	1520	PC	4.19273641883487
1271	1554	PC	2783.99288555066
1271	1563	PC	179.57755336485
1271	1671	PC	1665.27724894305
1271	1675	PC	1390.44978275403
1271	1677	PC	7.5215916121931
1271	1702	PC	734.445651606955
1271	1719	PC	1547.2662372111
1271	1833	PC	32514.0638915506
1271	1871	PC	19.5786903021936
1271	1901	PC	712.444933671658
1271	1931	PC	3.53275508891095
1271	1971	PC	7.82350688978894
1271	2030	PC	19.4155624881533
1271	2302	PC	685.092079292157
1273	104	PC	781.826549957924
1273	1120	PC	2.40934143331382
1273	1263	PC	314.176901154017
1273	1271	PC	8345.5824507516
1273	1416	PC	740.787294341161
1273	1502	PC	2583.83142001887
1273	1833	PC	456.591461161728
1273	1971	PC	354.665645670432
1274	805	PC	6.10778394370488
1274	834	PC	7.34298675785919
1274	1142	PC	19.4719031446703
1274	1502	PC	2.08982561298824
1274	1503	PC	4.80673925213465
1274	1504	PC	2.0465392309407
1275	806	PC	3.72456925767557
1275	6020	PC	100.848945441555
1276	1247	PC	5899.85786446059
1276	1271	PC	38628.6533468983
1276	1272	PC	463543.840163188
1276	1276	PC	1312512.17334984
1276	1277	PC	3648.60196819755
1277	834	PC	.783251920838314
1277	1276	PC	4413.63141314219
1401	101	PC	763.511534660073
1401	104	PC	232.913401677219
1401	105	PC	127.285002974473
1401	805	PC	646.655069404955
1401	1071	PC	5.29075618245042
1401	1102	PC	2512.26795545275
1401	1106	PC	6517.80397200875
1401	1173	PC	788.216658352286
1401	1221	PC	81.1423820845288
1401	1246	PC	70.4728746397744
1401	1251	PC	607.671185491943
1401	1263	PC	8492.12721971358
1401	1271	PC	9853.48681201094
1401	1401	PC	38369.2965356172
1401	1411	PC	14154.5023009731
1401	1416	PC	13571.6762586102
1401	1421	PC	927.919797990693
1401	1424	PC	1911.94317956672
1401	1428	PC	130.099632051926
1401	1438	PC	6706.318272921
1401	1439	PC	5723.7110646848
1401	1502	PC	5680.690623993
1401	1503	PC	16741.7092913571
1401	1504	PC	13180.2657796903
1401	1511	PC	1841.65051313317
1401	1520	PC	2769.23922113138
1401	1554	PC	573.732645050378
1401	1563	PC	429.100559934752
1401	1671	PC	653.760434361629
1401	1702	PC	2715.73670760054
1401	1719	PC	91.3979220548336
1401	1750	PC	1.49853344346109
1401	1804	PC	958.906736320251
1401	1820	PC	976.521699827316
1401	1833	PC	6438.79876732833
1401	1871	PC	42.6432994771955
1401	1931	PC	1.01030980506177
1401	1971	PC	6486.62318176625
1401	2303	PC	360094.012203386
1401	5101	PC	8239.51073956167
1401	5800	PC	15086.8412739215
1401	5820	PC	85519.510800667
1401	5831	PC	151537.146231746
1401	5835	PC	5887.566857205
1411	231	PC	.994709318979299
1411	709	PC	1956.94291002174
1411	1149	PC	314.233038742167
1411	1263	PC	3357.45819393383
1411	1271	PC	8223.81575196283
1411	1401	PC	39892.0038773361
1411	1413	PC	9004.69301457326
1411	1421	PC	3.48753949937536
1411	1438	PC	2252.4196906412
1411	1503	PC	13352.6337927051
1411	1504	PC	12795.3174064343
1411	1554	PC	8818.41504862648
1411	1563	PC	3399.97571399192
1411	1833	PC	1321.34705076501
1411	4001	PC	107482.102654585
1411	5101	PC	46366.3953255925
1411	5103	PC	8006.71083612812
1411	5404	PC	538092.696983457
1411	5501	PC	141892.888832951
1411	5605	PC	9547.40852005042
1411	5790	PC	63763.7814732337
1411	5800	PC	40087.847383598
1411	5810	PC	207872.150550863
1411	5820	PC	73853.7122628355
1411	5831	PC	39947.6787239629
1411	5835	PC	217901.529053166
1411	5840	PC	247131.842197351
1411	5841	PC	76152.8757480717
1411	5842	PC	50979.8014648862
1411	5850	PC	4406.61050002949
1413	1134	PC	1208.144007205
1413	1271	PC	307.07091649952
1413	1401	PC	8833.33067768385
1413	1411	PC	2037.5859772899
1413	1416	PC	4808.20972113159
1413	1421	PC	679.775299657749
1413	1424	PC	602.907054107432
1413	1503	PC	547.964701288015
1413	1504	PC	2451.28074817479
1416	1401	PC	737.335353702983
1416	1439	PC	92.9496868956587
1416	1504	PC	1875.41146415218
1416	1554	PC	168.369486336369
1416	4003	PC	11.3903042204335
1416	5831	PC	9.83424053567425
1420	1420	PC	316149.975543872
1420	1426	PC	1993.20516900627
1421	51	PC	23178.403136842
1421	1421	PC	828051.898583848
1421	1671	PC	5460.11431547852
1421	4001	PC	10990.9638092787
1421	5101	PC	3093.22135262499
1421	5403	PC	12631.2810788075
1421	5800	PC	17184.6449613013
1421	5831	PC	7341.09025359644
1421	5840	PC	21176.1480883105
1422	1422	PC	156898.793704108
1424	602	PC	467.041388492041
1424	1173	PC	698.349225263299
1424	1247	PC	1432.29020860547
1424	1271	PC	9.13724107404519
1424	1273	PC	2017.80740385164
1424	1439	PC	253.865290505127
1424	1504	PC	56.2040435791803
1424	1554	PC	7262.73574815128
1424	1563	PC	6131.01977503666
1424	4001	PC	11054.8951875712
1424	5930	PC	1339.19500158573
1426	1420	PC	7308.70607062254
1426	1426	PC	10464.3271373603
1428	1503	PC	845.587672559798
1428	6020	PC	65.8699341719452
1433	423	PC	1.28060220585114
1438	805	PC	1147.27451744008
1438	1246	PC	.773188110333525
1438	1263	PC	14.2142259800221
1438	1271	PC	126.654757346088
1438	1273	PC	227.978563222958
1438	1401	PC	3446.67147966173
1438	1411	PC	524.665671421858
1438	1428	PC	444.33221108057
1438	1438	PC	573.860281372567
1438	1439	PC	1076.28367946443
1438	1504	PC	5314.34082873069
1438	1511	PC	885.596811956248
1438	1520	PC	2008.07030019066
1438	2301	PC	180640.271804042
1438	2302	PC	192306.548573237
1438	2303	PC	192306.548573237
1438	2304	PC	192306.548573237
1438	2305	PC	192306.548573237
1438	2306	PC	192306.548573237
1438	5402	PC	1308577.71667724
1438	5403	PC	562969.944194989
1438	5501	PC	393921.709172606
1438	5605	PC	28926.2292790649
1439	1246	PC	981.125464228691
1439	1263	PC	1822.05600465779
1439	1271	PC	8.10209751656235
1439	1401	PC	5470.11701750217
1439	1438	PC	514.703117076181
1439	1439	PC	1006887.88946554
1439	1504	PC	668.737379765355
1439	1554	PC	304.090070037722
1439	1675	PC	608.646641744055
1443	1923	PC	.615355170120125
1445	829	PC	6.3931520775546
1445	834	PC	8.86701251356002
1445	1445	PC	1264796.02170599
1449	834	PC	20.4623365697539
1502	106	PC	464.696641981403
1502	309	PC	.561509592555083
1502	805	PC	705.476281340505
1502	829	PC	12.8368002978863
1502	834	PC	27.3908629095252
1502	937	PC	1.53377756312816
1502	1135	PC	3.74247649278099
1502	1173	PC	1734.38990872145
1502	1263	PC	537.70192932484
1502	1271	PC	730.422827507791
1502	1401	PC	3904.01613366154
1502	1438	PC	207.485995359713
1502	1439	PC	279.563014523658
1502	1502	PC	1143663.30874284
1502	1503	PC	15426.4013410873
1502	1504	PC	25089.839213076
1502	1547	PC	28986.7225173365
1502	1554	PC	47818.361259303
1502	1557	PC	1891.25362893126
1502	1563	PC	23765.3517885349
1502	1566	PC	935.85258999271
1502	1671	PC	1063.91544820174
1502	1675	PC	1725.79671545782
1502	1677	PC	2.37240526648961
1502	1703	PC	.892787079014062
1502	1714	PC	1125.17485306983
1502	1750	PC	1.02606911608191
1502	1833	PC	5627.92619888084
1502	1870	PC	.615469056928622
1503	106	PC	502.992340360322
1503	625	PC	1.62279925753333
1503	805	PC	2279.55597383117
1503	1106	PC	62.8028757321022
1503	1173	PC	198.589284370882
1503	1263	PC	640.804620126654
1503	1271	PC	507.937370847164
1503	1401	PC	8221.92798327538
1503	1416	PC	574.702492575276
1503	1439	PC	272.057301277205
1503	1502	PC	10816.2823892764
1503	1503	PC	158345.472469654
1503	1504	PC	8917.52129774
1503	1520	PC	208.879354608237
1503	1531	PC	38.1389837347403
1503	1554	PC	9792.30766338639
1503	1563	PC	18075.2641607013
1503	1566	PC	408.593784622228
1503	1569	PC	265.254248097846
1503	1638	PC	329.814914615835
1503	1671	PC	19068.9206274645
1503	1675	PC	68331.6844860624
1503	1702	PC	6266.34457071002
1503	1750	PC	549.086730113266
1503	1804	PC	117.661667103274
1503	1805	PC	65.3141328880803
1503	1833	PC	24260.0280517084
1503	1931	PC	317.286372668727
1503	2301	PC	28055.6023713495
1504	106	PC	344.318683017546
1504	302	PC	278.696460120335
1504	709	PC	33.5763797826174
1504	805	PC	520.790958800488
1504	1037	PC	413.830461573201
1504	1071	PC	508.243224824121
1504	1106	PC	21.1664843794995
1504	1221	PC	298.459830299396
1504	1247	PC	37.5017857532473
1504	1271	PC	1222.02421582541
1504	1273	PC	286.081549796109
1504	1401	PC	3880.12942536071
1504	1411	PC	688.076452415372
1504	1424	PC	10.2863976310372
1504	1438	PC	12.6063386415183
1504	1439	PC	318.501036810811
1504	1502	PC	1702.73296069662
1504	1503	PC	7913.4071496847
1504	1504	PC	13613.7244426132
1504	1511	PC	4062.11659673409
1504	1520	PC	188476.844276834
1504	1554	PC	13100.4480989672
1504	1557	PC	563.909735453974
1504	1563	PC	9833.71346259693
1504	1566	PC	4343.54939719692
1504	1569	PC	52.4788501998297
1504	1671	PC	4242.68755379701
1504	1675	PC	644.181784471851
1504	1702	PC	39.1064626795358
1504	1750	PC	51.9400990715728
1504	1804	PC	472.942632457515
1504	1813	PC	146.044126880468
1504	1833	PC	1711.54021475031
1504	1860	PC	155.182871463761
1504	1865	PC	130.591682405178
1504	1870	PC	2451.65000601739
1504	1871	PC	2500.75085019655
1504	1901	PC	2400.22338531111
1504	1931	PC	107.229366343039
1504	1971	PC	654.16634916639
1504	2012	PC	11.9796639693499
1504	2018	PC	442.43919532823
1511	51	PC	1.0309813916802
1511	56	PC	17310.6930570063
1511	57	PC	3564.51506359511
1511	58	PC	424.76433337224
1511	59	PC	1839.68319531414
1511	60	PC	29.7953622195576
1511	62	PC	37.115330100487
1511	623	PC	3478.56668903235
1511	805	PC	2566.71744712972
1511	1130	PC	623.027469672959
1511	1263	PC	1052.09861923129
1511	1271	PC	2161.31459802055
1511	1273	PC	2719.56522813736
1511	1401	PC	3047.20126915238
1511	1438	PC	603.83321602766
1511	1504	PC	65203.4711402754
1511	1511	PC	21142.9439883436
1511	1671	PC	1743.33468918089
1511	1675	PC	1301.25996191247
1511	1805	PC	236035.201345946
1511	1833	PC	192.857393367012
1511	3001	PC	6470.85160674158
1511	4001	PC	9778.85850008665
1511	4005	PC	29.6922640803896
1511	5101	PC	34057.4392927636
1511	5102	PC	61849.7490056814
1511	5104	PC	3144.4932446246
1511	5201	PC	138420.592628375
1511	5203	PC	56703.9765424107
1511	5302	PC	5588.74392802
1511	5404	PC	326038.947129824
1511	5501	PC	131948.410024656
1511	5605	PC	36612.3142794863
1511	5700	PC	10679.833138276
1511	5710	PC	1.0309813916802
1511	5730	PC	24.7435534003247
1511	5820	PC	742.718994566413
1511	5831	PC	1312.33621346972
1511	5835	PC	597.556814617841
1511	5842	PC	8576.01251041337
1511	5850	PC	3536.57546788058
1511	5880	PC	55550.1021688423
1511	6000	PC	224.753943386283
1511	6020	PC	118668.020145174
1511	6030	PC	80262.0436177353
1511	6040	PC	117817.872889594
1514	520	PC	.925446296536276
1514	1247	PC	1.68653041564421
1514	1515	PC	2.8084786114161
1515	1515	PC	220090.621256634
1516	1515	PC	91871.7316573029
1517	106	PC	1238.35019262504
1517	1504	PC	1309.75982234483
1517	1569	PC	242.990382307027
1517	1671	PC	2707.05759462605
1517	1833	PC	7521.43834131346
1519	1519	PC	668339.189126112
1519	1520	PC	643152.80478129
1520	829	PC	12.652381243512
1520	834	PC	20.2480153977984
1520	1401	PC	1281.91463413305
1520	1503	PC	441.549200695718
1520	1504	PC	13524.2771508058
1520	1520	PC	170599.989803604
1520	1554	PC	351.687810137715
1520	1671	PC	8083.82872929649
1520	1675	PC	1205.79616527017
1520	1833	PC	13916.5875869137
1524	1102	PC	.603590808160761
1524	1524	PC	1577.10620494799
1524	5930	PC	12890.931578463
1525	1520	PC	1.64446278610347
1525	1634	PC	2.76785921307247
1528	829	PC	6.43914262413364
1528	1528	PC	1088484.1364897
1529	829	PC	12.8782852482673
1529	834	PC	6.86984563051769
1531	1242	PC	.966376061856916
1531	1401	PC	304.905330113589
1531	1504	PC	74495.4344417019
1531	1531	PC	13879.6471392696
1531	1824	PC	1.1316229907902
1534	1534	PC	1574058.22895557
1535	1263	PC	.66625020452157
1535	1535	PC	362369.126693563
1535	1851	PC	1.21059493727434
1539	829	PC	6.41840014894314
1539	834	PC	6.84771572738129
1539	1539	PC	762006.137027438
1539	1671	PC	.850128345592543
1548	1548	PC	44480.6888346938
1548	6030	PC	3.52359775284805
1551	52	PC	8781.17650512397
1551	805	PC	1.31664631397536
1551	834	PC	6.84771572738129
1551	1101	PC	161.129646533233
1551	1102	PC	2.19219278011513
1551	1234	PC	2.08316474442974
1551	1243	PC	1.06018760863376
1551	1244	PC	2.04947326993158
1551	1256	PC	2.09843203020342
1551	1264	PC	5.01768594362824
1551	1271	PC	14.5566318921106
1551	1275	PC	1.06697825387198
1551	1411	PC	11.1834473854139
1551	1428	PC	5.26113156525646
1551	1439	PC	40.8687247152273
1551	1622	PC	5.11722423439915
1551	1805	PC	64.8152742519624
1551	1813	PC	3.18587214308626
1551	1849	PC	1.61565233575908
1551	1852	PC	31.0836106526483
1551	1860	PC	1.09210175641168
1551	1865	PC	21.0066491241233
1551	1866	PC	46.2281449614211
1551	1874	PC	4.39154545144368
1551	1931	PC	15.798147337454
1551	1971	PC	10.3795637842263
1551	2002	PC	145.746724828783
1551	2003	PC	8.12578931118989
1551	2004	PC	8.45307059321556
1551	2025	PC	4.20336538730426
1551	4001	PC	10076.2532230567
1551	5101	PC	11147.7566332795
1551	5403	PC	45046.4154824627
1551	5501	PC	37861.1608835264
1551	5605	PC	19541.5434439383
1554	1504	PC	1.52684210217276
1554	2301	PC	142889.054020001
1557	1106	PC	219.875794497846
1557	1502	PC	365.320053484488
1557	1503	PC	1096.32571239517
1557	1557	PC	285.362913389458
1557	1833	PC	693.822189198082
1560	1502	PC	57922.0547559796
1560	1551	PC	10274.8972698017
1560	1560	PC	421799.397103458
1563	1149	PC	112.772701751572
1563	1271	PC	133.349070785873
1563	1438	PC	205.803810614773
1563	1439	PC	618.57299441962
1563	1502	PC	15602.4996590992
1563	1503	PC	68005.5282290289
1563	1504	PC	39482.3430752714
1563	1511	PC	512.686014064675
1563	1554	PC	6692.82280568525
1563	1563	PC	35290.4440291308
1563	1671	PC	168.357562141945
1563	1702	PC	331.25906334443
1563	1719	PC	166.464717560684
1563	1750	PC	600.775687272519
1563	1833	PC	1708.70871384433
1563	1837	PC	57.0248790748971
1563	1845	PC	4136.44933112086
1566	829	PC	6.38802084567281
1566	1566	PC	701163.168073055
1566	1567	PC	201779.074600625
1567	829	PC	6.38802084567281
1567	1567	PC	58205.5022886419
1569	1569	PC	4353.58490302495
1569	1677	PC	47649.0757174866
1569	1833	PC	141.293116200981
1571	829	PC	12.7760416913456
1612	1106	PC	229.412302714175
1617	427	PC	1.10309701026261
1617	625	PC	19.4523058614133
1627	1627	PC	569831.546667439
1630	1630	PC	182928.594066842
1634	50	PC	34.6291257380923
1634	52	PC	123.3624024734
1634	55	PC	1.06479932082369
1634	56	PC	.601843094378609
1634	58	PC	49.9992724560691
1634	60	PC	1.06479932082369
1634	61	PC	.972208075534676
1634	306	PC	2675.39766635556
1634	427	PC	.921711598808927
1634	625	PC	63.5639539591978
1634	815	PC	4.09438559159621
1634	1276	PC	6119.24950619526
1634	1634	PC	12.5575933167138
1634	4001	PC	115.188653097608
1634	5106	PC	2.94328474630091
1634	5201	PC	1.02879161432241
1634	5403	PC	4.87901242426472
1634	5605	PC	13.7624973099543
1634	5800	PC	24.4852404208733
1634	5810	PC	8.53897039887599
1634	5820	PC	25.3597132930474
1634	5831	PC	157.28166199761
1634	5880	PC	80.6572625628769
1635	625	PC	17.4119307547878
1636	427	PC	.917588510645486
1636	625	PC	28.7001410832026
1638	1271	PC	254.914815239028
1638	1503	PC	130.621226358823
1638	1504	PC	77.7525304898975
1638	1833	PC	64.1944855055044
1638	5930	PC	7.44913280682397
1640	438	PC	4223.29692236666
1640	1640	PC	235016.353542165
1648	55	PC	91.7963403827556
1648	625	PC	6.70708893410899
1648	1677	PC	5000.17987312701
1653	625	PC	2.05963399736387
1653	1653	PC	148388.499700219
1657	1653	PC	13753.7257409973
1662	625	PC	7.73985669783013
1662	1672	PC	11435.7534712056
1662	1677	PC	38119.1782372824
1663	1274	PC	11.2279503564538
1664	1664	PC	28013.1649265379
1671	106	PC	1202.33733440121
1671	602	PC	2018.26241896702
1671	1037	PC	11930.3374204603
1671	1071	PC	1804.96386552195
1671	1102	PC	32.750085773527
1671	1106	PC	1533.14046245977
1671	1238	PC	558.801580258186
1671	1271	PC	273.808880283521
1671	1273	PC	152.853233261723
1671	1401	PC	705.292627581514
1671	1438	PC	236.139309813833
1671	1502	PC	2194.14386688079
1671	1503	PC	2791.25385212435
1671	1504	PC	1265.40346612095
1671	1520	PC	77.0214729921993
1671	1531	PC	16631.8218503326
1671	1563	PC	860.230219811407
1671	1674	PC	63352.7823001309
1671	1702	PC	1252.30312701605
1671	1703	PC	3364.36178174802
1671	1719	PC	6805.39297020756
1671	1750	PC	611.462506952855
1671	1804	PC	5349.95356211018
1671	1805	PC	279.800045635595
1671	1820	PC	3.08542137021776
1671	1833	PC	11663.5256371751
1671	1860	PC	550.79946175372
1671	1865	PC	1.04650960234434
1671	1868	PC	46912.2828679468
1671	1870	PC	3.61073855446527
1671	1901	PC	916.754473619899
1671	1931	PC	308.619435111876
1671	1941	PC	7.9102660466726
1671	1971	PC	263.779568065484
1671	1972	PC	22.1553985035239
1671	2014	PC	63.0985738513767
1671	2030	PC	37.0241257721897
1673	1673	PC	500180.708836765
1674	1271	PC	4.59325241854927
1675	805	PC	31725.8694726592
1675	1037	PC	544.139035006062
1675	1502	PC	407.476625324468
1675	1503	PC	8499.87468425028
1675	1702	PC	448.505264252964
1675	1750	PC	368.319875712967
1675	1804	PC	684.471662106558
1675	1805	PC	101.745471140216
1675	1860	PC	88.0864614281585
1675	1865	PC	68.023124152382
1675	1870	PC	22.6960709137817
1675	1901	PC	77.9833255212884
1675	1931	PC	200.199208724534
1675	1971	PC	218.947467564236
1675	2012	PC	58.4349311374989
1675	2014	PC	12.6197147702753
1675	2025	PC	50.5581576031299
1676	625	PC	6.43660213884869
1677	58	PC	11.9573271339612
1677	305	PC	2.50598382522015
1677	625	PC	15.432501155033
1677	1121	PC	3.68575073797185
1677	1135	PC	1.22494084839715
1677	1449	PC	1562.54371530048
1677	1563	PC	10758.0198811691
1677	1620	PC	.649797503773858
1677	1671	PC	52426.3964248968
1677	1675	PC	476461.075594937
1677	1677	PC	2731277.08833324
1677	1703	PC	10321.4310976121
1677	1751	PC	7566.20884873333
1677	1913	PC	.672325765429587
1702	625	PC	13.7970651457753
1702	1401	PC	1382.72452184173
1702	1438	PC	250.817476847161
1702	1503	PC	2780.74370866363
1702	1504	PC	253.982235908818
1702	1554	PC	2462.36367499295
1702	1563	PC	1342.58745597683
1702	1671	PC	3540.15527839926
1702	1675	PC	11258.1915224314
1702	1721	PC	13003.4916795865
1702	1729	PC	6496.858795058
1703	1563	PC	594.432825659356
1703	1804	PC	3817.73660930368
1703	1868	PC	16373.0575089151
1711	50	PC	488.433414619653
1711	62	PC	2854.38746060312
1711	1711	PC	639700.724482405
1714	720	PC	1.4022897274148
1714	1664	PC	5527.59352941387
1714	1744	PC	10745.408340455
1714	1804	PC	308.122770941428
1714	1805	PC	51.9713231318964
1714	1871	PC	51.936217937435
1714	1901	PC	104.052231451345
1714	1931	PC	1.52195094449482
1717	1717	PC	36421.3862076244
1718	62	PC	30.8335917967361
1719	625	PC	42.1749383106589
1719	1271	PC	230.49246199202
1719	1401	PC	438.61081891035
1719	1554	PC	1839.92445272697
1719	1557	PC	313.00886062636
1719	1563	PC	92.7617417758356
1719	1640	PC	3106.87973926991
1719	1664	PC	9688.77388871268
1719	1671	PC	31168.7371576985
1719	1702	PC	41884.2767160813
1719	1717	PC	11328.7488311276
1719	1719	PC	346216.125104456
1719	1721	PC	6292.16148731066
1719	1868	PC	1449.92646304335
1721	58	PC	23314.0687028673
1721	219	PC	532.213915195682
1721	540	PC	71.7098365113972
1721	720	PC	.622821082957122
1721	1271	PC	50.8813381880839
1721	1674	PC	10933.9850541899
1721	1677	PC	43735.9402167594
1721	1702	PC	152349.627027819
1721	1719	PC	104031.026852728
1721	1729	PC	20244.7203016139
1721	1742	PC	6774.33383054245
1721	3001	PC	109402.819762029
1721	6040	PC	31581.6562950161
1724	1723	PC	37990.5468535301
1725	1749	PC	27212.993740905
1729	105	PC	1.67893043904655
1729	219	PC	2.6488747422835
1729	220	PC	2.10195417827664
1729	226	PC	39.2026018059886
1729	228	PC	.840837042012819
1729	233	PC	.800649867937029
1729	305	PC	.843614778206778
1729	306	PC	15.698657882207
1729	312	PC	1.70528552075092
1729	415	PC	.83523180841098
1729	418	PC	12.7007337962925
1729	419	PC	8.00219368663953
1729	427	PC	.733619696758841
1729	502	PC	1.66129411074747
1729	514	PC	1.81816870739416
1729	538	PC	4.76331764548774
1729	602	PC	4.47552327916796
1729	625	PC	14.5659940604866
1729	806	PC	2.50142284605456
1729	1253	PC	3.87724789729281
1729	1256	PC	.813407956422854
1729	1503	PC	10.4967483694327
1729	1515	PC	20.647591142547
1729	1563	PC	1.02013794101797
1729	1630	PC	35.7898208404718
1729	1702	PC	6696.40946270064
1729	1721	PC	6632.14046595299
1729	1804	PC	.847510011857945
1736	625	PC	12.2224971617148
1736	1422	PC	20960.4068709812
1736	1736	PC	15482.6330752096
1738	50	PC	61.5040577441133
1738	51	PC	1008.61436386649
1739	625	PC	9.00736286094662
1742	1742	PC	240924.379212302
1743	1743	PC	224649.205513639
1750	1554	PC	508.941102873319
1750	1675	PC	1.03929735023361
1750	1804	PC	1888.13563603692
1750	1868	PC	1653.48236847921
1751	625	PC	15.0942510373358
1751	1750	PC	7578.19777096988
1751	1751	PC	23595.247601076
1804	402	PC	20.9736212204424
1804	1804	PC	542021.502483867
1804	2002	PC	1.54896177420775
1805	709	PC	1842.22706600369
1805	805	PC	10532.9272736937
1805	1238	PC	310.261240092113
1805	1503	PC	265.462565000945
1805	1511	PC	33978.3527652433
1805	1671	PC	2634.88139784219
1805	1675	PC	1472.43372232358
1805	1804	PC	4818.72008922559
1805	1805	PC	104331.032368758
1805	1850	PC	1299.4648995446
1805	1851	PC	3937.60323749688
1805	1868	PC	9194.95813511615
1805	1901	PC	7214.06250269855
1805	1931	PC	12453.534731175
1805	1941	PC	512.318554103463
1805	1971	PC	1111.99254416283
1813	301	PC	47.0154216123081
1813	1671	PC	1164.14484767446
1813	1676	PC	2.08924483361674
1813	1804	PC	229.109621754093
1813	1931	PC	1.02153720091984
1820	1531	PC	1.52164084842722
1820	1820	PC	56785.2918064283
1820	1931	PC	1.83950402431994
1824	106	PC	1530.86699055191
1824	805	PC	1411.68214413826
1824	1671	PC	1438.11895656431
1824	1824	PC	600564.095789811
1824	1833	PC	126668.301898906
1828	720	PC	2.08893124807706
1832	213	PC	1.8649321578614
1833	104	PC	1894.78345152457
1833	106	PC	1633.17028016169
1833	302	PC	759.405315304618
1833	805	PC	9824.39767229688
1833	1438	PC	882.478984448161
1833	1502	PC	120.211925957362
1833	1504	PC	178.887748929625
1833	1511	PC	384.28761814398
1833	1671	PC	3291.18730932977
1833	1675	PC	604.018106365245
1833	1804	PC	1522.99607393196
1833	1833	PC	99164.2576572248
1833	1901	PC	1139.94672740899
1833	2030	PC	17.8183721546366
1833	5102	PC	20.5114861752528
1837	1401	PC	1.31291995167022
1841	1841	PC	60086.1953586763
1841	4001	PC	43.720393043003
1841	5101	PC	223.746933313461
1841	5102	PC	72.0439621706735
1841	5605	PC	59.6935686557009
1841	5840	PC	24.9066269218614
1841	5880	PC	25.7299864895263
1848	1848	PC	4993.63799021286
1850	805	PC	1568.84390419452
1850	1671	PC	1222.89495464558
1850	1675	PC	619.972093609927
1850	1804	PC	1725.1081865129
1850	3001	PC	1.45728349602738
1850	5101	PC	552.14766099694
1850	5106	PC	1328.62790465562
1850	5201	PC	22.0315853499296
1850	5404	PC	1478.90396367225
1850	5605	PC	22.9154296301913
1850	5880	PC	22.2241261664872
1850	6020	PC	73.3273265100531
1851	1401	PC	3029.51408468528
1851	1503	PC	207.313622191214
1851	1504	PC	2.60234037765877
1851	1554	PC	95.9949702920565
1851	1569	PC	217.766017140387
1851	1804	PC	120040.131004218
1851	1805	PC	23689.9045491337
1851	1868	PC	40162.8490254728
1851	1901	PC	10.1617248338889
1854	1122	PC	2.31049803371958
1860	1804	PC	2518.1357835664
1860	1860	PC	142816.64534362
1865	709	PC	14.663976642479
1865	1401	PC	805.698609516651
1865	1804	PC	363.67154671353
1865	1805	PC	466.614720285409
1865	1901	PC	18.1158272567105
1865	2002	PC	33.1761331598181
1866	214	PC	.892908024409853
1866	305	PC	1.01039911117204
1866	1401	PC	569.468551533616
1866	1528	PC	4.04947942524459
1866	1805	PC	29266.3814795794
1866	1866	PC	308316.529300924
1866	1931	PC	1.9504214409732
1868	1805	PC	3654.74659887535
1870	106	PC	1605.56163945206
1870	1504	PC	591.660630342081
1870	1675	PC	256.946657474723
1870	1805	PC	2762.76631707801
1870	1833	PC	27463.772119902
1870	1901	PC	105.583164510816
1870	2014	PC	3.14193083029655
1871	213	PC	.858311806330033
1871	1703	PC	4559.64275053044
1871	1832	PC	1.56405504913518
1871	1865	PC	11886.5884620415
1871	1871	PC	306688.675858635
1871	1915	PC	5.15039826882027
1871	1924	PC	11661.2169855379
1871	1931	PC	11402.940182692
1871	1942	PC	11528.1062104669
1901	105	PC	1705.14574570432
1901	106	PC	5743.78640449526
1901	1106	PC	1264.50993580142
1901	1149	PC	202.506389937414
1901	1676	PC	.666340176853162
1901	1805	PC	2356.4355162732
1901	1833	PC	3956.60813065418
1911	1911	PC	389814.633827437
1913	1860	PC	3961.52446660145
1913	1901	PC	3903.59275190696
1913	1917	PC	3508.6612358788
1913	1931	PC	3736.71707562111
1924	720	PC	.890183916106618
1924	1924	PC	50448.4079348832
1931	1677	PC	1.55842164992483
1931	1871	PC	.61500316103685
1931	1924	PC	43888.0999142837
1931	1931	PC	42462.251984293
1931	1972	PC	12.4498609578891
1931	2014	PC	3.30803615703091
1931	2022	PC	11.9759944239809
1933	1933	PC	224889.469004909
1933	1940	PC	8684.21733263977
1938	1971	PC	2.02929180279672
1940	1940	PC	25546.6621099479
1942	1942	PC	.66080130390318
1971	105	PC	1014.03991561044
1971	106	PC	2408.0918706171
1971	310	PC	.611734190287434
1971	1172	PC	.627255145282395
1971	1263	PC	5.75829786897227
1971	1401	PC	1413.56818286637
1971	1504	PC	105.505360823204
1971	1671	PC	52.5497534814091
1971	1805	PC	13088.4210799132
1971	1833	PC	5864.68007485274
1971	1901	PC	963.19523084524
1971	1971	PC	64399.3267555842
1972	1971	PC	2.07812780624344
1972	1972	PC	1232416.30835829
1973	1972	PC	100298.958561445
1973	1973	PC	192901.493959304
2002	1106	PC	11.2999988068319
2002	1820	PC	1.7134785586832
2002	2003	PC	.998268702350481
2002	2030	PC	2.62826140141295
2002	2301	PC	72.1149557149639
2004	2004	PC	499191.443264924
2011	51	PC	92.9845068961143
2011	4001	PC	156.00390691873
2011	4003	PC	25.1253817083631
2011	4004	PC	25.0224088325092
2011	5101	PC	530.454472674024
2011	5102	PC	30.7888898803302
2011	5106	PC	24.6105173290934
2011	5501	PC	76.3029010077749
2011	5840	PC	171.851432512652
2011	5880	PC	685.078543056311
2012	52	PC	33.3632117766789
2012	58	PC	4.17040147208486
2012	1106	PC	38251.6983642953
2012	1120	PC	1.02042432268975
2012	1146	PC	21309.4048149015
2012	1149	PC	191565.758154154
2012	1173	PC	900.863949074652
2012	1219	PC	1719.194479035
2012	1263	PC	18.9967519011633
2012	1271	PC	1143.5230215845
2012	1401	PC	118.569896936263
2012	1504	PC	68.7717040856787
2012	1551	PC	1.02837972573459
2012	1554	PC	400.745637994084
2012	1563	PC	670.476395140915
2012	1804	PC	5.1923762983558
2012	1813	PC	7.10221621136354
2012	1820	PC	7.45437639933668
2012	1833	PC	3812.69225650115
2012	1871	PC	232.016454226882
2012	1901	PC	1.0217045150018
2012	3001	PC	732.142295965357
2012	4001	PC	32.7453745215552
2012	5404	PC	2709.65502816849
2012	5820	PC	12.1507993507658
2012	6020	PC	51.4349514890466
2014	1504	PC	1.52645096372474
2014	1671	PC	46.7510411055361
2017	2017	PC	1296486.24060558
2018	1504	PC	76.1243813538457
2018	1931	PC	1.16599337077242
2019	806	PC	1456.36414707669
2019	1149	PC	116.255640531313
2019	1554	PC	23748.9283287044
2019	1612	PC	8840.12982029923
2025	1805	PC	30563.0614048113
2025	1833	PC	110838.201975449
2025	2030	PC	.99882165865756
2027	2027	PC	10721.7475108006
2028	1941	PC	41.2314748360522
2030	51	PC	1.06380236288725
2030	623	PC	1919.46246456108
2030	1263	PC	505.218016839149
2030	1271	PC	131.659877817835
2030	2002	PC	8.41320840170566
2030	2003	PC	7327.33803134084
2030	2012	PC	3489.75557488774
2030	2027	PC	237.194725806896
2030	2030	PC	71666.183070803
2030	5831	PC	133236.422065687
2030	6010	PC	272385.567699181
3001	302	PC	297.644175689496
3001	418	PC	4.84330677284773
3001	602	PC	1.62601131307858
3001	709	PC	2.47455277354147
3001	1551	PC	66.2663423240276
3001	2012	PC	8.8642207329771
3001	2030	PC	1.45494321628394
4001	104	PC	792.974040863273
4001	105	PC	50.1909242009874
4001	106	PC	21.8241603468383
4001	124	PC	229.953277651593
4001	125	PC	404.769828254355
4001	211	PC	203.140523776402
4001	213	PC	1073.65930902552
4001	216	PC	1.04299209945802
4001	219	PC	2647.11221722897
4001	220	PC	.995345144647171
4001	227	PC	158.560294164563
4001	228	PC	8.62495334690116
4001	229	PC	164.856174501139
4001	230	PC	7.83813278659655
4001	231	PC	209.466923148477
4001	233	PC	30.8298851775937
4001	235	PC	82.9857087818197
4001	236	PC	1.1348801978116
4001	237	PC	40.7594962635254
4001	301	PC	11.1015715520327
4001	302	PC	1689.85452399352
4001	303	PC	728.674580635352
4001	304	PC	36.6898877428873
4001	305	PC	2085.64524648932
4001	306	PC	6.63563322589784
4001	309	PC	14.8980273503009
4001	310	PC	2.42381250561479
4001	312	PC	1521.52151089304
4001	412	PC	2.99712611279829
4001	418	PC	70.4611444583181
4001	419	PC	18.4561386749076
4001	522	PC	2.63046132825469
4001	534	PC	1.20047212470471
4001	602	PC	90.2842781586883
4001	604	PC	.788083606614734
4001	605	PC	104.038954535232
4001	626	PC	4.93429180341545
4001	704	PC	3.25366275266201
4001	706	PC	123.033732836826
4001	709	PC	11.6283359083336
4001	711	PC	112.426381939265
4001	713	PC	26.9343554592113
4001	722	PC	.601152927634695
4001	723	PC	6.19745286221335
4001	728	PC	28.5349734448474
4001	805	PC	1.48709589792365
4001	806	PC	1041.96620561348
4001	819	PC	27.1797847764704
4001	834	PC	8.18587527998245
4001	904	PC	84.4495495067266
4001	906	PC	62.5344460246681
4001	941	PC	10.2284836993336
4001	1004	PC	2.66672849631083
4001	1018	PC	819.724239460555
4001	1071	PC	157.579357166852
4001	1072	PC	7.80559526287159
4001	1073	PC	6.47864406818342
4001	1074	PC	31.2223810514864
4001	1075	PC	25.7584643674762
4001	1102	PC	31.7519368903261
4001	1121	PC	2.03311044583044
4001	1122	PC	2.97994596600077
4001	1146	PC	17.8993063284691
4001	1149	PC	28.2383110558871
4001	1172	PC	24.371092711573
4001	1173	PC	23.516039119828
4001	1224	PC	54.6506610003253
4001	1247	PC	7.04944690283445
4001	1271	PC	29.9653258445704
4001	1273	PC	44.3292266449367
4001	1274	PC	1517.66032888568
4001	1275	PC	497.130727893346
4001	1277	PC	17.854827398655
4001	1424	PC	9.13733063475045
4001	1438	PC	223.427875365519
4001	1504	PC	29.8172343039011
4001	1548	PC	57.5294704271527
4001	1671	PC	3.38101980002364
4001	1676	PC	1574.52024217183
4001	1702	PC	.662442063131587
4001	1714	PC	30.9602558640074
4001	1804	PC	11.3395251384197
4001	1805	PC	71.3421486997219
4001	1845	PC	400.913498705048
4001	2003	PC	1.09400192997188
4001	2012	PC	2.51764849220651
4001	2028	PC	1.28509025244371
4002	214	PC	1.04188370942653
4002	219	PC	17.0238404397681
4002	220	PC	5.37095239376312
4002	230	PC	22.1572658278348
4002	237	PC	5.8870954022567
4002	304	PC	9.18497370548763
4002	306	PC	6.27639869874988
4002	722	PC	2.61739092547477
4002	1146	PC	16.5389590475055
4003	106	PC	8.76072319046233
4003	219	PC	18.1248796540861
4003	309	PC	2.20439368931703
4003	626	PC	5.46455613995968
4003	628	PC	16.6182524552622
4003	704	PC	.75505634037966
4003	1119	PC	17.9006518835492
4003	1149	PC	1.16844652456091
4003	1677	PC	.944712145303097
4004	106	PC	24.8472413815996
4004	213	PC	1.35681043265718
4004	227	PC	30.8883689930967
4004	231	PC	12.3853317456601
4004	233	PC	313.366692925541
4004	237	PC	.594759681816563
4004	304	PC	25.5138158485767
4004	502	PC	31.1266041910624
4004	605	PC	20.8077909070465
4004	628	PC	.61820022773621
4004	1074	PC	20.2966291755362
4004	1075	PC	4.19420652124967
4004	1504	PC	20.5636098647594
4004	1714	PC	30.9602558640074
4004	1845	PC	94.7039760720586
4005	233	PC	27.9881632078155
4005	304	PC	9.49113949567055
4005	517	PC	4.6982162954086
4005	1102	PC	9016.62617784983
4005	1146	PC	16.692381673178
4005	1149	PC	402.760752068191
4005	1430	PC	.650593789064171
5101	104	PC	.734199343938384
5101	105	PC	90.3251125014977
5101	106	PC	15856.1356043488
5101	211	PC	1.04174627577642
5101	213	PC	1.65280416548705
5101	217	PC	144.618998392816
5101	219	PC	1730.39322922218
5101	221	PC	26.1534230163303
5101	226	PC	1.01488395164582
5101	230	PC	68.7088291295838
5101	231	PC	6.17202365325396
5101	301	PC	394.571162098239
5101	302	PC	5.72836193432245
5101	304	PC	1.21343708175831
5101	305	PC	208.820377194261
5101	306	PC	9.70545554879859
5101	309	PC	7.16734114818218
5101	312	PC	1.07158026564022
5101	403	PC	2.83831224759585
5101	412	PC	27.1705993489384
5101	417	PC	2.62566745411258
5101	418	PC	281.660070908593
5101	602	PC	40.3677633613171
5101	711	PC	203132.990497113
5101	713	PC	86.7162683253779
5101	805	PC	20.3515610316117
5101	806	PC	24.6158241100937
5101	1124	PC	987.195304317083
5101	1172	PC	1.21132592163878
5101	1173	PC	25.6526404257706
5101	1246	PC	.743269632126443
5101	1271	PC	2.63717852957146
5101	1273	PC	26.6796271474156
5101	1277	PC	26.6796271474156
5101	1430	PC	54.8601501940159
5101	1445	PC	27.9421655648412
5101	1449	PC	26.6784354974646
5101	1502	PC	209.177007150951
5101	1515	PC	80.0952744891507
5101	1548	PC	76.4805958349577
5101	1554	PC	55.0319701306226
5101	1653	PC	27.5832318994939
5101	1664	PC	53.8422050903291
5101	1676	PC	28.3770534845821
5101	1804	PC	1.08240921775824
5101	1833	PC	26.9871919677194
5101	1865	PC	54.7073749527494
5101	1929	PC	25.3077145757978
5101	1931	PC	.965246292011269
5102	105	PC	1.5314930875291
5102	106	PC	72.5177092739227
5102	217	PC	9.64401502306652
5102	219	PC	2.08727813140855
5102	230	PC	784.891314862433
5102	301	PC	759.291159653644
5102	304	PC	1.44918474019916
5102	305	PC	27.4508247478007
5102	306	PC	1366.64244316584
5102	711	PC	259.770045453405
5102	713	PC	136.938125259928
5102	904	PC	212.133986775488
5102	1102	PC	2.55794405921811
5102	1172	PC	36.0919360283677
5102	1271	PC	2.0851154755211
5102	1548	PC	3056.74482131793
5103	312	PC	2.67588900619873
5103	713	PC	53.8128283658888
5103	720	PC	22.2709749618732
5104	418	PC	2380.77485222256
5104	602	PC	14.7591014374002
5106	105	PC	1.00072664063981
5106	301	PC	46.2055205017725
5106	305	PC	7.63781591242993
5106	519	PC	5.16867167071438
5106	602	PC	247.940302560646
5106	713	PC	393.340729492128
5106	1074	PC	24.9820678253293
5106	1102	PC	1.80626307231125
5106	1246	PC	1.22348910638098
5106	1247	PC	22.6589364733964
5106	1277	PC	140.088565314045
5106	1673	PC	2.09936032289577
5106	1676	PC	22.6730914872743
5106	1850	PC	1.56834254123346
5201	211	PC	506.288690027342
5201	230	PC	58.1628227980663
5201	303	PC	.918497370548763
5201	805	PC	49.4336823210883
5201	1074	PC	8.00645924763615
5204	125	PC	3.48319680301591
5402	125	PC	3.05651545140972
5402	302	PC	.642948159384134
5403	124	PC	1.41908103775983
5403	125	PC	1.65236456114801
5403	217	PC	.699827530262068
5403	219	PC	3.75396971933828
5403	412	PC	27.4112166854762
5403	602	PC	4.06502828269645
5403	605	PC	27.0501281791604
5403	1124	PC	1613.70027649442
5403	1172	PC	1.52938933499321
5403	1227	PC	25.6761546380789
5403	1260	PC	52.9667570795736
5403	1271	PC	3.61714175748615
5403	1273	PC	106.718508589662
5403	1274	PC	80.0388814422468
5403	1430	PC	27.0647016250695
5403	1551	PC	183.687441973691
5403	1702	PC	.647905716918668
5403	1824	PC	1.54698401930294
5403	2012	PC	2.54486931880002
5404	104	PC	26.5127540866639
5404	219	PC	112.566909626863
5404	704	PC	2.49447477704088
5404	1102	PC	8.10437721732472
5404	1124	PC	1.26014411467477
5404	1127	PC	11.9866576911334
5404	1850	PC	12.2518338837468
5501	106	PC	1.13676129320818
5501	219	PC	23101.9943584298
5501	626	PC	10.9291122799194
5501	926	PC	16754.4231910837
5501	1002	PC	.927248237671387
5501	1224	PC	19.78705845347
5501	1274	PC	1.9660832928634
5501	1275	PC	11.4999454400418
5501	1277	PC	1.01279969209612
5501	1520	PC	.639960957705504
5501	1548	PC	21.6913557032578
5501	1551	PC	219.893982787405
5501	1671	PC	1.03918335983341
5501	1677	PC	1.14939977678543
5605	104	PC	10.3777037823068
5605	106	PC	5.56060556085715
5605	125	PC	.677972051470412
5605	219	PC	300.768429623446
5605	220	PC	2.21302177972225
5605	228	PC	24.2669223096026
5605	231	PC	3.46789288878483
5605	302	PC	35.529519398094
5605	306	PC	1.12669010787315
5605	418	PC	20.2957617147905
5605	627	PC	1.40662061532479
5605	904	PC	1.03985237643984
5605	926	PC	3.22395718979944
5605	1072	PC	1.22703957532341
5605	1075	PC	.865900701161222
5605	1106	PC	37.5692203420912
5605	1121	PC	10.6738298406098
5605	1124	PC	154.616891412113
5605	1172	PC	2.44227263825721
5605	1272	PC	105.707761176578
5605	1674	PC	.837644768835413
5700	106	PC	67327.7417303411
5700	309	PC	9.73607212781689
5700	521	PC	9.60122269326574
5700	805	PC	79027.5035040125
5700	1529	PC	.620934742389545
5710	213	PC	5.12296845282459
5710	301	PC	10.9199131831908
5710	305	PC	1.10219684465852
5710	308	PC	1.89822789913411
5710	309	PC	26.5343684825198
5710	612	PC	2.61473850376444
5710	1074	PC	48.7069144403187
5710	1149	PC	28.8783453046606
5720	231	PC	68.069783274148
5720	521	PC	98.8335138303407
5720	626	PC	49.6262653895598
5740	304	PC	1.45326695073493
5740	602	PC	8.79062366133108
5750	428	PC	1.14850791198899
5750	628	PC	.638806901994084
5760	237	PC	2.04064097726717
5770	231	PC	.928899880924508
5770	233	PC	1.01253186158764
5800	104	PC	23.9634508091
5800	233	PC	1.76182616652915
5800	306	PC	36.9368614803015
5800	545	PC	1.19225152612842
5800	1274	PC	3.03942521579404
5800	1276	PC	2.66898885424723
5800	1504	PC	35.2974363328595
5800	1653	PC	1.23960296155317
5810	1515	PC	.739340995284468
5810	2004	PC	23.0475447935433
5820	219	PC	63.4532551948199
5840	125	PC	1.59492668689333
5840	219	PC	10.3372449458008
5840	220	PC	163.856249820458
5840	228	PC	.607853854924463
5840	238	PC	3.23605947594662
5840	301	PC	1.14608060791807
5840	302	PC	1.82474810949021
5840	307	PC	23.9411442396705
5840	310	PC	1.12260789733738
5840	312	PC	.688873027911572
5840	604	PC	1.38689290324141
5840	620	PC	24.8770371355896
5840	623	PC	3.86874281124646
5840	626	PC	2.71203897316518
5840	1102	PC	3.74017008579536
5840	1124	PC	48.2124757798038
5840	1149	PC	2.76699606429762
5840	1172	PC	19.0011909276671
5840	1173	PC	.722871393987336
5840	1271	PC	1.94556050275
5840	1401	PC	.988258267714964
5840	1503	PC	1.86551117309455
5840	1702	PC	4.74819365940556
5840	1865	PC	1.36903433438881
5841	215	PC	1.22657134814942
5841	231	PC	1.32419838580683
5841	305	PC	3.30659053397555
5841	1119	PC	23.6385457019446
5841	1130	PC	12.4443430263667
5842	105	PC	7.67498588346516
5842	229	PC	1.86560611676584
5842	304	PC	.983812739121119
5842	706	PC	.660911803266701
5842	1221	PC	13.1888787684101
5842	1653	PC	1.03300246796097
5842	1865	PC	1.4004714191044
5850	2015	PC	1.11061208773628
5880	106	PC	1.24132676735575
5880	211	PC	32.606658431802
5880	219	PC	63.3488912882495
5880	231	PC	28.4780061271878
5880	302	PC	80.8277686082911
5880	305	PC	1.44918474019916
5880	306	PC	2.7983553222719
5880	403	PC	7.87368842018255
5880	418	PC	264.208790949284
5880	626	PC	55.4622089560686
5880	806	PC	712.334572009332
5880	1124	PC	1869.10078249569
5880	1503	PC	17.4094251978867
5880	1551	PC	21.442113849069
5880	1634	PC	113.101643584698
5880	1841	PC	20.965356435567
6000	308	PC	6.55807122571817
6020	106	PC	43.6038027195346
6020	124	PC	139.836452625969
6020	213	PC	53.5800403578146
6020	217	PC	7.00858204091614
6020	219	PC	5768.21294528978
6020	220	PC	55.5828726069775
6020	231	PC	26.8348854489303
6020	304	PC	15.0674390875355
6020	305	PC	730.799371219221
6020	308	PC	.628660422508931
6020	309	PC	3642.30132291112
6020	521	PC	27.9437884789801
6020	612	PC	21.6218760888213
6020	619	PC	28.0665803165964
6020	626	PC	4697.46401203864
6020	627	PC	124.017050917802
6020	704	PC	.581527660237686
6020	722	PC	5.48164705662771
6020	901	PC	17.4903633486626
6020	904	PC	1.23059452833117
6020	1072	PC	20.4423336204432
6020	1074	PC	645.054392523708
6020	1102	PC	128.548592279748
6020	1121	PC	26.4304357957958
6020	1149	PC	26.6960845300424
6020	1172	PC	173.836112826075
6020	1173	PC	24.1645580275767
6020	1175	PC	1.48704972477395
6020	1243	PC	19.2706058166549
6020	1272	PC	90.9672671776305
6020	1275	PC	1.46327493508518
6020	1277	PC	186.174542792689
6020	1516	PC	2.03551511769971
6020	1551	PC	199.373879833846
6020	1636	PC	3.24315121514331
6020	1671	PC	36.2139655699521
6020	1805	PC	2.94582659170174
6030	106	PC	41.4120689693327
6030	231	PC	2.04874029292794
6030	309	PC	33.3016529981963
6030	602	PC	23.9409840709408
6030	1071	PC	19.7741746659414
6030	1172	PC	.714610006627481
6030	1175	PC	2.31009044049953
6030	1677	PC	99.562163313332
6030	1850	PC	4933.80039227291
6030	1972	PC	2198.8046058682
6040	1272	PC	21.1312908402588
6050	1124	PC	237.064611573191
