50	219	PC	6.83374860223159
50	233	PC	2.00640909317673
50	301	PC	1296.58558705619
50	427	PC	11.1362246373427
50	517	PC	899.526447404376
50	716	PC	293.170507647003
50	722	PC	11.309318564729
50	806	PC	.593251660561255
50	1002	PC	1.08178961061662
50	1636	PC	350.638410913332
51	301	PC	.859305317780065
51	1833	PC	373.175776622859
52	105	PC	30.1042483759927
52	106	PC	136.531450184993
52	125	PC	30.8031114217238
52	128	PC	92.0539642965662
52	135	PC	50.7081933313605
52	211	PC	176.0342856807
52	219	PC	2.19164203797898
52	220	PC	1.41633393902224
52	226	PC	16.6704837897342
52	230	PC	4832.68503110144
52	231	PC	7.19381352227091
52	233	PC	115.630724045975
52	235	PC	87.5814363251167
52	301	PC	65.5603012045028
52	402	PC	23.7539715995158
52	417	PC	160.480794795361
52	426	PC	29.3628001091103
52	605	PC	694.312286207236
52	625	PC	17.6163907722254
52	627	PC	1.0367314905542
52	704	PC	11.8154438818098
52	706	PC	68.7740079586513
52	806	PC	.593251660561255
52	807	PC	151.064647990924
52	904	PC	21.9394494492642
52	906	PC	23.0040351625453
52	1034	PC	3.1606925488598
52	1146	PC	2.0456350089679
52	1173	PC	416.619699210661
52	1243	PC	.917647896031184
52	1271	PC	2.05125287183399
52	1416	PC	.840834166024211
52	1548	PC	63.4350508582876
52	1563	PC	9.4259077226121
52	1922	PC	.631333602579158
52	2101	PC	34.9962101041638
54	301	PC	1.075662476176
54	806	PC	2.1824657443217
54	1502	PC	28.10697648228
54	1871	PC	28.9483188011669
55	213	PC	1.34853088768292
55	231	PC	1.14873951940998
55	235	PC	.98007172523339
55	301	PC	1603.79846424153
55	716	PC	31.477895995992
55	1130	PC	165.040179863182
56	124	PC	35.218069550244
56	235	PC	.729013694868137
56	301	PC	11328.1709766629
56	425	PC	2.2778763681331
56	428	PC	7.04557399100154
56	502	PC	.871544917349748
56	627	PC	28.7950869074933
56	720	PC	4.85424769076385
56	928	PC	289.731138092479
56	1271	PC	8.20911604535864
56	1677	PC	.755769716242478
57	418	PC	39.9457491932013
57	602	PC	1.19511831511276
58	104	PC	7.74172419330585
58	105	PC	3.65868133292619
58	106	PC	531.11185513514
58	111	PC	.852567986137397
58	119	PC	.582100590125048
58	124	PC	67.10181657454
58	128	PC	57.2401717997712
58	213	PC	40.4083192468856
58	217	PC	3.24146919392372
58	219	PC	537.93853822194
58	220	PC	59.7979071130065
58	221	PC	33.4078461708976
58	226	PC	636.778786620651
58	227	PC	2.59462299542012
58	230	PC	25.1900415880197
58	231	PC	78.7397465730342
58	235	PC	399.113988900107
58	237	PC	21.3293127272147
58	238	PC	1.56948884583411
58	301	PC	3484.30752854512
58	402	PC	7.04896386108258
58	412	PC	231.495596499059
58	418	PC	803.551232865844
58	419	PC	5.51428409964739
58	427	PC	19.8305789269335
58	501	PC	11.1031118057729
58	502	PC	2.07510694607083
58	513	PC	22.3615828196339
58	529	PC	6.54559300766035
58	602	PC	318.487852149772
58	604	PC	1.0363556970646
58	605	PC	14.2907907949595
58	617	PC	28.2987911122018
58	625	PC	10.2935554354478
58	626	PC	126.759487259931
58	702	PC	4.98086403253598
58	704	PC	1.03290881036889
58	706	PC	15.6721675657626
58	709	PC	2.35804258045389
58	728	PC	1113.99634523095
58	805	PC	40.8542829099903
58	806	PC	10.0276009847645
58	815	PC	1.46119046515107
58	819	PC	215.452063170405
58	906	PC	29.2728369472382
58	1014	PC	16.7500231874476
58	1032	PC	3.92268317912721
58	1034	PC	33.1150475644841
58	1101	PC	1.36763220593882
58	1102	PC	8.52479178547343
58	1106	PC	7.17909697626873
58	1121	PC	.915916255846615
58	1124	PC	3.07060433006194
58	1149	PC	5.87807454073587
58	1221	PC	1.01452913603154
58	1228	PC	10.2212858527474
58	1247	PC	1.00706384326206
58	1260	PC	46.0464465488308
58	1266	PC	.671132967081888
58	1271	PC	4.90084227907911
58	1273	PC	29.7580456644251
58	1274	PC	79.8121046114937
58	1277	PC	29.3670865127649
58	1401	PC	.73506813301113
58	1416	PC	11.8438711567754
58	1420	PC	3.87559485164242
58	1502	PC	5.8047016648187
58	1516	PC	2.03551511769971
58	1528	PC	1.9784351478117
58	1548	PC	6316.68156048804
58	1563	PC	37.0723180690139
58	1566	PC	7.24529942028078
58	1657	PC	.939337705903079
58	1663	PC	69.7981402450342
58	1677	PC	14.2945444385973
58	1702	PC	2.3060874956352
58	1703	PC	2.06540608641107
58	1719	PC	2920.77757401784
58	1721	PC	30.7178258493809
58	1804	PC	3.89873491577303
58	1805	PC	9.10342245352274
58	1833	PC	17252.5039031767
58	1837	PC	1.07202253489791
58	1841	PC	5.29794557126778
58	1870	PC	.58804484671238
58	1901	PC	22.5040239079924
58	1931	PC	2.02782834456149
58	1971	PC	36.5832784707778
58	2012	PC	4.10250621535709
58	2101	PC	56.7203675160623
59	106	PC	263.682031446708
59	219	PC	10.4363906570428
59	301	PC	16.3992602748312
59	403	PC	17.5344623295921
59	919	PC	1.39072149657865
59	1149	PC	1.04453589399836
59	1528	PC	2.28040682826717
60	101	PC	94.7924241166176
60	111	PC	11.7919852358093
60	125	PC	28.0430164285212
60	128	PC	86.3216888411265
60	217	PC	5.37187199959631
60	237	PC	32.1570152794579
60	301	PC	26591.5837248366
60	617	PC	25.1944951159282
60	906	PC	56.3137634109503
60	1106	PC	50.9692540308654
60	1135	PC	4665.93554413816
60	1271	PC	40.7654441417454
60	1416	PC	76.3195021376041
60	1502	PC	27.6436187178077
60	1516	PC	26.5756853766874
60	1620	PC	25.4237625485389
60	1638	PC	59.3021945927516
60	1677	PC	124.647419811614
60	1804	PC	44.9199825369671
60	1871	PC	215.264223728351
60	1924	PC	10.9921760522151
61	213	PC	.844513587374721
61	301	PC	1.1042379499264
62	211	PC	187.393487071766
104	52	PC	6.58209640704867
104	106	PC	215.319791052879
104	1675	PC	601.481847255797
105	106	PC	201.455661296752
105	805	PC	53.2345691474348
105	1149	PC	31.7100034662239
105	1263	PC	19.5566278966895
105	1271	PC	60.6149107148142
105	1504	PC	10.7180186574927
105	1535	PC	252.036428691375
105	1548	PC	162.719486467018
105	1671	PC	81.8054128828422
105	1675	PC	137.297619711012
105	5831	PC	6.32648592709818
106	104	PC	137.175592287571
106	105	PC	84.4124776656337
106	1037	PC	3070.5261828472
106	4001	PC	7.03401945527161
106	5850	PC	2.01621233137888
106	6020	PC	2.10710714959678
211	5605	PC	.785217937026132
219	50	PC	209.724218731011
219	52	PC	44.7298244263738
219	58	PC	11.0080330477384
219	2012	PC	57.6390403556611
219	3001	PC	4.49830608673781
219	4001	PC	48.0632428844917
219	5404	PC	28.172295657198
219	5800	PC	23.9592681733875
219	5850	PC	30.9051819837915
220	55	PC	1.06255943409156
220	60	PC	4.34222974962903
220	4001	PC	.620170875928926
226	50	PC	33.0354051241326
226	52	PC	29.4255176109613
230	58	PC	6.34716912387819
230	5201	PC	1.23380115614335
233	51	PC	1.90934481991622
235	628	PC	2549.19982444023
301	106	PC	797.71186184681
301	235	PC	2572.55976119035
301	237	PC	331800.566070878
301	602	PC	789184.0321723
302	1106	PC	479.490794120497
302	1124	PC	123.555789713633
302	1502	PC	3062.65226159799
302	1901	PC	1968.05675476985
402	60	PC	1.91941988049852
418	50	PC	2.46079471858785
418	58	PC	1.48673014248016
418	60	PC	17.9432948230364
517	58	PC	11.8871439759144
517	5101	PC	3.61476220405235
517	5106	PC	1.92126807172152
517	5201	PC	34.3274733409978
517	5880	PC	8.37043692065809
602	58	PC	401.618714029858
602	106	PC	2770.51954625358
602	302	PC	2188.14087673333
602	602	PC	468.233737537246
602	627	PC	10400.3386458584
602	704	PC	1532.93359506778
602	805	PC	5925.80275152598
602	1037	PC	2762.4180964609
602	1071	PC	2279.75682492268
602	1124	PC	1166.96147603171
602	1263	PC	674.895084284877
602	1271	PC	1.58203945458873
602	1502	PC	1863.56010108315
602	1535	PC	1811.38218406179
602	1548	PC	3055.99232549454
602	1671	PC	3.0634432801415
602	1675	PC	86.2869857239856
602	1805	PC	482.658480961981
602	2101	PC	739.167426719523
623	602	PC	.626673910347147
623	826	PC	9.74124650288364
623	827	PC	1.14891918050007
623	1246	PC	2.10741746345017
624	5790	PC	41.0433710772588
627	805	PC	263.272915858061
627	1271	PC	500.979160619763
628	105	PC	101.643422212133
702	627	PC	155.173008358957
702	805	PC	387.482609863738
704	1271	PC	112.423725279735
704	1671	PC	1.56821796982947
704	4001	PC	5.16978806987241
709	302	PC	202.839937470288
709	627	PC	516.762230200483
709	1504	PC	212.388877324804
709	1671	PC	10.2445820164967
709	1675	PC	43.6051439676526
709	5760	PC	2.734789329796
719	720	PC	1181.45905148347
728	58	PC	513.076406152961
805	55	PC	347.629846048479
805	840	PC	581166.810214811
805	5101	PC	49401.7193818857
805	5102	PC	42.9060918796004
805	5106	PC	144.918102083851
805	5605	PC	371.402001220985
805	5760	PC	2.29237005751748
805	5870	PC	27203.0803379854
806	58	PC	23.7567287252821
815	704	PC	93.3277190332036
815	805	PC	6306.93317411491
815	806	PC	2743.78839825895
815	1037	PC	207.617546982703
937	5101	PC	125.189010468246
937	5860	PC	20.6364582731515
937	6020	PC	6.19093748194546
937	6030	PC	5.49445701522659
1002	1072	PC	1238.83131365852
1002	1271	PC	652.926608113387
1032	1504	PC	1.02287275069402
1032	1805	PC	32.6724601464639
1034	5104	PC	11.6469404185372
1071	627	PC	97.1117037930147
1071	1263	PC	1787.38649194063
1071	1271	PC	47.819482530015
1071	1273	PC	1114.67980934939
1071	1504	PC	73.7935594196302
1071	1671	PC	1.04634074451387
1072	50	PC	15.3267923814923
1072	52	PC	518.280557708652
1072	56	PC	25.2064320699108
1072	3001	PC	5698.81951640908
1072	4001	PC	13.6896119411465
1072	6000	PC	1.24451017646786
1101	1149	PC	192.776319082096
1102	4001	PC	1997.38691726009
1102	4005	PC	2768.64283572685
1102	5605	PC	1516.28476797751
1102	5740	PC	117.990760102004
1102	5831	PC	154.661046333706
1102	5860	PC	79.4885120687186
1102	6000	PC	16.5745967743289
1102	6030	PC	977.046294177999
1102	6040	PC	675.238349917083
1106	104	PC	759.738819462635
1106	1134	PC	152.422526218076
1106	1149	PC	545.883091097985
1106	1173	PC	257.571257465757
1106	1246	PC	551.331637815994
1106	1247	PC	455.178835990964
1106	1263	PC	554.272162731934
1106	1271	PC	1916.00855592807
1106	1273	PC	672.676486771187
1106	1504	PC	17.0797812745504
1106	1548	PC	119.117266165339
1106	1671	PC	30.1892737719267
1106	1675	PC	1082.38956566761
1106	1871	PC	548.845656124558
1119	5840	PC	5.14845185219511
1122	1102	PC	13282.8802214498
1122	1122	PC	3561.85588596998
1124	1263	PC	8.2908680620197
1124	1271	PC	30.8798070001722
1124	4001	PC	1398.36645834223
1124	4003	PC	1.09917708095025
1124	4004	PC	4.14002667024576
1124	4005	PC	8.92279248104717
1124	5404	PC	323.957086946731
1124	5605	PC	973.983709448685
1124	5831	PC	310.502000268432
1124	5870	PC	.931506000805296
1124	5930	PC	444.017860383858
1124	6000	PC	28.5040836246421
1130	302	PC	5187.73190763553
1130	1037	PC	1845.10752766308
1130	1106	PC	106.022453017085
1130	1146	PC	129.733078561498
1130	1149	PC	854.472553293394
1130	1263	PC	61.804652825965
1130	1535	PC	2749.69599347294
1130	1548	PC	4367.75674738526
1130	1638	PC	432.686990490063
1130	1675	PC	4.17694801090036
1134	805	PC	4498.50394669001
1135	302	PC	805.543025435794
1135	805	PC	1198.62825270934
1135	806	PC	4970.96583237581
1135	1101	PC	79.4569214808862
1135	1149	PC	2155.09566383242
1135	1263	PC	576.563270948446
1135	1271	PC	1778.36938068479
1135	1273	PC	1516.32067365971
1135	1535	PC	23.2326243266941
1135	1671	PC	19.779179367814
1135	1675	PC	864.037835541351
1135	1805	PC	290.533253653925
1135	1824	PC	21.816431754694
1135	2302	PC	1981.23821667577
1135	5201	PC	37514.2865741523
1135	5605	PC	1444.53068854256
1146	1871	PC	255.620010017708
1149	701	PC	1730.68903818849
1149	702	PC	15707.432496668
1149	709	PC	3013.70413925674
1149	805	PC	14661.0475301502
1149	1003	PC	408.229391037805
1149	1106	PC	27.1786513648546
1149	1124	PC	762.543684476587
1149	1134	PC	466.620204641074
1149	1159	PC	203.3718772745
1149	1172	PC	179.224533027863
1149	1221	PC	2070.15124202088
1149	1871	PC	6380.66871159585
1149	2030	PC	6.60938133127983
1159	302	PC	145.133480927512
1159	602	PC	3312.34451345854
1159	1071	PC	1409.91927822806
1159	1073	PC	1086.85578329001
1159	1149	PC	1172.50609985604
1159	1219	PC	1489.49590685448
1159	1263	PC	1127.07850532928
1159	1271	PC	29.0034491270481
1159	1273	PC	62.5863902215249
1159	1675	PC	357.066238061064
1173	5302	PC	.931506000805296
1221	1149	PC	380.849627042278
1221	1504	PC	22.4636246122098
1221	1548	PC	3328.73662122329
1221	5842	PC	40.57593738829
1224	104	PC	336.11548285664
1224	105	PC	394.182412332285
1224	106	PC	2515.7622168679
1224	302	PC	2933.60178702048
1224	704	PC	1406.00012089506
1224	805	PC	88692.1897106287
1224	806	PC	3834.25879414647
1224	1037	PC	248.313952016408
1224	1071	PC	2771.54804758025
1224	1072	PC	942.347277227891
1224	1073	PC	585.040601278982
1224	1101	PC	833.531917677255
1224	1106	PC	3303.47272861314
1224	1146	PC	938.294033800759
1224	1149	PC	4676.83342007918
1224	1173	PC	713.315437307626
1224	1246	PC	1660.31880507384
1224	1247	PC	3241.44077115535
1224	1263	PC	27533.5953567459
1224	1271	PC	16230.0148097865
1224	1273	PC	9797.0844809816
1224	1401	PC	8819.43238325254
1224	1411	PC	314.595469072329
1224	1502	PC	2498.29714548474
1224	1503	PC	1765.73503247219
1224	1504	PC	365.164502417085
1224	1520	PC	129.018256197065
1224	1554	PC	276.06850010751
1224	1563	PC	210.618252768327
1224	1569	PC	372.828271591458
1224	1612	PC	35.3793774380198
1224	1671	PC	139.495616211969
1224	1675	PC	717.777816254871
1224	1805	PC	600.127756190913
1224	1833	PC	25149.5206619373
1224	1971	PC	89.2422191143375
1224	2305	PC	54465.0606869122
1244	1569	PC	1.57783960857543
1246	56	PC	9061.20495709778
1246	1106	PC	40.6586175999804
1246	1124	PC	130.224125215236
1246	1271	PC	471.812397687019
1246	1401	PC	54.1048603730028
1246	1503	PC	64.5905587005594
1246	1871	PC	66.4645012890257
1246	2303	PC	15071.544978056
1246	3001	PC	1800.61516789733
1246	4001	PC	1758.2142529316
1246	5101	PC	271.697193821886
1246	5201	PC	37.2755296401977
1246	5403	PC	7895.01930367658
1246	5404	PC	27.3353884028117
1246	5605	PC	410.403581338577
1246	5700	PC	126.716092149094
1246	5710	PC	74.1368867288377
1246	5720	PC	9.02896162395901
1246	5790	PC	179.750887376065
1246	5800	PC	3375.11283127171
1246	5810	PC	1795.87289218199
1246	5820	PC	1221.91257023326
1246	5831	PC	5141.12388248638
1246	5835	PC	8297.94707045958
1246	5840	PC	4660.3938018933
1246	5850	PC	124.251765467326
1246	5890	PC	95.653150782263
1246	6000	PC	434.052834032525
1246	6010	PC	308.972723462084
1246	6020	PC	4593.62918658219
1246	6030	PC	115.968314436171
1246	6040	PC	312.948779957038
1246	6050	PC	24.8503530934652
1251	1273	PC	34.7221245051053
1263	105	PC	.788218382514221
1263	805	PC	542.499301554158
1263	1106	PC	461.639459458162
1263	1124	PC	466.574437199732
1263	1246	PC	93.0991892039427
1263	1263	PC	448.895956368859
1263	1271	PC	912.987626693063
1263	1401	PC	350.792545423084
1263	1411	PC	494.124407159374
1263	1502	PC	265.3664701641
1263	1503	PC	831.666031020381
1263	1504	PC	369.144513780928
1263	1871	PC	29.3680354532904
1263	1971	PC	22.427386417395
1263	2030	PC	466.995371425581
1263	2304	PC	102283.526288762
1271	51	PC	325.117169521805
1271	105	PC	3.41561299089496
1271	1071	PC	982.693138195972
1271	1102	PC	10.0820455485258
1271	1106	PC	80.5596212074145
1271	1124	PC	64.9880396312227
1271	1149	PC	993.684177064087
1271	1159	PC	4.59193784322072
1271	1224	PC	2.57526424464157
1271	1246	PC	573.815711115309
1271	1263	PC	6160.48321240035
1271	1271	PC	1278.08055347468
1271	1273	PC	1174.68010917639
1271	1401	PC	.762040286943702
1271	1420	PC	1844.14365843991
1271	1439	PC	9.70379743452261
1271	1504	PC	2090.28400700205
1271	1520	PC	1.57227615706308
1271	1535	PC	23.0226594882852
1271	1548	PC	39.0254729335121
1271	1554	PC	.766588219977236
1271	1563	PC	1.02615744779914
1271	1612	PC	129.130304944591
1271	1638	PC	8.5355611594707
1271	1671	PC	2422.05696567635
1271	1675	PC	1827.38112883733
1271	1804	PC	.769458214302081
1271	1805	PC	72.4160486718655
1271	1871	PC	284.663852420052
1271	1971	PC	25.5567891733105
1271	2012	PC	1.05831695923937
1271	2030	PC	310.393531882977
1271	2302	PC	205.768006973364
1271	4001	PC	31.0629413668315
1273	1271	PC	583.638063372579
1401	1071	PC	1582.2006363618
1401	1120	PC	10510.4574669554
1401	1124	PC	110.746186475763
1401	1149	PC	12.6397327914614
1401	1246	PC	272.075633877129
1401	1263	PC	1602.21757757267
1401	1271	PC	66.8737118787344
1401	1273	PC	481.288077915134
1401	1504	PC	4234.87327955734
1401	1548	PC	370.211289092885
1401	1671	PC	466.934721648694
1401	1675	PC	801.199866447149
1411	1263	PC	6017.66318272838
1411	1273	PC	3416.02322714987
1411	1548	PC	529.531775569631
1416	5605	PC	24.5856013391856
1421	104	PC	11347.0851485634
1421	4001	PC	44049.4278419356
1421	5101	PC	927.822295641286
1421	5403	PC	10273.1594058615
1421	5800	PC	7160.2155503692
1421	5840	PC	3573.77722233314
1424	1247	PC	373.640923984036
1424	1263	PC	1099.41615983183
1424	1271	PC	129.69806080103
1424	1273	PC	3388.39356495842
1424	1439	PC	80.9830276711356
1424	1504	PC	71.9716938140634
1424	1671	PC	2277.77379408907
1424	1675	PC	9.08720879894191
1439	1263	PC	1.99404213916037
1439	1271	PC	4.05104875828117
1439	1273	PC	59.2465880898622
1439	1931	PC	75.5524370337448
1502	1149	PC	387.954800657893
1502	1173	PC	279.179507712827
1502	1263	PC	429.411261698024
1502	1273	PC	604.621010527457
1502	1439	PC	40.4011889438022
1502	1502	PC	4370.73046736168
1502	1503	PC	534.088236167972
1502	1504	PC	1594.48608076087
1502	1511	PC	1753.62443890224
1502	1535	PC	600.387054187216
1502	1548	PC	284147.487954135
1502	1563	PC	1.26044040713955
1502	1612	PC	1.00953029832932
1502	1671	PC	970.874345573016
1502	1675	PC	2303.22787066746
1502	1824	PC	928.113543157277
1503	1149	PC	134.329817991913
1503	1246	PC	385.581313182753
1503	1263	PC	561.547864535492
1503	1502	PC	1899.4152044924
1503	1503	PC	5.47879190439147
1503	1504	PC	457.798156968132
1503	1548	PC	9263.90102998987
1503	1671	PC	1037.35967391643
1503	1675	PC	7380.50362541744
1503	2301	PC	892.30238537982
1503	3001	PC	1.00424280126019
1503	5101	PC	5.14996308338558
1503	5102	PC	2.27628368285643
1503	5106	PC	13.4970232489369
1503	5201	PC	27.7789008717818
1503	5403	PC	10.8272823865099
1503	5404	PC	57.5024278038501
1503	5605	PC	66.4932333548246
1503	5700	PC	160.736527788164
1503	5720	PC	3.85629235683913
1503	5770	PC	.964073089209782
1503	5840	PC	6.74851162446847
1503	5860	PC	5.70924907424126
1503	5880	PC	250.584843726142
1503	6000	PC	2.11148486418809
1503	6010	PC	13.8019010634734
1503	6020	PC	338.454543847484
1503	6030	PC	195.698597168652
1503	6040	PC	26.4502103962684
1503	6050	PC	84.2945957488553
1504	105	PC	10.2355530329739
1504	306	PC	11708.574705245
1504	709	PC	10.4926186820679
1504	1032	PC	2.03498316206621
1504	1071	PC	633.527416960984
1504	1106	PC	2.01585565519043
1504	1124	PC	4.94999605604086
1504	1221	PC	4.02983737113108
1504	1263	PC	660.074317944083
1504	1271	PC	248.378905655571
1504	1273	PC	677.628604147507
1504	1401	PC	5.82944521414177
1504	1439	PC	6.37002073621621
1504	1502	PC	3200.43007415865
1504	1503	PC	2.74779755189658
1504	1504	PC	77.8525134997756
1504	1548	PC	10761.9831084582
1504	1563	PC	.769160223902771
1504	1612	PC	1.29049928063545
1504	1671	PC	5856.008519681
1504	1675	PC	5389.02884420626
1504	1804	PC	5.88619077192794
1504	1820	PC	16.9410162482714
1504	1824	PC	218.924338817722
1504	1860	PC	2.58638119106268
1504	1865	PC	1.04473345924142
1504	1866	PC	1.01421499244443
1504	1870	PC	8.23910945101412
1504	1871	PC	1.26851519234887
1504	1901	PC	2.06271211542474
1504	1931	PC	2.5171212756582
1504	1971	PC	1.04083746884072
1504	2012	PC	2.60427477594562
1504	2030	PC	338.567343183572
1511	301	PC	3.83823493637185
1511	403	PC	741.715597198587
1511	1224	PC	1.04670534608679
1511	1271	PC	12.4486331541175
1511	1445	PC	3.17831011622221
1511	1504	PC	145.225517023581
1511	1548	PC	1203.55290128632
1511	1563	PC	3.17611245364642
1517	806	PC	1610.55177496927
1517	1504	PC	178.812017753028
1520	1271	PC	16.7960693256814
1520	1273	PC	91.6149235946259
1520	1504	PC	193.793863446266
1520	2030	PC	626.4029580334
1535	105	PC	1204.05534598656
1535	1271	PC	137.945045679163
1535	1804	PC	296.047004351731
1535	1901	PC	1103.09915268002
1535	1971	PC	449.95409004621
1548	56	PC	2018.9596948775
1548	105	PC	2561.71131038463
1548	1037	PC	36.5832124064257
1548	1271	PC	37.3442388855194
1548	1502	PC	75359.803938464
1548	1503	PC	42179.2696997188
1548	1504	PC	12955.7085013547
1548	1511	PC	10467.0748126712
1548	1563	PC	342.587702660531
1548	1671	PC	3254.09222571341
1548	1719	PC	683.465638651806
1548	1804	PC	87.7932495663753
1548	1820	PC	657.443030360765
1548	1824	PC	1486.98313038331
1548	1868	PC	116.700736864101
1548	1901	PC	837.724866008113
1548	1941	PC	1585.66421150041
1548	1971	PC	221.603686793231
1548	4001	PC	31.9390439585642
1548	5403	PC	18976.737511742
1548	5605	PC	1.64846678495815
1548	5710	PC	22.2543015969351
1548	5800	PC	23.8079815417581
1554	1503	PC	5.47879190439147
1554	2301	PC	67.3072920006329
1612	1124	PC	2.01137122843665
1612	1438	PC	150.743881102849
1612	2301	PC	848.071879207975
1638	1804	PC	2.35187467531274
1671	62	PC	1135.45967096217
1671	1102	PC	441.874234205894
1671	1106	PC	69.1604357448101
1671	1124	PC	90.4910099706565
1671	1130	PC	92.7273831336295
1671	1271	PC	937.278674073971
1671	1273	PC	255.180689919404
1671	1401	PC	25.3885035126535
1671	1416	PC	5.41986875953863
1671	1439	PC	2.80757415759059
1671	1502	PC	1848.20659516344
1671	1503	PC	45.2906272733758
1671	1504	PC	4886.71093230398
1671	1520	PC	196.661494373416
1671	1548	PC	28.7861330926963
1671	1702	PC	18.5908917825063
1671	1703	PC	4564.56344013876
1671	1725	PC	3644.11985390755
1671	1750	PC	496.072783652569
1671	1804	PC	1797.57127141992
1671	1805	PC	7.12218297981514
1671	1812	PC	7016.54181217562
1671	1813	PC	47.7482188980261
1671	1820	PC	340.939061409062
1671	1824	PC	312.123405258011
1671	1837	PC	6.60130793260185
1671	1860	PC	693.810422660613
1671	1865	PC	87.3835517957523
1671	1866	PC	21.3347242782026
1671	1868	PC	32.3150934929766
1671	1870	PC	57.7718168714443
1671	1871	PC	99.8748023016954
1671	1901	PC	1657.2100100052
1671	1931	PC	22.1883254002002
1671	1941	PC	49.9335544196208
1671	1971	PC	1676.51203734901
1671	2002	PC	55.0956791290467
1671	2012	PC	168.000427020309
1671	2014	PC	41.0140730033949
1671	2019	PC	2.56267696371346
1671	2024	PC	8.42754663438916
1671	2028	PC	35.4267168042936
1671	2030	PC	41.6202241439098
1671	3001	PC	4370.41652126693
1671	5605	PC	8518.4821156576
1671	5840	PC	12904.6198307588
1671	5841	PC	4054.76957857538
1675	105	PC	40.7507050224884
1675	1271	PC	631.317026860606
1675	1503	PC	803.720965757364
1675	1520	PC	448.778449301215
1675	1750	PC	496.072783652569
1675	1804	PC	743.689996918024
1675	1813	PC	188.707056602305
1675	1820	PC	627.369011944278
1675	1824	PC	24.1081348350477
1675	1837	PC	44.1779838566431
1675	1860	PC	857.547609785896
1675	1865	PC	117.209075462566
1675	1866	PC	6.60360513372937
1675	1868	PC	46.6773572676328
1675	1870	PC	25.2751698812569
1675	1871	PC	.762403071005308
1675	1901	PC	813.806189103346
1675	1931	PC	9.58132233190465
1675	1971	PC	1138.26617958693
1675	2012	PC	18.2609159804684
1675	2014	PC	113.577432932478
1675	2025	PC	6.57256048840689
1677	1563	PC	4568.10066924665
1677	1813	PC	26657.9442730665
1702	1504	PC	35.0421476538324
1702	1813	PC	3889.50840328904
1703	1671	PC	80.3396385541139
1714	1820	PC	34.5093177274812
1714	1860	PC	72.5964728079595
1719	805	PC	992.881245614719
1719	1002	PC	132306.763091743
1719	1071	PC	6544.8870717453
1719	1149	PC	121.867008976915
1719	1502	PC	31.812509077885
1719	1504	PC	588.744162397456
1719	1675	PC	481.448832256882
1719	1824	PC	49915.6008693967
1719	5106	PC	22.1850087752431
1750	1671	PC	1.03929735023361
1805	51	PC	519805.924581663
1805	602	PC	548.631939637116
1805	805	PC	25606.3464006743
1805	1548	PC	308.886041453042
1805	1671	PC	981.622481549051
1805	1675	PC	826.629458146569
1805	1703	PC	3.10715526872653
1805	1804	PC	2.02953904295636
1805	1805	PC	10.0688135621956
1805	1824	PC	799.991143797986
1813	56	PC	4246.05554317806
1813	1548	PC	1657004.97076405
1813	1671	PC	1.81448062472918
1813	1805	PC	37.0664984912365
1813	4001	PC	28246.4880543742
1813	5101	PC	11759.1319331409
1813	5403	PC	93757.06201134
1813	5605	PC	80684.4949511844
1824	104	PC	1559.39748807645
1833	55	PC	25.9470300116948
1833	104	PC	4563.81462375831
1833	1002	PC	22.8443715012042
1833	1251	PC	40.3417461920675
1833	1271	PC	51.5873667206962
1833	1273	PC	40.4606797809382
1833	1416	PC	2161.97105571926
1833	1421	PC	80.2601900350503
1833	1438	PC	4.75527529906837
1833	1439	PC	3.0804265486606
1833	1502	PC	1159.95724796436
1833	1503	PC	149.028598743088
1833	1504	PC	4557.58348441524
1833	1511	PC	18.4827712133377
1833	1517	PC	104.845064202424
1833	1520	PC	16.6184068629557
1833	1671	PC	13095.9403224184
1833	1675	PC	7646.84335857087
1833	1702	PC	96.9415767467089
1833	1719	PC	66.8256215089406
1833	1750	PC	46.964783656524
1833	1804	PC	443.307447708301
1833	1813	PC	226.992808866656
1833	1820	PC	35.20415913969
1833	1837	PC	127.56454618427
1833	1845	PC	75.7209350537258
1833	1860	PC	15.3704970025974
1833	1865	PC	127.795802172689
1833	1866	PC	110.295648505752
1833	1868	PC	130.541194562075
1833	1870	PC	19.2744458974015
1833	1871	PC	27.9751262199968
1833	1901	PC	27.7291214656504
1833	1931	PC	65.7784583219783
1833	1971	PC	63.152711883501
1833	2003	PC	8.59018938988211
1833	2019	PC	22.3481677332051
1833	2030	PC	25.2002691901289
1833	5101	PC	41.4249974795406
1833	5104	PC	63.5589422112559
1833	5106	PC	22.5954531706585
1833	5605	PC	3.74847409852745
1833	5850	PC	90.2505391711124
1833	6030	PC	319.031553672647
1837	50	PC	12.4018534879517
1837	52	PC	146.178228443756
1837	58	PC	215.695505941158
1837	3001	PC	2.33422437432982
1837	4001	PC	277.772700545249
1837	4004	PC	60.5519210049915
1837	4005	PC	178.874866075187
1837	5302	PC	46.3139756811473
1837	5404	PC	1390.1150092691
1837	5605	PC	58.6643691961199
1837	5800	PC	175.179010815831
1837	5830	PC	3190.51832470126
1837	5831	PC	174.778652226054
1837	5840	PC	98.8031481197808
1837	5850	PC	104.879541729147
1837	5930	PC	22.7453080567412
1837	6010	PC	7.9214631213729
1837	6030	PC	10410.1538186048
1850	627	PC	36.090592012191
1850	1273	PC	713.01491174874
1850	1502	PC	3289.76345456776
1850	1504	PC	6885.27217120958
1850	1548	PC	7622.79269299199
1850	1671	PC	15646.0290690692
1850	1675	PC	41986.0601094983
1850	1824	PC	60719.6323794234
1850	6020	PC	885.558712851667
1850	6030	PC	.718955602252259
1851	1246	PC	37.2325682910086
1851	1263	PC	522.606821676235
1851	1504	PC	1.04093615106351
1851	1671	PC	24.2822403330555
1851	1813	PC	6.49919863892655
1851	1871	PC	64728.3001335239
1854	58	PC	171.443258998616
1854	6020	PC	409.661311824649
1860	1671	PC	17.0048006034357
1860	1675	PC	14.3478005091488
1860	1805	PC	24.7983612322293
1865	1671	PC	1.06280003771473
1865	4005	PC	43.6311396410582
1870	1548	PC	410741.360324993
1870	1671	PC	5.18037615876459
1901	627	PC	623.716847384484
1901	1671	PC	135.447652771554
1929	3001	PC	2.04394774048674
1929	5403	PC	9108.51190451366
1931	1928	PC	44806.4506564208
1971	1263	PC	28.7914893448614
1971	1271	PC	186.666116972288
1971	1535	PC	4.09996418823353
1971	1671	PC	134.496151237072
1971	1675	PC	30.6973807465657
1971	1871	PC	192.41843154984
1971	5831	PC	.66570617942755
1971	5930	PC	1.06512988708408
2002	2030	PC	77.1807380994405
2002	2301	PC	2767.77200034031
2004	1901	PC	2.58020963896979
2012	50	PC	2175.948672075
2012	52	PC	29.6561882459368
2012	1106	PC	75.960129879691
2012	1146	PC	916.245467273863
2012	1149	PC	1661.50637299786
2012	1219	PC	585.406433297913
2012	1263	PC	127.228246285422
2012	1271	PC	1327.40815176176
2012	1504	PC	15.7733266251557
2012	3001	PC	90.9785952744794
2012	4001	PC	58.9004849884578
2012	4004	PC	1060.62062129566
2012	5102	PC	23394.4076652583
2012	5103	PC	24862.4487077001
2012	5201	PC	24926.7223173506
2012	5402	PC	10966.6112784454
2012	5404	PC	59525.1719992833
2012	5605	PC	34222.5997147945
2012	5700	PC	39385.6566209251
2012	5710	PC	7331.1631639806
2012	5820	PC	12036.1874507541
2012	5842	PC	95114.3463738394
2012	5880	PC	8207.96793431813
2012	6000	PC	50.9715735477039
2012	6010	PC	72.081013097763
2012	6020	PC	987.509879439354
2012	6040	PC	885.566732343946
2014	1671	PC	30.6479047247403
2018	1439	PC	5.57254059086932
2018	1671	PC	2.12303280917711
2025	51	PC	34671.81306903
2025	2030	PC	136.352637309012
2025	5850	PC	124263.630395061
2030	1263	PC	434.292699596284
2030	1271	PC	798.330704224909
3001	101	PC	10.4251400601244
3001	105	PC	52.639664157898
3001	106	PC	6.11449198332197
3001	219	PC	2.94723672154887
3001	302	PC	68.764836475084
3001	304	PC	1.15730668689144
3001	309	PC	20.3681894682358
3001	602	PC	1.71442567822723
3001	626	PC	7.08368388513292
3001	706	PC	166.619886751792
3001	709	PC	2.67457912273607
3001	805	PC	52191.6017567808
3001	928	PC	16475.1946022217
3001	1416	PC	2729.34707958437
3001	1837	PC	14089.8372098855
3001	2025	PC	35.6315595662908
3001	2030	PC	1.54016571942549
4001	104	PC	21.4029305971149
4001	105	PC	6.56604472452753
4001	106	PC	122.091061735387
4001	125	PC	221.494802594607
4001	211	PC	85.4648644646978
4001	213	PC	1.76147319327423
4001	215	PC	119.751182862618
4001	216	PC	2.448718346409
4001	219	PC	7516.79889070532
4001	220	PC	1.08180739092469
4001	226	PC	25.003695916698
4001	227	PC	16.4737967963182
4001	231	PC	58.6290641510186
4001	233	PC	72.5893107976677
4001	234	PC	12.8204211844059
4001	236	PC	7.21174333109356
4001	302	PC	4.86497440600661
4001	305	PC	338.824495021733
4001	306	PC	1.22466316073168
4001	309	PC	498.353200549179
4001	310	PC	25362.6750651477
4001	402	PC	2.07322466502429
4001	403	PC	.788420068776624
4001	538	PC	1.41543013061417
4001	602	PC	33.0334360822621
4001	612	PC	24.7354262456116
4001	626	PC	34.2546713588213
4001	702	PC	45.173323735081
4001	704	PC	1.13929841783689
4001	706	PC	19.3839967260749
4001	720	PC	27.8727438029777
4001	722	PC	11.8753525928112
4001	728	PC	3.58672677525466
4001	805	PC	2.33890769659695
4001	826	PC	3504.52486592908
4001	1004	PC	21.728898858829
4001	1074	PC	89.8267902851263
4001	1101	PC	82.6703049858541
4001	1102	PC	1.32101348642393
4001	1121	PC	29.1863170051189
4001	1124	PC	836.057766512736
4001	1130	PC	2048.7887761552
4001	1135	PC	13797.6110289807
4001	1172	PC	2.03436663736436
4001	1174	PC	32.0273334473189
4001	1246	PC	1.34889673978503
4001	1271	PC	.876323137842035
4001	1277	PC	2.96964772940849
4001	1432	PC	1.25102746851224
4001	1438	PC	11167.6361176448
4001	1548	PC	161.529149124558
4001	1557	PC	22.6567666364133
4001	1719	PC	1.67602080540257
4001	1837	PC	30011.1820397426
4001	1865	PC	264.06829063731
4001	1928	PC	3.88583676392162
4002	217	PC	2.37364182944557
4002	605	PC	74.673959617663
4002	722	PC	95.4996498802767
4002	1271	PC	1231.3674068038
4003	233	PC	46.63657499636
4003	304	PC	9.03087025776223
4003	605	PC	8.02036300512106
4004	211	PC	7.22659391506105
4004	213	PC	8.4399611581383
4004	233	PC	19.286814681828
4004	303	PC	5886.12508379317
4004	305	PC	2.04110526788614
4004	309	PC	14.8316914290946
4004	605	PC	5.30598668129685
4004	807	PC	3.65010919543409
4004	1124	PC	2.15341082887461
4004	1130	PC	856.957125346315
4004	1548	PC	1.15243330182598
4004	1837	PC	5173.03351143758
4005	104	PC	2.75324753976894
4005	301	PC	.782763870234335
4005	806	PC	2.05990159917102
4005	1034	PC	3416.18438854759
4005	1671	PC	.661298501712168
5101	105	PC	3.96786567091995
5101	106	PC	177.550104499117
5101	124	PC	91.1526506006316
5101	135	PC	49.1715814122284
5101	211	PC	11.047719254609
5101	213	PC	103.933128061911
5101	217	PC	1.2347472477967
5101	219	PC	153.630975945129
5101	220	PC	2.15023371992548
5101	231	PC	6.61583137414011
5101	233	PC	4.51027498631464
5101	235	PC	146.012829375607
5101	302	PC	364.484249896964
5101	304	PC	51.9124508307821
5101	305	PC	73.479789643901
5101	306	PC	67.4524057878332
5101	308	PC	2.04110526788614
5101	312	PC	131.738036752541
5101	412	PC	56.4312448016414
5101	501	PC	.649583924337739
5101	602	PC	3.35364833322457
5101	625	PC	6.9790305852336
5101	626	PC	4.0478193629331
5101	704	PC	13.8554387822883
5101	709	PC	.695967967558539
5101	722	PC	50.7963894763214
5101	805	PC	85606.0644095937
5101	1018	PC	13793.3015250567
5101	1032	PC	23.4757501027767
5101	1102	PC	13.6477712339748
5101	1106	PC	.578550159263845
5101	1124	PC	571.698672683559
5101	1127	PC	10.0701591693844
5101	1172	PC	10.447556989957
5101	1271	PC	8682.56039504261
5101	1445	PC	.784833502120849
5101	1523	PC	.997356958001072
5101	1543	PC	2333.31002628726
5101	1548	PC	301.712160343826
5101	1638	PC	15.7962874001643
5101	1833	PC	87.9689040944688
5101	1837	PC	62488.622368213
5101	1973	PC	3.64753199089783
5102	106	PC	48.2719781941027
5102	219	PC	1190.89653787515
5102	226	PC	89.512764535161
5102	304	PC	9.25437128459576
5102	306	PC	6511.22275705701
5102	310	PC	.59192052768698
5102	312	PC	9.39928975861567
5102	415	PC	.656059422869032
5102	427	PC	1.84355136950919
5102	704	PC	18.5923585866401
5102	709	PC	2.78387187023415
5102	1120	PC	10.3854049642856
5102	1130	PC	208.270647434445
5102	1228	PC	9.32181269770567
5102	1271	PC	3720.2379936208
5102	1837	PC	5739.38710051952
5103	312	PC	58.9675311892306
5103	720	PC	1.40018444436222
5104	1837	PC	588.080933429709
5106	105	PC	22.6735181195426
5106	106	PC	3.56972034515648
5106	301	PC	3.82094906148285
5106	307	PC	5.61303948668688
5106	709	PC	.695967967558539
5106	819	PC	3.29293546330314
5106	1102	PC	5.77740790880036
5106	1271	PC	92.3443463942394
5106	1275	PC	76.9194173450105
5106	1837	PC	155.392218868059
5201	106	PC	1.52189353462298
5201	219	PC	.982064360827723
5201	233	PC	364.438924388222
5201	235	PC	565.287093249647
5201	302	PC	74.072730724222
5201	308	PC	7.82559759707546
5201	312	PC	4.8813032481497
5201	418	PC	2.95211079487862
5201	502	PC	272.669052713707
5201	605	PC	179.727293959614
5201	1102	PC	40.5218860866236
5201	1135	PC	4262.84337343844
5201	1271	PC	4250.26983248444
5201	1438	PC	2532.37216264286
5201	1833	PC	62014.4912039756
5201	2101	PC	5.1330649335803
5204	125	PC	2.35700419709381
5204	236	PC	11.790144277265
5204	1102	PC	73.7700936206982
5402	125	PC	1.2308115911717
5402	305	PC	.831750396663602
5403	104	PC	76.479098326915
5403	105	PC	1.93240211246101
5403	106	PC	302.698412226165
5403	125	PC	8.20541060781134
5403	219	PC	2886.58668088453
5403	228	PC	52.2302531964486
5403	231	PC	16.7563217408993
5403	301	PC	42.9836358364142
5403	302	PC	134.422090179811
5403	303	PC	2.47994290048166
5403	304	PC	30.8390594924917
5403	305	PC	.664379764696938
5403	306	PC	1051.09369206645
5403	310	PC	363.622903473916
5403	418	PC	37.1842955538253
5403	624	PC	1.03004313757866
5403	625	PC	.617613326126867
5403	626	PC	4.65094444801013
5403	701	PC	76.3164674541056
5403	704	PC	26.9888743061288
5403	706	PC	262.030393190306
5403	716	PC	5.29882219719242
5403	904	PC	66.247005441828
5403	928	PC	313.68226181916
5403	1034	PC	1.51519297644286
5403	1102	PC	11.1435186738215
5403	1124	PC	46886.5070802275
5403	1149	PC	338.45011075143
5403	1172	PC	91.7726541603722
5403	1231	PC	1.02346667403526
5403	1271	PC	950.447351173601
5403	1275	PC	114.286287443977
5403	1277	PC	.865035603279667
5403	1503	PC	1.01928954603278
5403	1548	PC	1.22926218861437
5403	1557	PC	117.189192724874
5403	1833	PC	4.76427735122431
5403	1837	PC	264.83653091655
5403	2101	PC	24.6387116811854
5404	104	PC	5.09860655512766
5404	105	PC	70505.2627601916
5404	228	PC	25.6695040086344
5404	301	PC	20.6661908373472
5404	302	PC	10.3463626029148
5404	305	PC	1.0164704234073
5404	306	PC	2.31869558431865
5404	418	PC	22.5098448109495
5404	805	PC	15499.899429708
5404	814	PC	436055.852720389
5404	928	PC	31.6017831102149
5404	1124	PC	24.5249566621831
5404	1127	PC	2.07077095812964
5404	1149	PC	49.1546303058052
5404	1271	PC	4454.32485616342
5404	1275	PC	51.1017473823576
5404	1837	PC	3031.47553392273
5501	106	PC	25.8825431058329
5501	231	PC	45.4562317285302
5501	301	PC	149.449727714623
5501	302	PC	834.976363539496
5501	304	PC	4.65780222131617
5501	305	PC	7.71537791260961
5501	306	PC	44.9043158934951
5501	308	PC	21.4050709443219
5501	310	PC	150.783590007187
5501	1135	PC	24.6288495335875
5501	1174	PC	6.33235341132906
5501	1275	PC	50.3341950321165
5501	1416	PC	1292.26187682856
5501	1837	PC	356.207564000505
5605	101	PC	126825.244786153
5605	104	PC	.937123884832465
5605	105	PC	465.9407973566
5605	106	PC	1656.48275877331
5605	124	PC	5.30757024633678
5605	211	PC	1178.44838906891
5605	213	PC	.580603091320121
5605	219	PC	405.466300694899
5605	226	PC	12.7307042894451
5605	231	PC	.928899880924509
5605	301	PC	25.9006052968412
5605	302	PC	41.069079095137
5605	303	PC	2972.23197727995
5605	304	PC	1.12260789733738
5605	305	PC	2.45749074253491
5605	306	PC	1.49204795082477
5605	311	PC	14.9061917713725
5605	312	PC	53.9800904671508
5605	403	PC	12.2467917349969
5605	501	PC	3.14271266885069
5605	602	PC	16.0182439479654
5605	704	PC	8.06082035611884
5605	706	PC	44.4563716403282
5605	709	PC	4.53668008482603
5605	722	PC	47.5138052769691
5605	805	PC	3.34494441325546
5605	806	PC	45.3178351817625
5605	1018	PC	48.8208956192318
5605	1034	PC	3331.42449344538
5605	1102	PC	137.912187107215
5605	1124	PC	414.814718204381
5605	1135	PC	2509.82343576152
5605	1172	PC	42.6473468984129
5605	1228	PC	2573.6993351501
5605	1271	PC	149.594721694571
5605	1273	PC	7.2342835149723
5605	1432	PC	158.832094845894
5605	1438	PC	2069.24122460069
5605	1671	PC	4.94189420009665
5605	1837	PC	2555.714877326
5605	1971	PC	1.04499695256469
5700	101	PC	23285.6063593693
5700	211	PC	100.060771534601
5700	219	PC	17.2200445841205
5700	235	PC	84.1674672929532
5700	302	PC	402.914179880724
5700	303	PC	82259.6039537133
5700	306	PC	2.41768918981113
5700	605	PC	67.5576951274531
5700	1034	PC	68674.606464296
5700	1072	PC	3230.47569279379
5700	1149	PC	216.075562385935
5700	1224	PC	71.4184774436069
5700	1228	PC	2407.31724403908
5700	1271	PC	24270.2515881028
5700	1416	PC	2319.31129796134
5700	1612	PC	30255.7534615938
5700	1824	PC	30.0042707157203
5700	1833	PC	40084.283823438
5700	1837	PC	80701.8564271144
5700	1845	PC	36334.7588196465
5720	1102	PC	7192.63478037568
5720	1416	PC	4746.21942121593
5730	231	PC	22.7064415337102
5760	217	PC	.975017442750981
5760	1003	PC	6.14023793943143
5760	1824	PC	15.4698401930294
5790	106	PC	1035.80695147474
5790	128	PC	429.712137702546
5790	220	PC	2.42917739541605
5790	306	PC	1198.49108843421
5790	1034	PC	6161.78477086761
5800	304	PC	1.15730668689144
5800	412	PC	1.51528342522926
5800	1271	PC	1.0271656451755
5810	311	PC	2.69221784834182
5820	233	PC	4.62945734463867
5820	626	PC	100.315083361889
5830	805	PC	326662.113545311
5830	1837	PC	61207.3818734567
5831	1837	PC	18388.7598819488
5840	214	PC	24.2446339183553
5840	220	PC	123.023424703444
5840	305	PC	31.0717454930307
5840	602	PC	1.0365822120876
5840	626	PC	2.02390968146655
5840	1002	PC	47.5987428671312
5840	1102	PC	48.930177449598
5840	1211	PC	7.45293867563083
5841	420	PC	.983231843713219
5841	1714	PC	3.59345369728246
5860	301	PC	293.919158575604
5860	605	PC	1.20269031442729
5870	301	PC	98.9252284660036
5870	308	PC	11.903725922312
5870	412	PC	50.1611064903479
5870	626	PC	51.002523972957
5870	706	PC	78.0721400052334
5870	805	PC	280.015255065074
5870	1837	PC	2729.97379036499
5880	219	PC	16546.0102935354
5880	304	PC	1.15730668689144
5880	305	PC	1.56552774046867
5880	306	PC	3.0187946912036
5880	309	PC	24.3901873986054
5880	1122	PC	1.5465919563544
5880	1548	PC	497.031678263079
5910	1275	PC	54.385393800501
5930	1124	PC	112.655288732792
6000	219	PC	86796.3301774274
6000	303	PC	18722.2217691597
6000	805	PC	201925.51260012
6000	1072	PC	33100.0846404624
6000	1102	PC	107544.072626747
6000	1124	PC	19.6638311058902
6000	1228	PC	39808.8460992098
6000	1271	PC	21107.6896316284
6000	1612	PC	46335.9182836284
6000	1671	PC	18.5048115661648
6000	1833	PC	7307.30120972095
6000	1837	PC	152567.776409971
6010	1102	PC	397.116509743215
6010	1172	PC	636.705123824046
6010	1671	PC	.58572153008792
6020	104	PC	14.2760983543575
6020	106	PC	23.8533517263356
6020	219	PC	1.05198817822991
6020	301	PC	1.39305434533229
6020	304	PC	63.7845396214419
6020	309	PC	373.665141391916
6020	528	PC	25.7608647733672
6020	533	PC	.563528785897417
6020	540	PC	3.05207563535136
6020	605	PC	199.754792707646
6020	612	PC	26.6502193652914
6020	628	PC	.945846348436401
6020	805	PC	3.03343050606678
6020	904	PC	27.6883768874513
6020	1029	PC	17.1766446370741
6020	1102	PC	2.33000844998086
6020	1172	PC	1042.46729469702
6020	1173	PC	.854020918325038
6020	1228	PC	9477.38884541317
6020	1272	PC	24.9351899877769
6020	1548	PC	2245.70528766941
6020	1634	PC	3.7675631211393
6030	101	PC	12.0656153412144
6030	215	PC	1.67835846138445
6030	219	PC	194.054247877053
6030	231	PC	22.940730725899
6030	302	PC	244.427458592535
6030	304	PC	320.604568847948
6030	310	PC	98.0097927533567
6030	602	PC	559.291997560145
6030	628	PC	1.29203847596868
6030	704	PC	1.68364136090129
6030	1034	PC	6710.02906579124
6030	1072	PC	332.337268388231
6030	1119	PC	46.6712323780946
6030	1124	PC	1948.23065486117
6030	1135	PC	16039.5177347076
6030	1172	PC	70.6441559875424
6030	1677	PC	98.6384447712578
6030	1850	PC	335.670394967744
6030	1870	PC	2.39991345921418
6040	211	PC	106.860249476594
6040	220	PC	4.4260435594445
6040	1124	PC	26.4390996211827
6040	1503	PC	4.90032434581984
6050	1135	PC	5123.44413168027
6050	1837	PC	40.8389537103965
