50	213	PC	991.407058048893
50	301	PC	177.848850774263
50	418	PC	837.324387902797
50	1120	PC	79.9906663457834
50	1124	PC	61.2658786434855
50	1130	PC	30.005939657939
50	1134	PC	4812.02728482144
52	104	PC	3175.75217605399
52	105	PC	145.451754802093
52	122	PC	62.6422574261094
52	128	PC	5.14347308558514
52	213	PC	9.30137918525639
52	230	PC	275.108328120709
52	231	PC	756.116487408478
52	235	PC	58.8394100209656
52	301	PC	261.063390347524
52	419	PC	108.249479467211
52	605	PC	5.95662892836881
52	706	PC	31.9048147022239
52	904	PC	5.40812799346049
52	906	PC	2.95286277476562
52	1106	PC	2314.83210844283
52	1271	PC	440.980012460891
52	1719	PC	170.133326142999
54	104	PC	367.607640843053
54	235	PC	3.52923836379297
54	301	PC	7.5578964720776
54	402	PC	7.10788229558126
54	706	PC	31.9048147022239
55	220	PC	6.06826612132784
55	1740	PC	12.0942665535205
56	301	PC	559.523672322025
56	602	PC	15.1587274162678
56	605	PC	496.68760622528
56	623	PC	1474.5135454648
56	626	PC	424.854449784738
56	628	PC	3.37051443462256
56	713	PC	58.3222233583322
56	720	PC	106.616319290422
56	1134	PC	32.8805597493907
56	1246	PC	1229.01923799022
56	1271	PC	4684.01602028113
56	1511	PC	545.606030121577
56	1714	PC	1131.5344106713
58	101	PC	97.8756564070389
58	104	PC	74989.3274904251
58	106	PC	16.6430626278179
58	119	PC	31.3047025935273
58	122	PC	281.890158417492
58	124	PC	127.166155151342
58	135	PC	4.17535123423383
58	136	PC	1.28052116673529
58	137	PC	32.8664722475711
58	211	PC	100.773243615299
58	213	PC	24.7450386209111
58	214	PC	3.20055482365725
58	219	PC	12.3493658441914
58	220	PC	27.549611310091
58	227	PC	163.496980934697
58	230	PC	44.7612095412305
58	235	PC	31.2151874306021
58	236	PC	42.9476710759886
58	238	PC	174.46604572915
58	301	PC	593.610835118938
58	402	PC	49.4886304829845
58	403	PC	11.5586441297124
58	412	PC	26.1354327429079
58	501	PC	80.7509411733813
58	502	PC	6.939130645685
58	513	PC	.811703895180892
58	528	PC	47.6214456236718
58	542	PC	6.16085451571552
58	602	PC	5.75718012975082
58	605	PC	27.4232925444846
58	625	PC	2.11780790229536
58	626	PC	35.0172840876679
58	709	PC	10.5934619749617
58	805	PC	225.162772819363
58	806	PC	105.867271925962
58	904	PC	1.53662677304966
58	906	PC	44.0622492172057
58	928	PC	30.7554375908072
58	1034	PC	48.3992462559075
58	1101	PC	10.2567104111781
58	1112	PC	27.0744106334244
58	1124	PC	30.2090062671274
58	1149	PC	162.062915521962
58	1235	PC	47.6514087347253
58	1263	PC	32.1709098771573
58	1271	PC	25.968355196802
58	1273	PC	54.1805514116627
58	1274	PC	12.8115744431657
58	1432	PC	2405.0432268098
58	1504	PC	25.0355800603896
58	1519	PC	2.06731723733998
58	1547	PC	10.4322919443274
58	1566	PC	52.8510301900049
58	1648	PC	23.3535990193876
58	1677	PC	26.5743976742136
58	1719	PC	34.103397873816
58	1804	PC	1.57718350800214
58	1805	PC	23.1165146339133
58	1820	PC	18.2184112299161
58	1833	PC	67.7816334113525
58	1868	PC	33.5784407640551
58	1870	PC	1.12697144016144
58	1871	PC	36.6818888775938
58	1901	PC	26.8726564715315
58	2004	PC	30.9157506127683
58	2030	PC	22.8230859445549
59	106	PC	113.872071206552
59	217	PC	1.03848712284489
59	301	PC	21.3038206806687
59	402	PC	222.930365986441
60	106	PC	127.949741516955
60	125	PC	8.58560688273006
60	220	PC	10.5626912468718
60	237	PC	5.30686034208554
60	301	PC	129.944383635411
60	418	PC	89.2560303579288
60	1271	PC	9.66893406796708
60	1416	PC	4.06773611978467
60	1677	PC	10.407235932961
60	1804	PC	2.0788699903727
61	417	PC	4.49992033609253
105	52	PC	29.8235581160519
105	58	PC	30.3028653000598
105	4005	PC	23.0067448323829
105	5840	PC	108.515146459406
106	1246	PC	24.9679933701894
106	5101	PC	48.0798361913779
106	5800	PC	161.62238244749
106	5840	PC	25.8399828534078
128	237	PC	1.41265104081666
128	1014	PC	1.00588006584768
128	1557	PC	2.74494645691529
136	54	PC	79.0800960580952
136	5710	PC	.696670435977175
217	4002	PC	1.89716606712901
230	58	PC	4.06892616023263
231	5720	PC	1.28155154652996
231	6000	PC	3.2038788663249
301	56	PC	11.9677423656642
301	58	PC	1.57810512222891
301	1871	PC	3.5998860023032
301	5700	PC	38.4643090049024
301	5841	PC	2.13690605582791
301	5850	PC	39.9601432439819
301	6020	PC	7.91403157775866
301	6030	PC	48.0803862561279
301	6050	PC	57.6964635073535
302	211	PC	173.396859588132
418	60	PC	9.8368791351674
502	52	PC	2.12514277766732
602	56	PC	6.83943376797691
602	5840	PC	47.5805250431712
602	5850	PC	14.1536059584698
605	52	PC	1.06477650340289
605	826	PC	1.34071121321741
605	1074	PC	.617414198379963
605	1517	PC	5.17766119575407
704	5605	PC	60.483409230578
713	56	PC	1.77089418933614
720	1931	PC	24.0068522920706
805	52	PC	9129.33920603054
805	54	PC	7578.01909549994
805	58	PC	17307.5216817181
805	125	PC	602.547550176287
805	805	PC	1.4007671090711
805	1127	PC	.626994580977318
805	3001	PC	138.604722387492
805	4001	PC	1451.28685691843
805	4002	PC	30.6139640833775
805	4003	PC	332.289068488327
805	4004	PC	432.634839650509
805	4005	PC	31.8895459201849
805	5102	PC	7933.056040078
805	5104	PC	1928.56280891774
805	5204	PC	6901.96072199202
805	5402	PC	312.517550017812
805	5403	PC	5733.74035644925
805	5501	PC	228227.102241579
805	5605	PC	142769.497084668
805	5700	PC	156736.307140258
805	5710	PC	4896.10828361239
805	5720	PC	47358.9520490938
805	5730	PC	14375.8073008194
805	5790	PC	3214.46622875464
805	5800	PC	3768.06874592905
805	5820	PC	4460.07189239706
805	5831	PC	1301.09347354354
805	5841	PC	49971.3627846029
805	5880	PC	21446.3574222428
805	6000	PC	98690.5974304379
805	6010	PC	9110.20547847843
805	6020	PC	974548.498884241
805	6030	PC	477065.712726939
805	6040	PC	712291.381880921
805	6050	PC	28251.5652619129
904	106	PC	6.32654140521728
904	1106	PC	3.11228111797873
904	1515	PC	5.70365733144919
904	1714	PC	3.16396895857422
904	1971	PC	12.6847709132331
1120	106	PC	3.15480137892674
1120	1106	PC	3.10563250088139
1120	1515	PC	5.7932440487848
1120	1714	PC	3.02191702934824
1120	1742	PC	30.9830771223692
1120	1804	PC	3.19222835689789
1120	1971	PC	6.44342486074612
1124	235	PC	1.07643465203983
1172	1102	PC	86.6366772591476
1172	1121	PC	29.4529170644982
1172	1172	PC	30.9997307117084
1173	906	PC	6.27972744300309
1271	1273	PC	36.6431335623178
1271	1274	PC	52.516436332162
1271	1277	PC	148.566604873183
1504	1504	PC	26.068716507126
1702	211	PC	9.21437465173839
1702	309	PC	11.600836256459
1702	412	PC	3.10105554778962
1702	519	PC	1.72489160912986
1702	536	PC	2.19375612620055
1702	542	PC	1.01396319522122
1702	626	PC	.986941603424782
1702	709	PC	8.22466820311655
1702	814	PC	9.88320960493006
1702	926	PC	3.0290574115888
1702	1072	PC	11.0070381150048
1702	1122	PC	17.1564337551905
1702	1124	PC	10.5943515499163
1702	1276	PC	14.6804562327407
1702	1673	PC	13.5955386143491
1702	1703	PC	.637732477006713
1702	1750	PC	.687472994281425
1702	1804	PC	1.76771213728415
1702	1870	PC	2.68341409467003
1702	1973	PC	2.06938820491122
1714	56	PC	50.817987778463
1837	58	PC	57.3148025760797
1837	104	PC	15167.1732458964
1837	301	PC	13568.4518392749
1837	302	PC	4036.07179302553
1837	805	PC	12834.7805564459
1837	1106	PC	102.299869200549
1837	1124	PC	10335.5340404835
1837	1130	PC	865.175402124824
1837	1141	PC	99.2211844575371
1837	1173	PC	824.501171413827
1837	1401	PC	38.8914060279984
1837	1416	PC	102.964838222069
1837	1432	PC	103.07168808061
1837	1439	PC	139.546654765099
1837	1449	PC	102.770507549121
1837	1502	PC	4213.36376235294
1837	1503	PC	523.191187995521
1837	1535	PC	361.296869921454
1837	1539	PC	419.785626403881
1837	1548	PC	103.821568779134
1837	1554	PC	275.963055460119
1837	1557	PC	504.890673685222
1837	1563	PC	354.237354516426
1837	1566	PC	240.782190496157
1837	1638	PC	772.508598533168
1837	1663	PC	930.378015492026
1837	1671	PC	19766.4341404222
1837	1714	PC	84.6707933035583
1837	1717	PC	205.507075312551
1837	1719	PC	34331.4143623666
1837	1721	PC	2998.41060999103
1837	1725	PC	203.699971740723
1837	1804	PC	1.04812085302824
1837	1822	PC	320.519037690416
1837	1832	PC	210.943032634926
1837	1848	PC	106.238814307847
1837	1854	PC	104.038547030472
1837	1860	PC	417.082336419608
1837	1871	PC	307.089211985864
1837	1901	PC	1255.51635458634
1837	1923	PC	102.784670485896
1837	1931	PC	101.811482302007
1837	1933	PC	206.065521245351
1837	1971	PC	42177.1153684999
1837	2012	PC	104.911313961967
1837	3001	PC	800.171001745681
1837	4001	PC	4371.44997013476
1837	4002	PC	35075.8084930346
1837	4003	PC	23396.9870330516
1837	4004	PC	15047.5282236383
1837	5101	PC	10431.506739728
1837	5102	PC	1674.78319215817
1837	5201	PC	6917.97110574136
1837	5302	PC	21103.3315756007
1837	5403	PC	26.0521829891271
1837	5404	PC	21252.3075281222
1837	5501	PC	15434.4828926074
1837	5605	PC	205634.585676434
1837	5700	PC	75088.3461593476
1837	5720	PC	1005.50792793953
1837	5790	PC	3623.48647974488
1837	5841	PC	23931.8543001345
1837	5850	PC	7656.15173558021
1837	5860	PC	13079.2592149495
1837	5880	PC	14533.9280447098
1837	6000	PC	20455.7487412995
1837	6020	PC	62.5252391739051
1837	6030	PC	16375.6578788799
1837	6040	PC	69689.4831604743
1871	1101	PC	208.895321365057
1871	1102	PC	1598.87320364186
1871	1106	PC	601.108031884502
1871	1119	PC	82.39088517824
1871	1120	PC	50.5827266295257
1871	1121	PC	200.746335881778
1871	1122	PC	51.7643908907129
1871	1124	PC	131.10458097568
1871	1127	PC	167.872023966517
1871	1130	PC	76.6753804347852
1871	1135	PC	58.9717255657531
1871	1149	PC	105.111365106721
1871	1154	PC	52.3762697359361
1871	1172	PC	116.569331588808
1871	1173	PC	178.160085448932
1871	1219	PC	52.2108842379738
1871	1221	PC	570.121715325806
1871	1224	PC	173.95860081297
1871	1228	PC	96.908923241145
1871	1235	PC	134.845532648459
1871	1238	PC	47.0468396151535
1871	1243	PC	807.972861448886
1871	1246	PC	40.7514518433344
1871	1247	PC	97.8608047774392
1871	1253	PC	22.0967713421666
1871	1263	PC	51.0511727503778
1871	1271	PC	275.806954707552
1871	1273	PC	1264.17581335479
1871	1274	PC	1161.21987978135
1871	1275	PC	148.57744919512
1871	1276	PC	96.5696278591402
1871	1277	PC	1069.29842692884
1871	1401	PC	73.2284013487244
1871	1420	PC	35.7511350263214
1871	1432	PC	378.91968630212
1871	1439	PC	58.4475038749982
1871	1443	PC	86.1347190200642
1871	1445	PC	58.5968183832849
1871	1449	PC	85.5513960603256
1871	1502	PC	524.511391516617
1871	1503	PC	449.943696171044
1871	1504	PC	910.575083096277
1871	1516	PC	86.8014979263248
1871	1519	PC	349.69591356205
1871	1520	PC	34.7063183235707
1871	1528	PC	59.230631032444
1871	1534	PC	115.907242580191
1871	1539	PC	86.7505739410446
1871	1543	PC	85.9681028884991
1871	1548	PC	26.1781504565054
1871	1554	PC	29.3602951171267
1871	1566	PC	28.5973033136462
1871	1612	PC	80.2432816665235
1871	1617	PC	113.711308788232
1871	1624	PC	233.037049786347
1871	1627	PC	87.4867696514454
1871	1634	PC	28.4527700795967
1871	1638	PC	178.352693207031
1871	1648	PC	114.670504541448
1871	1653	PC	28.4973167183318
1871	1663	PC	37.0864981780569
1871	1671	PC	218.806848617563
1871	1673	PC	9.94142997853283
1871	1677	PC	199.282483921216
1871	1702	PC	82.3233032285536
1871	1703	PC	52.6508164060578
1871	1714	PC	59.2356225892585
1871	1719	PC	29.8568606344599
1871	1721	PC	115.776461415932
1871	1751	PC	97.1443241042005
1871	1804	PC	279.486447903826
1871	1805	PC	3.80924140425244
1871	1813	PC	89.7291577505986
1871	1816	PC	4.77699958861176
1871	1818	PC	2.01102590186565
1871	1820	PC	98.1194244659166
1871	1822	PC	3.03592446266341
1871	1824	PC	50.6589686008255
1871	1827	PC	12.3146752347339
1871	1828	PC	18.725303721708
1871	1833	PC	203.769797181845
1871	1834	PC	8.6639516963258
1871	1837	PC	46.0932992609809
1871	1838	PC	4.67681472586959
1871	1841	PC	38.9291805288719
1871	1848	PC	1.00716687451851
1871	1857	PC	7.16648736523576
1871	1860	PC	1.02615445188365
1871	1865	PC	51.9995219752856
1871	1866	PC	18.3474920589617
1871	1868	PC	3.70580195215832
1871	1870	PC	3.94040202635563
1871	1874	PC	3.94658855075848
1871	1917	PC	2.79392738161712
1871	1926	PC	1.0015443613537
1871	1929	PC	.959036406865608
1871	1931	PC	28.0343110190507
1871	1933	PC	2.91590866762785
1871	1940	PC	1.85257808842056
1871	1941	PC	9.19642603528407
1871	1942	PC	69.6474257208231
1871	1971	PC	17.193206291586
1871	1972	PC	562.763201803258
1871	2002	PC	8.65005648019272
1871	2003	PC	55.8017750769594
1871	2004	PC	82.8611073587914
1871	2012	PC	145.466569845391
1871	2014	PC	8.59148732427995
1871	2015	PC	2.66940616958333
1871	2017	PC	.92097674692979
1871	2020	PC	89.0705807149534
1871	2022	PC	9.63963483207434
1871	2023	PC	4.67583559891816
1871	2028	PC	9.79744924086077
1871	2030	PC	117.075656751696
3001	106	PC	1.24857622763628
3001	305	PC	445.591532128985
3001	306	PC	1.72571969445772
3001	626	PC	1241.03261861922
3001	713	PC	1743.3042763836
3001	805	PC	97900.5428531992
3001	1837	PC	6639.91639291687
3001	1852	PC	79.2250045777973
4001	105	PC	12.3920840465168
4001	217	PC	12.5146141287548
4001	301	PC	237.459659782088
4001	305	PC	34.6330108754523
4001	402	PC	86.7370695422549
4001	403	PC	423.942063437967
4001	502	PC	36.377866718288
4001	706	PC	28.7143332320015
4001	709	PC	2.27055931297493
4001	1032	PC	.802524410318841
4001	1071	PC	1.48147920142415
4001	1074	PC	101.52268639201
4001	1102	PC	237.230929544602
4001	1124	PC	7.26727994099527
4001	1127	PC	132.867505745597
4001	1130	PC	2840.32086051753
4001	1172	PC	44.5277957317562
4001	1432	PC	30.7284985138602
4002	217	PC	10.3595422742332
4002	1127	PC	1.77784147790252
4003	1127	PC	25.098938511565
4004	233	PC	37.6792815580119
4004	904	PC	116.510550021089
4004	1071	PC	7.09262196359844
4004	1102	PC	8.34952677675677
4004	1124	PC	9.06270188013821
4005	302	PC	22.8626368280347
4005	1124	PC	4.01175603227452
4005	1141	PC	12.3513170657268
5101	101	PC	4.26009385884826
5101	230	PC	26.9189381871638
5101	231	PC	27.5066446881942
5101	233	PC	49.3741377542557
5101	235	PC	4489.46517766642
5101	301	PC	16657.8704502512
5101	302	PC	28.7179071782082
5101	306	PC	3.63828738503069
5101	312	PC	1010.38578753244
5101	403	PC	25.6497402712391
5101	626	PC	3.83193479774973
5101	628	PC	547.899379462088
5101	713	PC	8.48323248848468
5101	805	PC	96370.035575048
5101	904	PC	18.748317087448
5101	1130	PC	3403.08639755247
5101	1149	PC	1216.21084715532
5101	1172	PC	153.011232669611
5101	1273	PC	1.45870715339092
5101	1837	PC	102247.241507639
5102	230	PC	5.40854118762318
5102	233	PC	21.4716494172494
5102	302	PC	42.7462027966589
5102	1273	PC	6.93780487384772
5102	1837	PC	1053.62150043437
5104	105	PC	382.111371027499
5104	312	PC	153.677228265578
5106	301	PC	51.7233042729378
5106	1271	PC	2292.76875027665
5106	1837	PC	1260.56410819666
5201	226	PC	17.8584653436097
5201	230	PC	6.35158573248821
5201	301	PC	113.92584194598
5201	302	PC	19.9528466862849
5201	306	PC	32.8369607554905
5201	403	PC	25.5910940141234
5201	529	PC	.747510741422547
5201	728	PC	35.0082234256612
5302	136	PC	11.3944680090852
5402	235	PC	104.97832678309
5402	305	PC	1.86638054546583
5402	626	PC	8.29159485576653
5403	106	PC	248.819597336638
5403	128	PC	25.5153687585869
5403	136	PC	9.38687126462734
5403	211	PC	22.2419885745107
5403	219	PC	56.7828789401637
5403	235	PC	37.7852669498202
5403	301	PC	13.5086902359954
5403	302	PC	10.6419381158226
5403	305	PC	45.7851070031401
5403	306	PC	25.1929882402587
5403	403	PC	23.1706030386209
5403	417	PC	7.52969624420028
5403	626	PC	16.8101285286777
5403	701	PC	3.50102085034087
5403	805	PC	4899.14594174391
5403	1102	PC	18.163290418408
5403	1141	PC	28.0123854362208
5403	1172	PC	4171.26982105945
5403	1271	PC	5874.82202758161
5403	1725	PC	74.3282420369695
5403	1837	PC	15197.7306538906
5403	1868	PC	1007.7713853222
5404	106	PC	3.19874353792387
5404	219	PC	56.7828789401637
5404	301	PC	3.19845979866951
5404	302	PC	83.9766274675289
5404	305	PC	1.23235700808599
5404	805	PC	6923.55926889523
5404	1141	PC	15.4682673236143
5404	1172	PC	3329.4149443843
5404	1271	PC	.646209373868705
5404	1837	PC	19830.521198822
5404	1868	PC	1283.08950984342
5501	106	PC	71.1400562834269
5501	235	PC	8955.75368780847
5501	305	PC	5.24853921672056
5501	412	PC	49.8201386646929
5501	805	PC	65121.0949642282
5501	1432	PC	.582026550262525
5501	1820	PC	1.01085630361079
5605	136	PC	3.90667474597207
5605	306	PC	46.3592971934493
5605	402	PC	22.9960897798217
5605	704	PC	1290.848235596
5605	1124	PC	57.0950218448707
5605	1837	PC	199.532591746268
5710	136	PC	.708627391422156
5730	301	PC	1.94720804940333
5760	1837	PC	137.164081553058
5790	128	PC	18.2413623816597
5800	412	PC	1060.21495090268
5800	805	PC	212687.160899315
5800	1172	PC	13122.7315027717
5800	1860	PC	1.06996379259191
5810	626	PC	29.1481049543582
5810	805	PC	2186.9935361345
5810	1120	PC	7434.06514212341
5810	1432	PC	1123.9537659403
5820	231	PC	19106.9601260822
5820	1860	PC	2.11038223390909
5831	106	PC	2665.61961493656
5831	235	PC	12590.1436456868
5831	626	PC	22.9020824641386
5831	1120	PC	2664.57881060644
5831	1130	PC	3332.21133339284
5831	1172	PC	3960.4600701213
5840	106	PC	307.079379640692
5840	211	PC	427.618791031391
5840	310	PC	1.29638918652998
5840	418	PC	194.693165878946
5840	602	PC	3956.49058141452
5840	906	PC	26.991011300592
5841	106	PC	76.7698449101729
5841	602	PC	22.4767337551557
5860	231	PC	4952.09489140778
5860	1837	PC	6218.79238800098
5870	306	PC	90.3557020315311
5870	412	PC	6.59639835979541
5870	602	PC	22.9994484936477
5880	1503	PC	13.4462008869917
5890	1432	PC	104.305833380381
5900	106	PC	51.1798966067819
5900	805	PC	79401.6771294121
5900	1837	PC	111441.748841671
5910	305	PC	25.1929882402587
5910	403	PC	25.5910940141234
6010	106	PC	649.771437336935
6010	1124	PC	563.901450319711
6020	219	PC	.98100937588061
6020	402	PC	1.29927907255993
6020	1149	PC	20.8899149288101
6020	1172	PC	20.9444398757007
6020	1271	PC	315.737479088944
6020	1432	PC	104.305833380381
6030	136	PC	350.382061654229
6030	235	PC	12.7448930050566
6030	306	PC	19.0458991096356
6040	219	PC	7.1755052602621
