50	301	PC	12.2528044152686
50	602	PC	11.7805661219821
50	625	PC	35.9618555582724
51	403	PC	25.5826879700146
52	104	PC	22.5571113841718
52	220	PC	73.7317431329498
52	301	PC	2.13631460542109
52	709	PC	89.5514475232579
56	104	PC	1.93773860056695
56	233	PC	1.97324081684024
57	1439	PC	7.68131049984011
58	104	PC	364.730449380067
58	106	PC	615.654851125945
58	111	PC	26.4279861179582
58	119	PC	205.924074884781
58	128	PC	.563671659857791
58	137	PC	1.77224496514782
58	215	PC	10.3960376935988
58	219	PC	30.6451012829381
58	220	PC	524.962510359748
58	230	PC	3.73408523347481
58	231	PC	20.728937692138
58	235	PC	1.89732382983149
58	301	PC	309.309550623103
58	602	PC	2.74146440294484
58	626	PC	73.0400037743697
58	709	PC	6287.69220308415
58	1004	PC	6.12063573764378
58	1034	PC	2.22955540671332
58	1101	PC	1.26188504138447
58	1106	PC	1.66826630858369
58	1127	PC	13.059658126311
58	1146	PC	4.6228171366252
58	1271	PC	442.675575734436
58	1416	PC	63.1315703063507
58	1438	PC	1.83516844889345
58	1439	PC	841.17617013045
58	1441	PC	1.56158639614614
58	1504	PC	8.45684699798879
58	1531	PC	4.6498580835125
58	1534	PC	2.68864075004045
58	1621	PC	22.1257628047287
58	1860	PC	24.5340268370779
60	402	PC	2.40403057205685
62	220	PC	14.905739497285
62	301	PC	6.54796428918158
62	926	PC	1.24349449592208
62	1102	PC	.868141605002278
62	1173	PC	.583590154634854
62	1271	PC	2.50304374464857
62	1277	PC	3.61561910048636
62	1416	PC	1.64451025652968
104	4001	PC	5.84828836992366
104	4003	PC	113.431380963482
104	4004	PC	269.885107501657
104	4005	PC	1.4329748023439
104	5501	PC	1.3667717935918
104	6010	PC	4.47938099540437
104	6020	PC	80.6769084881472
105	58	PC	14.3471004973993
105	211	PC	72.9747158915172
105	231	PC	201.012090541864
105	309	PC	416.662449293407
105	412	PC	104.403691121279
105	519	PC	55.2338162846829
105	542	PC	4.11773011305606
105	602	PC	157.91722490776
105	617	PC	124.714297202469
105	709	PC	274.9863545472
105	906	PC	91.4430885130977
105	926	PC	6.28996004650608
105	1072	PC	69.4663496758912
105	1102	PC	135.754715720898
105	1106	PC	27.3934669584861
105	1122	PC	4.71826208146563
105	1124	PC	28.4477941157531
105	1274	PC	427.507234966935
105	1276	PC	15.3444602962804
105	1439	PC	12.6409974804827
105	1502	PC	3.09493919708465
105	1528	PC	43.2669374799358
105	1531	PC	5.90931148635885
105	1554	PC	.997122580821006
105	1566	PC	23.6688483172517
105	1673	PC	5.66840982104943
105	1719	PC	15.3062425147511
105	1804	PC	3.99732747737561
105	1870	PC	8.96657093088267
105	1901	PC	.702722064180588
105	1931	PC	23.5178894644013
105	1973	PC	5.64700390499319
106	58	PC	75.2561914129185
106	211	PC	395.446727737524
106	230	PC	265.738844736919
106	235	PC	79.5849517729433
106	305	PC	29.8529664131037
106	309	PC	457.436334010693
106	412	PC	291.835934547098
106	542	PC	69.8021655860538
106	626	PC	319.179624373755
106	709	PC	285.520467940083
106	926	PC	143.848700346493
106	1122	PC	186.089544617439
106	1172	PC	29.4616023699337
106	1245	PC	5.76367833683335
106	1274	PC	4.53631505562977
106	1275	PC	6.39799612003999
106	1276	PC	274.796856968331
106	1502	PC	35.3617882580363
106	1514	PC	4.13585566853251
106	1531	PC	71.4593748388184
106	1534	PC	23.3231040781338
106	1653	PC	5.14379679473032
106	1671	PC	1.97470331618966
106	1673	PC	86.9438663362353
106	1674	PC	1.22208054284945
106	1677	PC	61.6746152704927
106	1804	PC	1.2541225398452
106	1805	PC	2.51350299846975
106	1928	PC	15.9196342130217
106	1971	PC	9.17298771345948
106	1973	PC	55.2636770547307
106	4001	PC	2.84597015810224
106	5201	PC	3.8415267602249
106	5810	PC	1.32385578140936
106	5860	PC	.967843035040013
106	5880	PC	4.1602327816753
106	6020	PC	23.3763938342098
111	52	PC	5.2122824243895
111	58	PC	189.186665689666
111	62	PC	226.874985109209
135	230	PC	1.63300733134375
135	1860	PC	1.46458422848441
137	230	PC	162.146339993063
137	235	PC	39.6035265815712
137	309	PC	54.3843115564464
137	1127	PC	1.02888169401194
137	1172	PC	36.6713027374831
137	1274	PC	20.6503480486056
137	1275	PC	22.7241956403914
137	1674	PC	1.36839673229672
137	1677	PC	52.438749866895
137	1805	PC	6.14926061915927
137	1971	PC	21.7900552609857
211	542	PC	1.73711160332139
217	52	PC	99.7228110563365
217	58	PC	21.457203192871
217	4001	PC	2.69229590131534
217	4004	PC	16.7315350598602
217	5605	PC	1.3247214175679
219	123	PC	52.7487704418874
219	301	PC	20.8845221000171
219	4001	PC	1.78589931803984
219	5101	PC	.993865202676281
219	5403	PC	2.88985420470488
219	5700	PC	6.11609355493096
219	5860	PC	1.20792847709886
219	5870	PC	1.05502613822559
219	5920	PC	.606512610863987
219	6000	PC	704.788040802469
219	6010	PC	2.35469601864842
219	6020	PC	11.8295442841623
219	6030	PC	40.6057644601125
219	6040	PC	1.65134525983136
220	58	PC	27.0657526784211
226	230	PC	3.53318683285794
226	1547	PC	2.2800797040264
230	226	PC	318.297054265696
230	230	PC	2045.34009209626
230	231	PC	14.940942640814
230	235	PC	25.1196617667738
230	301	PC	28.1544375922526
230	305	PC	1.10444996082443
230	306	PC	20.6712870849577
230	309	PC	12.5877174171417
230	312	PC	1.92375102267238
230	544	PC	6.81277500507602
230	626	PC	19.5319901251759
230	706	PC	1.00082040194172
230	709	PC	3.22578476658903
230	1002	PC	.931869801965268
230	1071	PC	12.5059541790697
230	1072	PC	7.18510117071688
230	1074	PC	1.16976566434376
230	1101	PC	57.9071188537269
230	1119	PC	4.50679497394462
230	1124	PC	2.90048787318885
230	1127	PC	8.92288938534773
230	1146	PC	2.82985849831474
230	1149	PC	1.75033850570812
230	1238	PC	.896313969234795
230	1243	PC	3.14780052472367
230	1245	PC	118.245345215421
230	1271	PC	100.797530443428
230	1274	PC	8.42879195664172
230	1277	PC	1.08515290791271
230	1439	PC	6.11261592589443
230	1511	PC	19.1220296530106
230	1525	PC	148.585778671703
230	1528	PC	4.91177178071853
230	1531	PC	1.27468875178664
230	1532	PC	19.7986819268433
230	1534	PC	45.052791611422
230	1545	PC	15.8214388173192
230	1547	PC	79.6806601017017
230	1554	PC	2.37037645202713
230	1617	PC	25.3138647837121
230	1620	PC	60.9463709705909
230	1671	PC	6.32107519198239
230	1674	PC	2.11895033521661
230	1677	PC	6.87406705467037
230	1805	PC	.775106217508636
230	1851	PC	2.92701947965111
230	1971	PC	.814976570138046
230	1972	PC	.789572063587608
231	230	PC	59.0890525162666
231	231	PC	3.2533275582396
231	235	PC	279.761526416239
231	309	PC	17.825752084527
231	709	PC	1.16004182952336
231	1072	PC	24.8706934040655
231	1074	PC	2.63460735212558
231	1102	PC	.673615080427324
231	1127	PC	92.284104571725
231	1172	PC	6.08606745848096
231	1245	PC	24.362550029822
231	1263	PC	.833639803332361
231	1271	PC	4.99532390509956
231	1273	PC	2.51526174484679
231	1274	PC	14.940715106535
231	1277	PC	30.2816997750247
231	1503	PC	.91550847862948
231	1504	PC	.650898246069613
231	1671	PC	.979235128382783
231	1674	PC	35.8780302779078
231	1677	PC	.633742984965893
231	1804	PC	13.7717520001644
231	1971	PC	10.2359837793024
231	2004	PC	.753369999850769
235	230	PC	50.5079162258576
235	235	PC	.917866708731552
235	301	PC	2.68138890051108
235	309	PC	1.06350889698576
235	1245	PC	26.3788827970737
235	1547	PC	1.03260554139256
235	1620	PC	.622309038055121
237	1523	PC	.625347087577059
237	6000	PC	38.6027438208726
301	50	PC	57.1267146898208
301	56	PC	24.2784526850814
301	58	PC	58.5138409456047
301	101	PC	9.12454662927506
301	104	PC	3.6746226492324
301	105	PC	8.60872106553347
301	106	PC	17.6525750116469
301	124	PC	4.97732325303616
301	136	PC	2.86492150884913
301	211	PC	202.225912843744
301	213	PC	71.5662555931953
301	214	PC	44.5671331101949
301	216	PC	5.35786551498001
301	217	PC	16.1387203392773
301	219	PC	38.6466868761934
301	220	PC	17.9915755588071
301	227	PC	.912261996614564
301	229	PC	2.44466713370318
301	230	PC	67.0715707497838
301	231	PC	55.3741964345609
301	233	PC	1.42818958132169
301	235	PC	89.0893068991999
301	301	PC	17.0788476988936
301	302	PC	5.2109231774009
301	303	PC	15.218693916829
301	304	PC	4.16456047032574
301	305	PC	12.2347059596549
301	306	PC	205.787142938998
301	308	PC	4.21460089630271
301	309	PC	105.163634325394
301	310	PC	2.32445849699464
301	311	PC	15.1349647750812
301	312	PC	7.01353151777858
301	402	PC	2.51034914328001
301	412	PC	13.5363383008377
301	438	PC	.544372739947897
301	522	PC	5.16725091115588
301	542	PC	5.05017680051911
301	602	PC	22.5574116139257
301	604	PC	5.51237612456537
301	605	PC	4.25488098233979
301	617	PC	2.01392199713708
301	623	PC	1.96993278538365
301	624	PC	.706957557117503
301	625	PC	4.4183414373711
301	626	PC	26.2500772989793
301	627	PC	4.56711527886316
301	701	PC	8.38318221498406
301	702	PC	3.36148817333909
301	704	PC	14.8145313493199
301	709	PC	31.9516674267164
301	713	PC	2.04502076442252
301	716	PC	3.4882884188772
301	719	PC	1.03276215771811
301	720	PC	502.970792244273
301	722	PC	4.48192382538732
301	723	PC	.759222390819421
301	807	PC	2.97914301420798
301	826	PC	1.82820986810026
301	926	PC	13.2055855747438
301	1004	PC	15.6498012652677
301	1071	PC	22.7151147149974
301	1072	PC	.687596178554744
301	1102	PC	39.5399572527681
301	1122	PC	24.4905615725015
301	1124	PC	23.072148215699
301	1127	PC	9.79680155319259
301	1172	PC	5.83183894249424
301	1216	PC	21.9095274776737
301	1235	PC	9.31328560075869
301	1245	PC	16.7706291890956
301	1271	PC	101.68723543071
301	1274	PC	4.10050330532736
301	1276	PC	29.8787904692646
301	1277	PC	47.5546933840957
301	1401	PC	17.4086640156093
301	1420	PC	1.83907662422138
301	1439	PC	6.48503320881929
301	1502	PC	15.7137909362704
301	1503	PC	13.9187732716321
301	1504	PC	10.8474127022402
301	1515	PC	.694653378924572
301	1517	PC	1.18725772770534
301	1519	PC	2.59219234557755
301	1520	PC	.967872426711763
301	1525	PC	2.70763932630563
301	1531	PC	24.8861008544792
301	1547	PC	1.83865102637992
301	1671	PC	3.9199537356423
301	1673	PC	14.2416725698667
301	1674	PC	14.6864751675972
301	1677	PC	70.8484534186081
301	1805	PC	31.2454895057963
301	1833	PC	28.940239166598
301	1865	PC	15.4737558369822
301	1972	PC	.625425691703439
301	1973	PC	10.706856794347
301	2002	PC	1.25420943267541
301	2030	PC	.801988901510184
301	4001	PC	4.4159169700322
301	4002	PC	1.92507884380188
301	4004	PC	12.3344079475373
301	5101	PC	.684472477796224
301	5403	PC	56.9673609410839
301	5501	PC	9.94624069297638
301	5700	PC	6.80408422459309
301	5720	PC	2.07373771007325
301	5800	PC	22.4539057364558
301	5840	PC	560.097411651171
301	5850	PC	56.8989136933042
301	5860	PC	1.98924813859528
301	6000	PC	64.5222259147597
301	6020	PC	125.01889806948
301	6030	PC	.914412450805893
301	6040	PC	4.51644886520852
305	211	PC	1.95802546458516
305	230	PC	.984101366030498
305	1677	PC	2.51005211955297
306	230	PC	26.5138776927861
306	301	PC	.66350208721032
306	706	PC	4.84959255999118
306	1245	PC	10.4326648001401
306	1246	PC	.983047799877442
306	1511	PC	5.11053284758952
306	1532	PC	11.1278741692318
306	1534	PC	2.92384998768359
306	6000	PC	268.323906178585
309	101	PC	35.0145933717983
309	104	PC	22.2510574798597
309	105	PC	38.9760720659308
309	106	PC	91.5875480046956
309	124	PC	22.5284231533264
309	136	PC	15.3510565317982
309	213	PC	78.6062429591631
309	216	PC	31.5342239588179
309	217	PC	34.2567997428708
309	219	PC	214.443321405614
309	220	PC	792.010165708417
309	227	PC	4.53514208409905
309	230	PC	42.1302104986969
309	231	PC	91.3028181615938
309	233	PC	7.94268890490937
309	235	PC	27.6824295853163
309	301	PC	47.2736432370319
309	302	PC	29.5745101824535
309	303	PC	86.8355474123489
309	304	PC	22.7067604502819
309	305	PC	72.9887095724868
309	306	PC	1721.88415031808
309	308	PC	23.6172467346634
309	309	PC	84.4037336487318
309	311	PC	80.0821653148305
309	312	PC	22.1518924172872
309	402	PC	13.5313420251655
309	403	PC	3.68068438330728
309	427	PC	3.768609147848
309	502	PC	80.5736636416554
309	534	PC	2.00621120674541
309	542	PC	.725658379825602
309	602	PC	104.64949921617
309	604	PC	29.080644058751
309	605	PC	25.8567424293414
309	617	PC	9.96171225544434
309	623	PC	11.2001082651941
309	624	PC	3.20080718499068
309	625	PC	16.9316710522563
309	626	PC	22.7269040217658
309	627	PC	26.674346469301
309	701	PC	45.3807157645334
309	702	PC	14.6843703197919
309	704	PC	79.4028586949214
309	706	PC	28.8760025607065
309	709	PC	34.7760419224374
309	713	PC	12.1545762713906
309	716	PC	21.2926464106323
309	719	PC	5.29365607669017
309	720	PC	16.6798825503235
309	722	PC	15.4556880714673
309	723	PC	9.37001858334678
309	728	PC	.779962342027189
309	805	PC	28.7794988845125
309	806	PC	43.9055395970951
309	807	PC	17.2680948695044
309	814	PC	12.7046818400833
309	815	PC	4.37797354129365
309	821	PC	9.15754644600244
309	826	PC	11.1084552613505
309	828	PC	4.34938546045525
309	1124	PC	18.9583898568706
309	1271	PC	42.3056916735014
309	1401	PC	9.19045625016964
309	1504	PC	19.8090604408271
309	1515	PC	3.23708275452183
309	1520	PC	4.55510592969279
309	1531	PC	25.1135695372417
309	1532	PC	5.82873629972959
309	1547	PC	2.70969470661564
309	1833	PC	230.124802934226
310	1271	PC	73.7039183854995
402	52	PC	7.01767274620314
402	59	PC	1.92539961998582
402	235	PC	653.919115025795
402	309	PC	924.386706222974
402	4004	PC	4.39878942414852
402	6030	PC	2.53179961061566
403	301	PC	.560352407776142
403	519	PC	.636852510784103
403	542	PC	.557804419257297
403	1274	PC	.871984174151875
403	1971	PC	.945456881752777
412	301	PC	21.997834522412
542	211	PC	15.9065683185628
542	230	PC	6.44762167375129
542	309	PC	6.31297932332552
542	412	PC	18.108725976776
542	542	PC	4.6628901803036
542	625	PC	5.01776009713486
542	626	PC	4.59863485659833
542	709	PC	2.3651746714233
542	1274	PC	2.29099048488875
542	1432	PC	8.20218328870676
542	1673	PC	1.28838333564165
624	1149	PC	7.89912052353775
625	211	PC	2.32379472482225
625	412	PC	.675854948741181
625	542	PC	.655387104886997
625	709	PC	4.04454623378447
625	926	PC	.671685489605719
625	1276	PC	2.41102812879322
626	58	PC	8.51521060807646
704	6030	PC	246.819834973354
706	309	PC	90.0784542658981
706	704	PC	77.7851409060416
706	706	PC	824.392915796908
706	709	PC	431.244023565559
706	723	PC	156.827054210199
706	805	PC	297.56198062439
706	806	PC	759.471603051419
706	1871	PC	155.278704243348
709	106	PC	17.4941517843966
709	230	PC	6.4199696871733
709	235	PC	6.60439504420722
709	709	PC	1.41571119437551
709	1271	PC	1.68171698508446
709	1534	PC	49.2054664836064
716	1534	PC	5.28151848743191
716	1860	PC	1.55447385105672
814	211	PC	21.3668558329408
814	235	PC	3.37675365012548
814	305	PC	1.19957743027075
814	309	PC	.599788715135373
815	101	PC	1.25753904138067
815	104	PC	.628793709667109
815	105	PC	1.54807934047087
815	106	PC	2.12952447152614
815	125	PC	.912691813258237
815	213	PC	1.38340324408533
815	219	PC	2.20378095380849
815	220	PC	1.11505197525673
815	221	PC	.570549448898227
815	230	PC	.815884295223038
815	231	PC	1.93359090202134
815	235	PC	.938613589029291
815	301	PC	2.88589126147716
815	302	PC	1.91355033662851
815	303	PC	.747156313651045
815	304	PC	1.55034935082592
815	305	PC	1.38120146315214
815	306	PC	.979604944564704
815	307	PC	.644422320524026
815	403	PC	1.70917659798173
815	501	PC	2.3029607555183
815	502	PC	1.13863671645099
815	520	PC	.593210918174813
815	532	PC	2.09896934084497
815	602	PC	1.10645639847672
815	604	PC	.699978458510887
815	620	PC	1.03087588203884
815	623	PC	.842059797481218
815	625	PC	.625231610019663
815	704	PC	2.12664802387136
815	706	PC	4.98321126760768
815	709	PC	2.08452064108876
815	711	PC	2.39343179407643
815	723	PC	1.19337083353932
815	806	PC	4.30299023510846
815	815	PC	1.25631532244313
815	834	PC	.596116094521036
815	904	PC	1.03055244465705
815	906	PC	1.27668123491675
815	1018	PC	1.40402152720922
815	1032	PC	.589739396175647
815	1071	PC	2.70750357602049
815	1072	PC	.906631632244849
815	1074	PC	1.73994795026489
815	1102	PC	3.07154375670251
815	1106	PC	.766479421545907
815	1124	PC	.589237066517958
815	1149	PC	.907220163719401
815	1172	PC	12.4595144135842
815	1173	PC	2.04285121602729
815	1224	PC	.829273259485051
815	1271	PC	2.18266104762244
815	1274	PC	1.26238709471827
815	1275	PC	1.18959706454506
815	1277	PC	.789251898592393
815	1504	PC	5.85032797267081
815	1634	PC	.588098209141523
815	1640	PC	1.18542343718253
815	1671	PC	3.37181374559221
815	1677	PC	.937487823021135
815	1702	PC	1.48143932265467
815	1714	PC	2.55674326827424
815	1719	PC	1.01174844155817
815	1804	PC	7.05615570152041
815	1833	PC	1.01781976646364
815	1837	PC	.98880492061096
815	1841	PC	.676474165259485
815	1860	PC	.603990417926047
815	1871	PC	.978007193772975
815	1901	PC	.816177909983554
815	1931	PC	.604897825947603
815	1971	PC	1.74283281332313
815	1972	PC	1.90746864466592
815	2003	PC	.594485822634533
815	2004	PC	1.08287943318562
822	4001	PC	1.19467694106318
822	4004	PC	.762472996514726
906	301	PC	19.5137955824994
906	5605	PC	.628141586437403
1002	58	PC	42.9590286445602
1004	50	PC	115.301985957227
1004	52	PC	2.52793635472606
1004	58	PC	347.131623983064
1004	135	PC	.738490056113319
1004	211	PC	14.7996473550844
1004	235	PC	32.2389675336678
1004	309	PC	22.4982204442363
1004	709	PC	6.78512087985899
1004	814	PC	1.30548227673283
1004	1124	PC	41.495583645163
1004	1127	PC	68.869175348901
1004	1146	PC	1.510189950307
1004	1172	PC	28.3367494926509
1004	1275	PC	5.72964828903384
1004	3001	PC	9.26909996732887
1004	4001	PC	15.4484999455481
1029	1004	PC	1.82735728252903
1029	1172	PC	1.68906228314826
1029	1401	PC	.871859783289256
1034	50	PC	4.78522522592342
1034	55	PC	3.03157543552653
1034	56	PC	4.99665817937553
1034	58	PC	489.455886445118
1034	3001	PC	8.92285386109488
1034	4001	PC	1.26724759910178
1034	4004	PC	1.2795112855447
1034	4005	PC	.62136011310797
1034	5501	PC	1.19450749510304
1071	235	PC	34.6693844955136
1071	301	PC	16.9388925208716
1071	305	PC	7.24791939233604
1071	309	PC	62.8384565216956
1071	706	PC	7.53753867308621
1071	806	PC	2.49036922796473
1071	815	PC	1.99062120311332
1071	901	PC	6.26712933590738
1071	904	PC	15.5174335970719
1071	906	PC	86.8775758418882
1071	914	PC	30.5579816812163
1071	926	PC	37.5684403987931
1071	1002	PC	53.4136776244825
1071	1004	PC	5.67816891632104
1071	1014	PC	2.25014226168753
1071	1018	PC	8.01601132904607
1071	1029	PC	1.88268307890085
1071	1032	PC	2.33724636140135
1071	1034	PC	.616319930499534
1071	1071	PC	180.080678789556
1071	1072	PC	110.801802630296
1071	1074	PC	21.2912804094952
1071	1075	PC	1.4740390646779
1071	1102	PC	1.12002868572485
1071	1119	PC	9.73445636633977
1071	1124	PC	7.73651557014941
1071	1149	PC	.888171026498068
1071	1172	PC	28.5359626798048
1071	1271	PC	3.63778042929995
1071	1273	PC	.985513516388527
1071	1275	PC	4.8218519711411
1071	1531	PC	1.88389824551974
1071	1671	PC	6.68355367294533
1071	1833	PC	326.621871673081
1074	211	PC	9.14224034447715
1074	220	PC	7.05812559840144
1074	231	PC	7.05805742881142
1074	301	PC	142.067975489235
1074	306	PC	.628077435351069
1074	309	PC	108.918048451406
1074	706	PC	35.5830695964605
1074	720	PC	1.45179092155259
1074	814	PC	18.7020942819097
1074	1106	PC	3.76371942687693
1074	1119	PC	.8982511004213
1074	1124	PC	6.75228143690119
1074	1127	PC	162.841605404664
1074	1271	PC	4.54446924462698
1074	1274	PC	22.4934427353048
1074	1674	PC	1.38016502116452
1074	1931	PC	2.983716462171
1101	50	PC	8.63788983031096
1101	52	PC	14.8607483323249
1101	54	PC	7.25787192842696
1101	58	PC	51.8933583568014
1101	214	PC	129.899986332731
1101	216	PC	.625449586272964
1101	219	PC	14.4865093879588
1101	220	PC	2.87034066267887
1101	231	PC	15.5998551900499
1101	301	PC	388.581479015238
1101	309	PC	33.0827458143322
1101	706	PC	500.211213894439
1101	709	PC	1976.56301871436
1101	1034	PC	5.29293731840552
1101	1071	PC	86.3812911569019
1101	1074	PC	254.265885054625
1101	1106	PC	141.374136078231
1101	1120	PC	28.304609066928
1101	1122	PC	538.191019867952
1101	1124	PC	7294.23490621187
1101	1127	PC	47.452466856238
1101	1142	PC	72.3358387090248
1101	1149	PC	95.7962707226626
1101	1172	PC	245.476899473986
1101	1173	PC	488.498792050292
1101	1175	PC	1255.65786305948
1101	1246	PC	127.104205575556
1101	1271	PC	589.736518836555
1101	1273	PC	20.8928473974597
1101	1274	PC	33.6598215736797
1101	1275	PC	42.3057391240728
1101	1277	PC	219.882934859569
1101	1439	PC	.873152220413208
1101	1972	PC	3440.53776721144
1101	2025	PC	456.062352915333
1101	4001	PC	3964.44216832275
1101	4004	PC	7.45167073872239
1101	5102	PC	7.74769309730554
1101	5103	PC	1.15001491823667
1101	5605	PC	1.66113265967518
1102	231	PC	.634174112293722
1102	1102	PC	5.83090065059448
1106	50	PC	5.80612987857613
1106	58	PC	4.45420716005996
1106	61	PC	.916196641389994
1106	106	PC	23.8601762380397
1106	211	PC	22.3101707602231
1106	215	PC	5.97009273212363
1106	219	PC	.78218994133241
1106	235	PC	18.4931150100747
1106	301	PC	980.569826931326
1106	306	PC	1134.35911042638
1106	309	PC	37.2628646092744
1106	402	PC	1.3245100259403
1106	403	PC	21.4570831951431
1106	605	PC	10.4350865184137
1106	623	PC	6.2851473159677
1106	704	PC	151.108202513908
1106	706	PC	24.8975296210492
1106	806	PC	1.05105525581474
1106	814	PC	80.6963316920472
1106	1002	PC	2.59854384822919
1106	1032	PC	9.52911479592086
1106	1071	PC	23.7746286273498
1106	1072	PC	41.6056000978622
1106	1172	PC	5.23791767671564
1106	1274	PC	.733136475438172
1106	1275	PC	2.25943235689646
1106	1401	PC	10.0439419107955
1106	1422	PC	24.6489210009484
1106	1439	PC	79.9988321797139
1106	1443	PC	2.52963467173976
1106	1502	PC	6.08527187207604
1106	1503	PC	12.0105301367634
1106	1504	PC	20.4888894966231
1106	1528	PC	60.313501192508
1106	1531	PC	3.13182193874421
1106	1548	PC	1.02020386506441
1106	1554	PC	8.47164098772048
1106	1671	PC	41.17561269194
1106	1674	PC	.69158005813336
1106	1805	PC	2.98775331771767
1106	1919	PC	1.8590686658274
1106	1926	PC	9.29505790556514
1106	1971	PC	25.4388335169987
1106	1974	PC	6.78368893786632
1106	3001	PC	35.2203034469223
1106	4001	PC	8.33525874678525
1106	4004	PC	.606181266221985
1119	50	PC	6.47864245604751
1119	52	PC	.811835830302139
1119	58	PC	4.77688908844447
1119	1124	PC	170.664453617847
1124	135	PC	4.14316404355368
1124	226	PC	2.70949452475295
1124	301	PC	22.3722842067037
1124	309	PC	14.5561391382098
1124	1071	PC	1.5563932209813
1124	1074	PC	29.5335360896703
1124	1106	PC	6.79985918089943
1124	1119	PC	19.2066099421661
1124	1124	PC	14.7861563056898
1124	1127	PC	4.99475913609213
1124	1146	PC	8.15053589199474
1124	1172	PC	5.34842516089032
1124	1224	PC	8.37382875402916
1124	1271	PC	65.2907847619111
1124	1273	PC	1.90059141386729
1124	1274	PC	.636938381301409
1124	1662	PC	.92711366655257
1133	235	PC	8626.45635188237
1133	305	PC	21.647079162266
1133	602	PC	26.1246979179284
1133	1004	PC	.785961036314361
1133	1071	PC	2.20234382657476
1133	1074	PC	29.163668777169
1133	1133	PC	5.25622843953086
1133	1245	PC	19.4043745316407
1133	5106	PC	.691412762012821
1133	5403	PC	42.235930202956
1133	5605	PC	1.60582747967484
1133	5860	PC	2.20867965642985
1133	5870	PC	.808782212354504
1141	235	PC	36.1130818480848
1142	1124	PC	2.67886531018244
1142	1539	PC	6.72902357451133
1142	1702	PC	14.9341161019066
1142	2025	PC	2.78738539835794
1144	214	PC	42.9252029633719
1144	227	PC	48.2923152122403
1144	1014	PC	125.222709572102
1144	1121	PC	87.0244671178769
1144	1554	PC	53.5144009383884
1144	1841	PC	52.629386231565
1149	105	PC	4.02463526656781
1149	211	PC	2436.84726352065
1149	213	PC	575.252212845331
1149	214	PC	668.935110339964
1149	230	PC	616.832839260371
1149	231	PC	.630268198166361
1149	235	PC	1406.57488690184
1149	306	PC	4.17963542555993
1149	309	PC	496.392318285729
1149	412	PC	31.7856632946724
1149	542	PC	6.90929326915726
1149	626	PC	21.1919844543922
1149	704	PC	10.6299994707233
1149	706	PC	.99537592050397
1149	709	PC	53.3439762259135
1149	926	PC	22.4550839447993
1149	1072	PC	115.347244823371
1149	1101	PC	9.27002297829427
1149	1102	PC	335.456712885077
1149	1122	PC	22.0762960654713
1149	1124	PC	477.03173597503
1149	1172	PC	471.512122957074
1149	1173	PC	4.29190544890711
1149	1271	PC	3.17762295211345
1149	1274	PC	59.728586760435
1149	1275	PC	193.140552262629
1149	1276	PC	45.1885214573906
1149	1277	PC	375.207308478085
1149	1401	PC	.738281503339914
1149	1439	PC	10.9447877915851
1149	1502	PC	10.1302332224033
1149	1503	PC	2.92939759433253
1149	1504	PC	1.59627360392355
1149	1531	PC	9.93493258458778
1149	1554	PC	333.247047873034
1149	1673	PC	16.7531332396322
1149	1677	PC	1004.52547132193
1149	1702	PC	1.67614429866658
1149	1805	PC	147.812481126392
1149	1870	PC	.763286462743662
1149	1929	PC	1.30170591498754
1149	1971	PC	409.469251624236
1149	1972	PC	41.9348571013758
1149	1973	PC	11.6154561799733
1149	4001	PC	1.02060044471118
1149	4004	PC	2.03907019955866
1149	5101	PC	13.7951515225105
1149	5104	PC	2.10938296506068
1149	5201	PC	3.18325065636431
1149	5501	PC	27.4880299315635
1149	5605	PC	16.1186688188728
1149	5700	PC	46.5140250694518
1149	5790	PC	.724434553657205
1149	5820	PC	.85653732520646
1149	5840	PC	1.30398219658297
1149	5880	PC	3.56038276223879
1149	5910	PC	5.79547642925764
1149	6000	PC	511.684105422061
1149	6020	PC	24.7394400073935
1149	6040	PC	.958810438663948
1173	5770	PC	3.20098500931862
1175	6000	PC	9.84409589865786
1219	230	PC	25.9106251562976
1219	235	PC	25.5817822976035
1219	1071	PC	1.31546444638362
1219	1106	PC	1.06844297687823
1219	1274	PC	.599549290882347
1219	1275	PC	.890761938851316
1222	1149	PC	4.63708759860686
1223	831	PC	1.83091462485408
1223	1223	PC	.836469072406686
1223	1244	PC	89.5134472457899
1223	1245	PC	918.325987890135
1223	1271	PC	1913.17764392016
1223	1439	PC	1.20247674053504
1224	235	PC	39.1535911227056
1224	1071	PC	1.04705253025321
1224	1275	PC	1.16149910662682
1238	230	PC	19.9395691439498
1241	104	PC	32.6449069846431
1241	302	PC	.800157475154995
1241	1141	PC	2.71358528511838
1241	1224	PC	9.67715950618454
1241	1241	PC	5.1757164619035
1241	1243	PC	1.83271120084828
1241	1271	PC	1.15514187186155
1241	1401	PC	.74268850237891
1241	1671	PC	52.2845778072271
1241	1833	PC	1.26297151822881
1243	1251	PC	12.4024565959993
1243	1439	PC	13.8555986727341
1244	106	PC	4.10681938031116
1244	230	PC	1.94700109332527
1244	1244	PC	7520.40830619907
1244	1503	PC	7.23398763728863
1245	58	PC	1.1846074053303
1245	106	PC	351.470154041831
1245	211	PC	5.65812816339918
1245	217	PC	4.95607598044449
1245	219	PC	.617240837841167
1245	226	PC	2.56569252022794
1245	228	PC	34.8363353169373
1245	230	PC	548.081022671847
1245	231	PC	150.06310148528
1245	235	PC	5216.88656339958
1245	301	PC	464.549151180584
1245	305	PC	40.0752334197105
1245	306	PC	52.9936451114024
1245	308	PC	1.42940549744682
1245	309	PC	112.201219038685
1245	310	PC	270.898281511772
1245	534	PC	18.2827688948537
1245	709	PC	514.207894541178
1245	1072	PC	69.113080817824
1245	1102	PC	5.48211925048345
1245	1124	PC	16.643511385402
1245	1127	PC	104.08710634198
1245	1146	PC	1.2222593456209
1245	1149	PC	1.19589255614875
1245	1172	PC	24.1904133395006
1245	1173	PC	1.86436386067042
1245	1245	PC	89.9321146646254
1245	1271	PC	133.749114087537
1245	1274	PC	198.092667159342
1245	1275	PC	22.8955414054032
1245	1277	PC	12.2503267639748
1245	1511	PC	61.9230216012682
1245	1525	PC	14.8647728719418
1245	1531	PC	3.22594531054368
1245	1532	PC	200.381809821462
1245	1539	PC	3.98690697821264
1245	1545	PC	3.64890599480179
1245	1671	PC	27.9584731984564
1245	1674	PC	28.2565341949663
1245	1804	PC	4.30932920267455
1245	1813	PC	4.5655248761129
1245	1851	PC	.653167016141218
1245	1865	PC	4.21454059870127
1245	1901	PC	.637728890445874
1245	1971	PC	75.7632325508929
1245	4001	PC	2.1515031794107
1245	5700	PC	8.11295990569451
1245	6020	PC	11.8236625618508
1246	1401	PC	1.47396698586653
1246	1439	PC	21.5744079333281
1246	1504	PC	.957686004700293
1246	1750	PC	4.00554948962829
1246	1870	PC	1.42433376153396
1246	1901	PC	8.430166596973
1246	1971	PC	3.26294483862795
1246	1972	PC	3.60909518597344
1246	4001	PC	5.22721357775476
1247	106	PC	11.4393395150189
1253	50	PC	1.09709586727887
1253	211	PC	20.3371500986077
1253	309	PC	147.661750797042
1253	1172	PC	42.0633728846102
1253	5730	PC	221.180076355589
1253	6020	PC	52.122725834533
1260	432	PC	36.0505377224912
1260	541	PC	78.0361013045809
1260	543	PC	48.5110185250176
1260	605	PC	34.6991907255348
1260	706	PC	63.9317238709346
1260	822	PC	69.0874143120775
1260	826	PC	49.6942842581333
1260	1046	PC	47.5781491110638
1260	1130	PC	46.5642818747226
1260	1173	PC	50.79005124425
1260	1243	PC	34.5632027015859
1260	1516	PC	67.1290171311877
1260	1644	PC	82.7674668349608
1260	1740	PC	47.6576757591062
1260	1804	PC	35.8158532842498
1260	1852	PC	48.1987696288869
1260	1929	PC	36.1578369791292
1260	2004	PC	41.216466989163
1260	2015	PC	35.8965163928141
1260	2018	PC	38.9404739342742
1271	50	PC	7.94327289898504
1271	52	PC	3.80781911911576
1271	58	PC	33.0046564119322
1271	104	PC	.938191859949508
1271	230	PC	197.536154964825
1271	235	PC	1.9066861853395
1271	301	PC	234.580702650712
1271	306	PC	5.08753720150836
1271	402	PC	.886370222589734
1271	602	PC	89.0604961431144
1271	617	PC	5.35967101128216
1271	618	PC	1.43445710710805
1271	706	PC	1.04700494566417
1271	709	PC	21.5251821886633
1271	1002	PC	3.40471639605521
1271	1071	PC	1.68050116905881
1271	1072	PC	1.0339437717374
1271	1074	PC	21.6169080105342
1271	1106	PC	15.7154159027877
1271	1122	PC	4.96286794072179
1271	1124	PC	29.501039122897
1271	1127	PC	58.2922460568222
1271	1173	PC	6.44456687693144
1271	1219	PC	1.20033204808434
1271	1221	PC	66.8757248663617
1271	1222	PC	3.73970095071312
1271	1223	PC	3.44083558329043
1271	1224	PC	22.1923892521456
1271	1227	PC	.701796542300684
1271	1228	PC	2.79295361263687
1271	1231	PC	5.30547048001237
1271	1232	PC	2.44361872866431
1271	1233	PC	8.63661136095079
1271	1235	PC	85.145801303404
1271	1238	PC	28.5629864637176
1271	1243	PC	52.8600301478477
1271	1244	PC	23.4013446490851
1271	1245	PC	49.7962134332072
1271	1246	PC	78.0241100189319
1271	1247	PC	45.171545604977
1271	1251	PC	3.32988594489602
1271	1253	PC	7.12586318124702
1271	1256	PC	3.04892799307942
1271	1259	PC	4.96313628422253
1271	1260	PC	9.15399669512114
1271	1263	PC	29.3737668946731
1271	1271	PC	536.443688591779
1271	1272	PC	143.149933524643
1271	1273	PC	247.684261154337
1271	1274	PC	108.30106586488
1271	1275	PC	180.238937075674
1271	1276	PC	77.1677681668327
1271	1277	PC	140.745024671543
1271	1417	PC	8.36944642924003
1271	1419	PC	2.24220816937356
1271	1420	PC	37.6419150576734
1271	1421	PC	6.72530662579983
1271	1422	PC	6.46442715106729
1271	1430	PC	.88344239420297
1271	1439	PC	32.4525315112828
1271	1449	PC	1.05861745491175
1271	1504	PC	3.96565738055622
1271	1515	PC	54.1521113908456
1271	1520	PC	.771222418721534
1271	1523	PC	20.3024362324477
1271	1532	PC	.990866324718436
1271	1653	PC	1.44570090007243
1271	1671	PC	1.96142574663757
1271	1702	PC	38.0736625793045
1271	1833	PC	68.0022299124776
1271	1971	PC	22.2209941305384
1271	1972	PC	4.32050847653014
1271	1973	PC	12.1545491597052
1271	4001	PC	24.9621326222303
1271	4004	PC	8.4726109828083
1271	4005	PC	15.7382030688341
1271	5101	PC	7.64872186847048
1271	5104	PC	1.6947356393374
1271	5106	PC	1.57627489880437
1271	5201	PC	400.717467165243
1271	5302	PC	1.12057457260974
1271	5403	PC	76.5576548006974
1271	5404	PC	13.611245808633
1271	5501	PC	15.0221025562426
1271	5605	PC	16.8011480919954
1271	5700	PC	95.8518145132797
1271	5720	PC	.895392444209115
1271	5750	PC	3.14614651433668
1271	5760	PC	81.8915897663197
1271	5790	PC	10.5547452601051
1271	5800	PC	19.786145310652
1271	5810	PC	30.5489972770988
1271	5820	PC	8.56225694861708
1271	5840	PC	22.6782949218638
1271	5842	PC	121.16079164608
1271	5860	PC	131.33240712374
1271	5870	PC	49.2668614951962
1271	5880	PC	4.58901967830655
1271	5920	PC	212.770430991623
1271	6000	PC	472.948636901788
1271	6010	PC	133.819015461055
1271	6020	PC	206.601934772876
1271	6030	PC	1327.86592754824
1271	6040	PC	11.3786343744429
1271	6050	PC	578.534509202471
1272	6000	PC	1895.11571719759
1273	52	PC	18.8373921725091
1273	58	PC	23.0571558487937
1273	226	PC	8.29194805643629
1273	230	PC	124.84682474265
1273	235	PC	19.5265248922811
1273	302	PC	.967510672573033
1273	303	PC	1.2070349363776
1273	305	PC	1.45492686005307
1273	306	PC	1.49571920192372
1273	309	PC	42.6269722164916
1273	311	PC	.941361735476465
1273	412	PC	5.83187213379509
1273	1072	PC	7.11429200736742
1273	1122	PC	13.4749782280964
1273	1243	PC	29.3087842438273
1273	1271	PC	15.8813646815334
1273	1273	PC	.944257660922246
1273	1274	PC	101.05510536051
1273	1275	PC	8.98983653606561
1273	1276	PC	4.31210998487826
1273	1439	PC	1.47138185905229
1273	1865	PC	2.16344060480965
1273	4005	PC	8.29758790670545
1273	5760	PC	5.86967633271768
1273	5841	PC	3.20164163602783
1273	5920	PC	10.0126006097377
1274	231	PC	1.87393305430528
1274	1271	PC	3.01323111352077
1274	1439	PC	1.24079988114037
1274	4001	PC	.664874246415112
1274	4004	PC	.98610562389657
1274	5201	PC	239.532953427179
1274	5501	PC	8.3039911899775
1274	5605	PC	3.96363234540245
1274	5790	PC	5.06926592371072
1274	5800	PC	42.0695710974056
1274	5880	PC	26.8841848177257
1274	6030	PC	24.3004600174512
1275	1274	PC	1.4189045118125
1275	1534	PC	1.43784774501033
1275	5720	PC	15.5151553681908
1275	5850	PC	5.13863482582466
1275	5880	PC	9.62306754402097
1275	6000	PC	30.6237022486062
1275	6030	PC	.787603842462845
1275	6050	PC	29.8819886029264
1277	5101	PC	2.08960477444749
1277	5403	PC	5.00096423547546
1277	5605	PC	8.36588959494071
1277	5700	PC	7.37444790165076
1277	5810	PC	.653134893749676
1277	6020	PC	1.65097987031168
1277	6030	PC	3.82062568565987
1401	230	PC	1.81330251256169
1401	709	PC	20.5521509811042
1401	1245	PC	5.57987819584733
1401	1432	PC	1.35664075271761
1401	1445	PC	.61619900849703
1411	230	PC	10.4857376356273
1411	1245	PC	3.9162565364517
1411	2025	PC	10.1525073234529
1412	1271	PC	.625088548228697
1412	1432	PC	2.04968348698481
1412	1445	PC	.710662460850803
1416	50	PC	2.7140915837312
1416	52	PC	1.02877774424777
1416	54	PC	.663694588485889
1416	56	PC	.807887095383439
1416	58	PC	32.2193554774059
1416	61	PC	.757777642631808
1416	62	PC	14.1687034259969
1416	4001	PC	306.735582819231
1416	4004	PC	2.41775408484385
1416	4005	PC	8.79405027439036
1416	5101	PC	3.97126712620184
1416	5102	PC	1.41247738640877
1416	5403	PC	2.07869485207502
1416	5404	PC	41.1078769566694
1416	5501	PC	1.43368575557407
1416	5605	PC	45.0317302486749
1416	5710	PC	1.7072737178064
1416	5790	PC	2.69346288399271
1416	5810	PC	17.0388037873995
1416	5831	PC	25.929352141492
1416	5840	PC	12.6359463486839
1416	5860	PC	5.65733247484295
1416	6000	PC	3.11342124052808
1416	6010	PC	15.6095667718941
1416	6020	PC	10.7987842754491
1416	6050	PC	14.8505840964841
1428	230	PC	15.8592568230008
1428	235	PC	.787632087810834
1428	6020	PC	19.7479731050098
1438	58	PC	11.6082385854746
1438	305	PC	2073.28655284453
1438	5810	PC	8.53396880624449
1439	58	PC	68.1675077125837
1439	137	PC	41.9539529432841
1439	226	PC	47.4476066653135
1439	230	PC	11.3113314366416
1439	231	PC	5.34600375690924
1439	301	PC	46.0599004359755
1439	305	PC	.916614934049264
1439	306	PC	1.9603060294099
1439	309	PC	1.32388361497343
1439	403	PC	41.0511622649639
1439	412	PC	1.59025559338255
1439	1124	PC	1.15324501275388
1439	1149	PC	1.68657870253397
1439	1172	PC	26.2427406903562
1439	1243	PC	105.974602247711
1439	1246	PC	1.01321241598863
1439	1271	PC	10.7970892105985
1439	1273	PC	5.86139640714703
1439	1274	PC	1.25481944473861
1439	1439	PC	1.28506562768558
1439	1449	PC	5.81528771371478
1439	1865	PC	31.1064665951308
1439	1871	PC	1.31247429122707
1439	4001	PC	33.7250669968261
1439	4005	PC	110.721053943728
1439	5201	PC	.822588531041609
1439	5403	PC	1.77483571943086
1439	5404	PC	4.28511234775164
1439	5501	PC	12.434477794815
1439	5700	PC	3.43914274735226
1439	5880	PC	221.815142221301
1439	6000	PC	2.50283719716148
1439	6010	PC	1.06383865577862
1439	6030	PC	10.6893998000213
1439	6050	PC	295.429376318366
1441	58	PC	19.948303265699
1441	105	PC	4.05657293737641
1441	137	PC	4.57694783939568
1441	211	PC	132.790300812429
1441	231	PC	1.04751353645622
1441	235	PC	2.19557239082788
1441	301	PC	1.50408177814447
1441	309	PC	23.9982289028652
1441	412	PC	22.7877465988055
1441	542	PC	8.86238436581052
1441	602	PC	7.21689557087755
1441	626	PC	11.5833211004825
1441	709	PC	12.7139339223615
1441	926	PC	9.75445716245368
1441	1122	PC	8.25855649342092
1441	1271	PC	.73345816003872
1441	1274	PC	1.10332167663944
1441	1276	PC	17.7200148066335
1441	1502	PC	3.42909780712392
1441	1528	PC	6.2321439816023
1441	1529	PC	.979388365686451
1441	1531	PC	5.22544509941484
1441	1566	PC	7.29700223384144
1441	1673	PC	10.2709902162362
1441	1677	PC	12.2556238684893
1441	1971	PC	1.06280921516035
1441	1973	PC	11.4773920974973
1441	3001	PC	.669548804336193
1441	4001	PC	.637665527939231
1441	5700	PC	1.30508878051563
1502	230	PC	1.15947629217537
1502	301	PC	2.32378308327388
1502	1271	PC	.580378657521281
1502	1502	PC	5.51705334548101
1502	1653	PC	3.68228892337785
1502	1676	PC	1.13811228214743
1503	211	PC	16.4198513422925
1503	226	PC	8.29141994293754
1503	230	PC	1.77488156399506
1503	231	PC	3.15145546543037
1503	235	PC	8.70657617748126
1503	305	PC	.630149249892834
1503	309	PC	22.6957007464507
1503	412	PC	7.22177956047734
1503	542	PC	1.54089633338541
1503	709	PC	9.96770416060446
1503	926	PC	4.87542285020619
1503	1071	PC	1.98198077368747
1503	1106	PC	1.6881247497029
1503	1122	PC	6.02706470899001
1503	1243	PC	3.11926966264267
1503	1247	PC	18.7969793288403
1503	1271	PC	2.266694745753
1503	1272	PC	.837499314342689
1503	1274	PC	5.33871150352341
1503	1275	PC	4.09991152440853
1503	1276	PC	9.98448610949234
1503	1401	PC	6.31578086579249
1503	1432	PC	1.28636669619772
1503	1445	PC	.610743936780642
1503	1502	PC	1.56082291754085
1503	1531	PC	3.09777578233698
1503	1677	PC	5.09596855861502
1503	1804	PC	6.44262994983259
1503	1865	PC	.840032933835005
1503	1973	PC	2.53185293354511
1503	5201	PC	100.738728700632
1503	5403	PC	9.13474604258979
1503	5404	PC	6.38644561355613
1503	5605	PC	29.0615207644872
1503	5880	PC	13.3050950282419
1503	5890	PC	2.88773782492963
1503	6030	PC	219.310542369518
1503	6040	PC	14.0182481217557
1503	6050	PC	.798305701694517
1504	50	PC	601.216898186632
1504	51	PC	21.875108827532
1504	52	PC	229.85494468602
1504	54	PC	169.306093263693
1504	55	PC	4.09358761684808
1504	56	PC	197.530527051107
1504	57	PC	5.82056989270587
1504	58	PC	3989.76400091578
1504	59	PC	47.6956259284896
1504	60	PC	28.5271887049101
1504	61	PC	47.3459653195505
1504	62	PC	16.3743504673923
1504	106	PC	96.6903808954259
1504	125	PC	1.36848220732011
1504	211	PC	94.6844305606877
1504	213	PC	89.0059224190503
1504	217	PC	1.11574115538509
1504	219	PC	5.47895167466181
1504	220	PC	107.241930231883
1504	230	PC	5.9813876098289
1504	231	PC	.770496059581058
1504	235	PC	9.72778196559287
1504	301	PC	47.4979323164631
1504	302	PC	3.7269777931268
1504	303	PC	2.54446697461316
1504	304	PC	11.5588917541792
1504	305	PC	68.4380487027048
1504	306	PC	1.55079429476197
1504	307	PC	11.6714695423881
1504	309	PC	6.85754928608383
1504	403	PC	1.58846888040829
1504	417	PC	3.20441126447874
1504	501	PC	.949186950976915
1504	514	PC	20.4761564732128
1504	517	PC	1.12244157126193
1504	544	PC	.72458450725729
1504	602	PC	.776228156784535
1504	620	PC	1.44456718451273
1504	704	PC	5.28741200341923
1504	706	PC	1.39877099650648
1504	709	PC	2.82351122425107
1504	720	PC	2.46524075935186
1504	806	PC	1.53893246667856
1504	1072	PC	7.53989746913083
1504	1101	PC	3.81395411108546
1504	1102	PC	1.45450740831055
1504	1106	PC	1.55817512739366
1504	1124	PC	19.8216381197422
1504	1130	PC	2.01635782815685
1504	1149	PC	.873380859396108
1504	1172	PC	12.2164549092536
1504	1173	PC	14.1716444852171
1504	1175	PC	2.12520651862646
1504	1235	PC	12.8286845250534
1504	1246	PC	.723765553212616
1504	1260	PC	6.34173367402878
1504	1271	PC	116.766058541937
1504	1272	PC	7.49119177103913
1504	1273	PC	39.272543646126
1504	1274	PC	144.179935415246
1504	1275	PC	8.79929840760735
1504	1277	PC	10.0556433556395
1504	1401	PC	6.55280950246302
1504	1418	PC	4.33992489647276
1504	1419	PC	2.81095854177047
1504	1420	PC	1.59913799086059
1504	1421	PC	1.48848564872702
1504	1424	PC	.769936862683135
1504	1430	PC	.806341418087636
1504	1432	PC	2.02015285776003
1504	1439	PC	.912119589959231
1504	1445	PC	.719356801052008
1504	1502	PC	.638813305373833
1504	1504	PC	5998.02700726984
1504	1514	PC	8.26891672092327
1504	1515	PC	1.18311275913103
1504	1519	PC	.730851516407409
1504	1528	PC	.76092129068492
1504	1531	PC	12.3318357446728
1504	1539	PC	.648235878420853
1504	1617	PC	12.4715585888448
1504	1653	PC	1.17153741968439
1504	1671	PC	20.9290178472948
1504	1674	PC	.88893948242685
1504	1676	PC	3.84933845821713
1504	1677	PC	1.44442684688725
1504	1714	PC	.930369356651465
1504	1748	PC	1.04296414997258
1504	1804	PC	17.281966159437
1504	1805	PC	.67395874491475
1504	1813	PC	.621132063951584
1504	1833	PC	.611280720706797
1504	1870	PC	.99912156761372
1504	1901	PC	.922393290215057
1504	2012	PC	.619807819842295
1504	3001	PC	442.430472267485
1504	4001	PC	350.4697321165
1504	4002	PC	7.65415601275241
1504	4003	PC	10.7499316479938
1504	4004	PC	90.5919467916016
1504	4005	PC	4.14688953894246
1504	5101	PC	619.299042237928
1504	5102	PC	33.6335128415513
1504	5104	PC	10.3938748084033
1504	5106	PC	56.8241131063725
1504	5201	PC	1503.19202386766
1504	5203	PC	69.7722160215383
1504	5204	PC	293.177628134139
1504	5402	PC	1.91886919539754
1504	5403	PC	1039.17747126728
1504	5404	PC	53.0450068298812
1504	5501	PC	104.9813336802
1504	5605	PC	1016.04443707832
1504	5700	PC	1317.08516475982
1504	5710	PC	29123.8493547961
1504	5720	PC	2408.22241572315
1504	5740	PC	20.9156742298332
1504	5800	PC	1.06603844188752
1504	5810	PC	41.8793201895513
1504	5820	PC	42.9826699769049
1504	5831	PC	1.27924613026503
1504	5840	PC	32.1879647143518
1504	5841	PC	15.3402931787614
1504	5842	PC	1.36452920561603
1504	5860	PC	677.784043236761
1504	5870	PC	1.70566150702004
1504	5880	PC	3509.59789988236
1504	6000	PC	20580.1322340184
1504	6010	PC	24.9986014622624
1504	6020	PC	657.667897838343
1504	6030	PC	166.499214046203
1504	6040	PC	46094.1760753948
1504	6050	PC	97.7162816987359
1511	58	PC	17.5754122432723
1511	306	PC	.976910374016058
1511	5800	PC	.81466252824184
1514	58	PC	26.4642856069777
1514	106	PC	6.99607284493651
1514	128	PC	1720.51569208902
1514	211	PC	201.147362939253
1514	230	PC	217.052575418869
1514	305	PC	16.8581123168373
1514	309	PC	203.850906660726
1514	412	PC	79.0849342458458
1514	542	PC	16.4225308246249
1514	626	PC	89.3948289310125
1514	709	PC	90.3292867644495
1514	926	PC	67.8855737941244
1514	1021	PC	3408.4065223067
1514	1122	PC	80.2046156642672
1514	1276	PC	129.359231385507
1514	1502	PC	21.2770810003879
1514	1531	PC	35.1294168915826
1514	1673	PC	59.0743624116436
1514	1677	PC	2.40148071892685
1514	1973	PC	39.8411860039819
1514	4001	PC	2.316197384217
1514	5930	PC	3.2203130528148
1514	6030	PC	15.9066852082985
1515	50	PC	23.1034033336036
1515	52	PC	2.44931217641338
1515	58	PC	45.8532537791335
1515	219	PC	2.39082520983071
1515	231	PC	1.46947531732221
1515	235	PC	2.61477906092872
1515	301	PC	.976910374016058
1515	309	PC	8.03968014000608
1515	709	PC	2.1700478098324
1515	720	PC	4.995047967236
1515	805	PC	.932785553591527
1515	1004	PC	.930885430432219
1515	1504	PC	2.23501612714397
1515	1529	PC	22.1317738835852
1515	1534	PC	3.18303049919664
1515	1617	PC	6.78961500931691
1515	1653	PC	139.747036633894
1515	1677	PC	3.75537131024389
1515	4001	PC	5.49391370352896
1515	5101	PC	15.9396976767632
1515	5102	PC	40.455182725986
1515	5404	PC	17.750058850634
1515	5700	PC	2.03079926974796
1515	5710	PC	84.6343848784578
1515	5770	PC	15.5499375652122
1515	5790	PC	12.1358093749595
1515	5860	PC	6.29473229338238
1515	5870	PC	1.88810021251344
1515	5880	PC	15.3880699779014
1515	6000	PC	1.6836358916998
1515	6020	PC	2.1617842252692
1515	6030	PC	11.3733278452586
1515	6050	PC	26.272600306215
1516	1272	PC	.991902874398977
1516	1432	PC	1.33164229038101
1516	1445	PC	.708473619510893
1517	1529	PC	1.43115396937733
1517	1534	PC	1.48789405638574
1519	1243	PC	1.85265009481599
1519	1503	PC	6.70846957064045
1519	1504	PC	5.77163356206467
1519	1677	PC	64.1989729302999
1520	230	PC	1038.71822063211
1520	235	PC	44.4136876742674
1520	301	PC	42.9658075746238
1520	1271	PC	.62220384401897
1520	1529	PC	25.7863302542034
1520	5403	PC	29.3408058722471
1525	5501	PC	1.15878378633174
1525	5605	PC	1.46153870382779
1525	5790	PC	5.80244723919378
1525	5860	PC	42.4336601793328
1525	5870	PC	28.2393583256005
1525	5880	PC	5.93676808287161
1525	6000	PC	5.48050362974375
1525	6010	PC	167.405346721807
1525	6020	PC	342.783594950491
1525	6030	PC	163.094287262814
1525	6040	PC	30.4535201694008
1525	6050	PC	110.183601276611
1529	237	PC	.594748915683937
1529	301	PC	.695840435704259
1529	1547	PC	21.1602320757922
1529	1617	PC	1.27362171818844
1529	1676	PC	.85172954780703
1531	50	PC	45.8215303476514
1531	52	PC	5.54020178248945
1531	58	PC	4.18420088440852
1531	230	PC	5.6292239211068
1531	235	PC	6.3434297743595
1531	301	PC	1.56872315643868
1531	309	PC	13.6409905209597
1531	310	PC	3.14914813401833
1531	704	PC	.694256967015644
1531	906	PC	1.19183100526439
1531	1071	PC	3.02220214109243
1531	1102	PC	.772975942857732
1531	1106	PC	1.08718760624881
1531	1124	PC	9.18036200043927
1531	1127	PC	1.60154565202764
1531	1146	PC	1.63238454790394
1531	1149	PC	9.78629517754431
1531	1172	PC	2.06312564329725
1531	1173	PC	2.79505031879917
1531	1271	PC	23.0013370283029
1531	1273	PC	26200.579959568
1531	1277	PC	1.31715104580222
1531	1504	PC	43.7483131461568
1531	1531	PC	7.23321157695965
1531	1653	PC	3.09834269160639
1531	1671	PC	2.99988728695049
1531	1702	PC	.725398811730269
1531	1703	PC	1.75408667117369
1531	1804	PC	.86904505087883
1531	1805	PC	.904870544477914
1531	3001	PC	21.1683253405605
1531	4001	PC	3.16293605708028
1531	4004	PC	.818717523369617
1531	5106	PC	1.75363323690497
1531	5201	PC	.632160796039301
1531	5403	PC	145.10382251752
1531	5501	PC	59.2035109086654
1531	5700	PC	21.457221758312
1531	5710	PC	461.194880921589
1531	5860	PC	3.28766255478112
1531	5870	PC	1.819727620302
1531	5880	PC	2.88363398530575
1531	6000	PC	633.226834481188
1531	6010	PC	149.27736301751
1531	6020	PC	32.5205687082208
1531	6030	PC	20.6512966962451
1531	6040	PC	1255.2485388997
1532	123	PC	22.7041792823868
1532	211	PC	43.4329622827366
1532	213	PC	28.4574557993544
1532	219	PC	2.44363537248827
1532	220	PC	49.6418154782459
1532	231	PC	21.8356321313369
1532	235	PC	1.0378912354911
1532	301	PC	19.8499454741959
1532	302	PC	1.56428273323786
1532	303	PC	1.42302503517898
1532	304	PC	4.80511254628478
1532	305	PC	27.5520423569657
1532	307	PC	1.79811019496551
1532	402	PC	.604664847018248
1532	403	PC	1.43386447702355
1532	514	PC	4.90771313625468
1532	517	PC	.589712027203894
1532	602	PC	.631584868132008
1532	620	PC	1.194425680701
1532	704	PC	1.75565127020152
1532	706	PC	.667330548179521
1532	806	PC	.877650277742872
1532	1072	PC	3.60586855519962
1532	1102	PC	.739054824163759
1532	1106	PC	.734565329750535
1532	1124	PC	7.4245692804573
1532	1127	PC	2.45344062180696
1532	1130	PC	.985999155532105
1532	1173	PC	5.95406766906115
1532	1175	PC	.716941452029487
1532	1235	PC	3.29011018888217
1532	1271	PC	36.9762802797153
1532	1272	PC	1.22618294365738
1532	1273	PC	2.46599014224429
1532	1274	PC	75.6313831726313
1532	1275	PC	2.47227825990407
1532	1277	PC	3.46475283053958
1532	1418	PC	1.72622188207854
1532	1419	PC	3.17544000404896
1532	1432	PC	.72520436504814
1532	1504	PC	268.608450229301
1532	1531	PC	8.50425323291743
1532	1534	PC	1.08097490973356
1532	1617	PC	368.730808670921
1532	1671	PC	7.43661038119338
1532	1674	PC	1.39114051705257
1532	1714	PC	.759452009789733
1532	1804	PC	.941688062122664
1532	1865	PC	6.44315734263146
1532	1972	PC	1.65460057703964
1532	5201	PC	6.39623065132513
1532	5720	PC	39.7099319603102
1532	5860	PC	7.35033505681446
1532	6030	PC	47.0069650950303
1532	6050	PC	144.053774652261
1534	105	PC	17.5663086052053
1534	106	PC	10.2662860005385
1534	211	PC	345.101737253215
1534	215	PC	2.97758956083813
1534	219	PC	1.48646561569001
1534	230	PC	10.0185343280418
1534	231	PC	7.04358197635192
1534	235	PC	102.572439288983
1534	301	PC	19.0447139069328
1534	305	PC	2.8207553301952
1534	306	PC	2.58902792744017
1534	307	PC	.668675493769858
1534	309	PC	219.26484831129
1534	310	PC	.93196646944174
1534	412	PC	124.405809288543
1534	502	PC	5.24689833310254
1534	542	PC	26.3257900673492
1534	602	PC	40.1553376078093
1534	624	PC	3.73012252082296
1534	626	PC	17.7851113732901
1534	709	PC	144.498835864632
1534	828	PC	3.46224294685252
1534	926	PC	71.0908542806479
1534	1072	PC	6.40528592403926
1534	1122	PC	56.6155027488553
1534	1124	PC	19.8239252611553
1534	1271	PC	1.03963545308387
1534	1274	PC	25.5989269929703
1534	1276	PC	103.614313733758
1534	1277	PC	1.06059584528314
1534	1401	PC	.82890558670057
1534	1439	PC	6.32069645874138
1534	1502	PC	18.2945114320256
1534	1503	PC	7.40226727575763
1534	1504	PC	57.5798934635956
1534	1515	PC	1.27746889674859
1534	1525	PC	2.04682464159814
1534	1528	PC	11.7497301366876
1534	1531	PC	47.5795784379067
1534	1566	PC	8.42388490277926
1534	1653	PC	48.895172172259
1534	1671	PC	21.1282160952881
1534	1673	PC	25.2334673427632
1534	1674	PC	5.74385113802366
1534	1677	PC	33.7423306983103
1534	1804	PC	.610683137060638
1534	1870	PC	.666464070403632
1534	1901	PC	2.98783849919273
1534	1931	PC	7.33510629955592
1534	1971	PC	12.1613142412413
1534	1973	PC	29.6578562239051
1535	1865	PC	12.8088043034342
1545	230	PC	7.67992599429808
1545	720	PC	25.7049040104542
1545	1502	PC	1.34159546373463
1545	1617	PC	2.64039688586387
1545	1620	PC	38.8180223959016
1545	1653	PC	19.6603542767349
1547	219	PC	.832134839489326
1547	226	PC	3.65635686774108
1547	230	PC	2051.7425018728
1547	231	PC	97.7567561116368
1547	235	PC	5326.91968433255
1547	301	PC	652.218177887349
1547	305	PC	6.84838673689505
1547	306	PC	93.7432852786181
1547	309	PC	294.761984588946
1547	310	PC	39.1448033736248
1547	403	PC	51.5136311994981
1547	412	PC	14.133003970588
1547	625	PC	.63399282803088
1547	1271	PC	34.5173898097113
1547	1277	PC	1.26169273374192
1547	1502	PC	118.549567154655
1547	1503	PC	1.1123808649166
1547	1511	PC	13.0636953782703
1547	1515	PC	1.01337771491658
1547	1525	PC	72.4915236419645
1547	1528	PC	5.50564281878191
1547	1529	PC	2.10513646304335
1547	1531	PC	45.3404963721536
1547	1545	PC	460.784696200232
1547	1547	PC	60.4517719057106
1547	1548	PC	728.647147045671
1547	1554	PC	228.474277170995
1547	1620	PC	318.467409159049
1547	1671	PC	35.940442561074
1547	1674	PC	36.8000031613808
1547	1676	PC	5.01081215729019
1547	1677	PC	25.2806438709333
1547	1750	PC	2.42357525218548
1547	6030	PC	2.13870533044203
1548	106	PC	.634090658352801
1548	230	PC	1.28355309096904
1548	301	PC	2.18206357685
1548	1149	PC	2.12672135018367
1548	1502	PC	1.35397942186141
1548	1504	PC	1.92836168087813
1548	1531	PC	6.83278693257883
1548	1554	PC	1.15313045827563
1548	1617	PC	8.52386785286384
1548	1676	PC	3.45902984017046
1548	1719	PC	.594219059967666
1554	50	PC	1.8201369998635
1554	123	PC	250.691733709722
1554	211	PC	32.6707250319744
1554	213	PC	34.2692617583528
1554	219	PC	1.94146760467241
1554	220	PC	54.1813286615901
1554	230	PC	40.1684490968253
1554	231	PC	.775743684074395
1554	235	PC	7.14975845934238
1554	301	PC	22.2605269038999
1554	302	PC	1.28596139449201
1554	303	PC	1.67387795532745
1554	304	PC	5.01965177248878
1554	305	PC	28.0156918435718
1554	306	PC	429.862290999108
1554	307	PC	3.51498200908686
1554	309	PC	9.6493318661514
1554	310	PC	219.004170283652
1554	514	PC	10.5690518423919
1554	517	PC	.633088301476462
1554	544	PC	127.782836786218
1554	706	PC	.859108280372051
1554	709	PC	.709000751970366
1554	806	PC	.586337533270643
1554	1003	PC	1.40505082151013
1554	1072	PC	1.60933117583433
1554	1102	PC	.782900972493317
1554	1124	PC	6.26617296524879
1554	1130	PC	.791972758417958
1554	1172	PC	.851633323233353
1554	1173	PC	4.60202227010589
1554	1175	PC	.624327147374425
1554	1235	PC	3.670351552591
1554	1271	PC	41.2573184749394
1554	1272	PC	2.39440985953513
1554	1273	PC	4.28533649910901
1554	1274	PC	64.9749725752276
1554	1275	PC	1.4091565585801
1554	1277	PC	2.39655501302348
1554	1418	PC	2.58176974982811
1554	1419	PC	.834007858623008
1554	1420	PC	.738344273966997
1554	1439	PC	1.3371588951424
1554	1502	PC	7.73890187598071
1554	1504	PC	.625504379474331
1554	1525	PC	6.20601557104843
1554	1528	PC	35.5726863552112
1554	1531	PC	2.11455009320042
1554	1545	PC	1.49118720000721
1554	1554	PC	40.5237824828565
1554	1617	PC	1.19020367877333
1554	1640	PC	.614008014434516
1554	1671	PC	6.58070703035301
1554	1805	PC	.572993258466701
1554	1865	PC	47.342838595365
1554	1901	PC	.716523474940571
1554	1971	PC	14.5910769521712
1554	3001	PC	.779146364853848
1554	4001	PC	1.91593368406684
1554	5402	PC	4.49818652714804
1554	5403	PC	3.81057921608849
1554	5404	PC	5.71799763933726
1554	5700	PC	102.965469404559
1554	5710	PC	173.531435803945
1554	5720	PC	563.337723495764
1554	5810	PC	3.57640954359143
1554	5820	PC	2.40556118110614
1554	5860	PC	36.095126200217
1554	5880	PC	379.717832437605
1554	6020	PC	1.05057030342998
1567	213	PC	1.37443021023419
1567	214	PC	.727959879542464
1567	235	PC	37.2584420489009
1567	309	PC	34.8653667853432
1567	1653	PC	.864894771790505
1567	1671	PC	2.01340349171345
1567	1676	PC	3.67588472960127
1567	1677	PC	.672859778721719
1567	1719	PC	6.74184894388372
1569	301	PC	457.78562771795
1569	305	PC	220.761692584408
1569	309	PC	15.7004337964856
1569	403	PC	32.803551576393
1569	1277	PC	31.3602185936482
1569	1502	PC	36.1954798463088
1569	1503	PC	208.418178160279
1569	1504	PC	37.0401834276191
1569	1531	PC	17.876544354584
1617	58	PC	.889015700883866
1617	211	PC	1.16220528313742
1617	214	PC	1.33485651860288
1617	309	PC	.746309323821478
1617	701	PC	1.01511171339577
1617	906	PC	1.22076692561397
1617	1102	PC	.712963489516901
1617	1121	PC	.684891046200448
1617	1277	PC	3.75016921226305
1617	1515	PC	1.64562221502177
1617	1532	PC	16.635245941027
1617	1548	PC	1.53138626725287
1617	1671	PC	232.469530703469
1617	1818	PC	.860703718620044
1617	1834	PC	111.649707493812
1617	5101	PC	2.18086664123073
1617	5201	PC	12.6364178829959
1617	5204	PC	11.0785033494759
1617	6020	PC	141.237026835491
1620	104	PC	2.47679194646721
1620	214	PC	2.22081370796593
1620	219	PC	24.0115662236555
1620	226	PC	16.9779508694522
1620	230	PC	1977.85483119873
1620	235	PC	5162.97731414014
1620	301	PC	59.6678828497594
1620	305	PC	92.5492051421011
1620	306	PC	41.4010866516497
1620	309	PC	82.0994503541656
1620	310	PC	767.653399757721
1620	412	PC	23.0722464254793
1620	420	PC	68.4729518158103
1620	626	PC	19.6226011245492
1620	834	PC	.604126219373668
1620	1175	PC	10.052471909628
1620	1238	PC	1.9454800609717
1620	1245	PC	100.492073084031
1620	1271	PC	11174.0160236284
1620	1272	PC	63.4979281300919
1620	1273	PC	141.998581520991
1620	1277	PC	20.9691184214093
1620	1401	PC	792.422447287844
1620	1439	PC	352.493501592175
1620	1504	PC	204.817097257819
1620	1525	PC	159.648477807717
1620	1528	PC	33.3278028945401
1620	1531	PC	1.85329662289308
1620	1545	PC	20.9012831124534
1620	1547	PC	747.179089446217
1620	1617	PC	18245.038570656
1620	1620	PC	56233.5364952865
1620	1671	PC	218.791289074455
1620	1674	PC	1.00613260816907
1620	1676	PC	76.5111376894681
1620	1677	PC	9.88967350241909
1620	1749	PC	733.508937444481
1620	1804	PC	188.13071298934
1620	1813	PC	1.04942597809586
1620	1820	PC	20.7961791512491
1620	1824	PC	2.15630471022922
1620	1860	PC	378.459712306982
1620	1901	PC	.85854032032277
1620	1931	PC	4331.14853924229
1620	2028	PC	25.2050390525809
1620	6020	PC	6.54046286671892
1621	52	PC	170.665752345543
1621	58	PC	6557.03225299443
1621	1102	PC	1.14090642319137
1621	3001	PC	526.6880662654
1621	4001	PC	3056.97461653971
1621	5101	PC	415.415400129804
1621	5104	PC	17.8741016109041
1621	5403	PC	123.671760193541
1621	5840	PC	212.927363309134
1621	5842	PC	31.9180385909001
1622	230	PC	21.5345132903186
1627	50	PC	12.0809776066557
1627	230	PC	.81890545764723
1627	1554	PC	1.01062574326693
1627	1671	PC	25.9938390580569
1630	58	PC	33.226678173127
1630	213	PC	1.44632196797636
1630	412	PC	1.19550285703204
1630	423	PC	.665803457758521
1630	604	PC	1.13673780869674
1630	617	PC	1.45285941086606
1630	704	PC	.679351295391216
1630	821	PC	2.77364929047888
1630	914	PC	1.08795602709338
1630	940	PC	.681159318023023
1630	1221	PC	.732703265762657
1630	1235	PC	2.0478912631223
1630	1260	PC	1.05279319988442
1630	1273	PC	.598828065675959
1630	1277	PC	1.22376307699447
1630	1504	PC	.846434711538988
1630	1624	PC	1.05370230155817
1630	1677	PC	.703498033923712
1630	1702	PC	.580383791473387
1630	1833	PC	1.96986653881057
1630	1837	PC	2.60702096736136
1630	1860	PC	.867979392012463
1630	1901	PC	.661947723419501
1630	2025	PC	2.49399046278304
1630	3001	PC	9.89459196317903
1630	5605	PC	1.91508231545401
1630	5880	PC	11.4372971617392
1630	6030	PC	20.3477496016988
1632	104	PC	.788638639361204
1632	230	PC	32.0735305203962
1632	235	PC	51.9928430127902
1632	1531	PC	7.23535716466853
1632	1677	PC	2.06749509014739
1632	1813	PC	.711152164391747
1632	1820	PC	.868764235743527
1632	1824	PC	1.56670626851299
1653	720	PC	1.9779005839034
1671	104	PC	8.72923214015251
1671	211	PC	448.573765699916
1671	219	PC	2.20959322185175
1671	230	PC	7.32826209507129
1671	301	PC	44.4591602399957
1671	309	PC	168.685790423809
1671	310	PC	13.3157956536898
1671	412	PC	62.284323037049
1671	542	PC	13.8730286382778
1671	706	PC	3.7854310575112
1671	709	PC	77.9459390107109
1671	926	PC	35.8796635673889
1671	1071	PC	.61325503414287
1671	1072	PC	4.80593850640143
1671	1074	PC	13.2092183986512
1671	1122	PC	59.5197591029823
1671	1127	PC	5.05146386468806
1671	1243	PC	23.0750687240699
1671	1274	PC	7.66963000746008
1671	1275	PC	.755215208612043
1671	1276	PC	87.9867674433509
1671	1502	PC	13.930028633119
1671	1504	PC	1.56958026341831
1671	1531	PC	39.2420873837887
1671	1532	PC	3.09306228744498
1671	1534	PC	19.4752508760781
1671	1545	PC	.714210617926103
1671	1547	PC	2.47940018348117
1671	1548	PC	2.39295739483949
1671	1554	PC	.886916409852383
1671	1617	PC	743.267464812875
1671	1675	PC	7.45896533303303
1671	1677	PC	35.1807427764883
1671	1702	PC	.939352504788569
1671	1703	PC	.854190002771168
1671	1750	PC	30.3146350941822
1671	1804	PC	.837325723241532
1671	1813	PC	15.5822583024056
1671	1815	PC	6.6934714900658
1671	1818	PC	31.6866389574423
1671	1827	PC	6.7187680503823
1671	1856	PC	.986891723327791
1671	1857	PC	1.26418597535665
1671	1860	PC	4.03733781858678
1671	1865	PC	.611560360849979
1671	1868	PC	5.24654804800237
1671	1870	PC	5.05179330598467
1671	1971	PC	3.9149688176674
1671	1973	PC	30.8399333218203
1675	1617	PC	20.9207306684498
1676	211	PC	355.901846743939
1676	230	PC	4.80473284454503
1676	309	PC	165.614105809883
1676	412	PC	57.7267307992858
1676	542	PC	15.0816809950076
1676	709	PC	81.5718367711256
1676	926	PC	33.3099055452116
1676	1072	PC	2.20013146269813
1676	1074	PC	1.05370280780562
1676	1122	PC	39.7932117880663
1676	1127	PC	.620065122506718
1676	1274	PC	2.30760202631458
1676	1276	PC	71.1638766620122
1676	1502	PC	9.41871832063736
1676	1531	PC	37.942949925425
1676	1671	PC	7.19257371399613
1676	1673	PC	26.1865838542752
1676	1749	PC	11.7508408985529
1676	1971	PC	2.40545535272081
1676	1973	PC	20.6256013373825
1676	2014	PC	4.59574292747404
1677	1677	PC	9.60996044444357
1677	1971	PC	2.66498126826943
1749	1504	PC	6.08959069776875
1750	111	PC	2.92537224928173
1750	230	PC	152.815683743652
1750	235	PC	49.2505760392772
1750	704	PC	652.212833080713
1750	1034	PC	2604.43402569805
1750	1071	PC	591.316527172861
1750	1124	PC	231.593601182287
1750	1224	PC	.91828132461232
1750	1245	PC	236.890551039998
1750	1260	PC	81.4332890629052
1750	1271	PC	14997.4963832018
1750	1272	PC	111.650021556247
1750	1401	PC	162.897708353273
1750	1439	PC	762.747827198517
1750	1444	PC	587.745777687673
1750	1504	PC	4947.74016373519
1750	1511	PC	95.4671513280143
1750	1515	PC	77.1551561518372
1750	1525	PC	229.122371318657
1750	1531	PC	359.355281177061
1750	1532	PC	18.2903362992517
1750	1547	PC	218.298456045814
1750	1548	PC	536.178196166317
1750	1617	PC	61.4767659584258
1750	1621	PC	6.17707052237613
1750	1671	PC	643.251035453622
1750	1674	PC	.687821894197628
1750	1676	PC	840.362505111836
1750	1677	PC	634.323298623879
1750	1703	PC	6.74255760792959
1750	1749	PC	.551994119139787
1750	1750	PC	604.509156862293
1750	1804	PC	94.1013033731999
1750	1813	PC	8.42564248268818
1750	1815	PC	40.654492039853
1750	1828	PC	3.92013957138988
1750	1837	PC	1.22244395941657
1750	1971	PC	210.534307734122
1750	1972	PC	1.46788418586404
1750	1973	PC	.759360000912348
1750	5102	PC	9.06501457937929
1750	5404	PC	31.7424535881976
1750	5700	PC	460.979835458029
1750	5920	PC	37.000928461628
1750	6010	PC	60.4894925420159
1804	106	PC	13.8951548507416
1804	213	PC	1888.11011916916
1804	214	PC	1702.25760874313
1804	230	PC	15.4165217677537
1804	235	PC	184.562365142718
1804	301	PC	75.1403856250385
1804	305	PC	.984074596239541
1804	306	PC	4.73433649852441
1804	309	PC	6.55820313639207
1804	417	PC	13.4830645426007
1804	602	PC	19.6695041261241
1804	1102	PC	1091.6775421325
1804	1172	PC	18.2720742821684
1804	1271	PC	1.70960429160317
1804	1273	PC	107.647644235654
1804	1275	PC	3.29619740803959
1804	1277	PC	889.490669590571
1804	1401	PC	2372.41530952091
1804	1439	PC	15.6456313891167
1804	1504	PC	15.1629637887812
1804	1617	PC	1.21666570214237
1804	1653	PC	51.7986648399184
1804	1671	PC	.893624161977481
1804	1677	PC	1575.33837533479
1804	1719	PC	.780873789070202
1804	1804	PC	1037.81539057375
1804	1805	PC	761.019619060984
1804	1813	PC	.830978994608303
1804	1815	PC	.836086792945893
1804	1828	PC	1.16044496541416
1804	1833	PC	1.55449977540442
1804	1837	PC	1353.38442133364
1804	1857	PC	8.86793791382486
1804	1860	PC	2.83645686632955
1804	1865	PC	3.58760001839362
1804	1931	PC	1.72704806337809
1804	1933	PC	2704.73914974651
1804	1971	PC	4.10783419449929
1804	1972	PC	1.01097352225204
1804	2014	PC	104.378897868909
1804	5201	PC	.987389896122774
1804	5710	PC	22.4163042365459
1804	5860	PC	1.79815616858566
1804	6020	PC	2.16417138870013
1804	6040	PC	89.9610083159273
1805	213	PC	3.24412500990159
1805	214	PC	1.75975558912106
1805	1102	PC	1.72434127643792
1805	1677	PC	3.50377406296186
1813	1617	PC	111.845649466394
1813	1627	PC	6.74282289035876
1813	1677	PC	5.13931103368656
1813	1750	PC	308.284061884181
1815	1677	PC	23.2430422738197
1815	1804	PC	30.2898686101584
1815	1815	PC	17.0033321107161
1815	1820	PC	1.07244293119721
1815	1837	PC	1.01657288837424
1815	1860	PC	1.2416444566428
1815	1865	PC	4.01654249516307
1815	1931	PC	.916318869225095
1818	123	PC	41.7239739085625
1818	211	PC	19.2882412746839
1818	230	PC	39.6246203774283
1818	235	PC	13516.7450112183
1818	305	PC	597.646976291739
1818	306	PC	35.4015850039782
1818	310	PC	185.395992969714
1818	1133	PC	.941576797824835
1818	1243	PC	18.820332787309
1818	1245	PC	544.796356117854
1818	1260	PC	77.4002889916354
1818	1271	PC	3.17701798096083
1818	1401	PC	10.2610222511601
1818	1504	PC	706.1264611728
1818	1511	PC	184.882138987244
1818	1525	PC	156.624174828479
1818	1532	PC	244.077228574633
1818	1545	PC	17.4269623186094
1818	1547	PC	39.1219574338956
1818	1617	PC	148.099341463031
1818	1671	PC	47.196002841109
1818	1677	PC	14.6615521604817
1818	1804	PC	2.61134385280078
1818	5101	PC	6.50580389543682
1820	1671	PC	19.1542714722521
1820	1677	PC	15.4821036541517
1820	1815	PC	2.07662506002138
1820	1818	PC	3.26691704645818
1820	1820	PC	22.1252362540716
1820	1827	PC	.903635111635429
1820	1834	PC	10.5773152446134
1820	1835	PC	172.843879941751
1822	720	PC	.733630249564326
1827	1617	PC	20.663221195292
1828	1677	PC	3.52853059166866
1828	1815	PC	.757244892194405
1828	1820	PC	.657489442755975
1833	101	PC	2.66997091522415
1834	58	PC	3.03497877801832
1834	230	PC	112.308072493049
1834	235	PC	7901.55362262088
1834	1124	PC	64.7301989345093
1834	1245	PC	19.7260989871288
1834	1401	PC	16318.8687486644
1834	1532	PC	20.8756905331967
1834	1617	PC	573.788394500643
1834	1837	PC	10736.6711861224
1834	1838	PC	1.37708198430009
1834	1868	PC	1652.88093312075
1834	1933	PC	6391.4476947788
1835	61	PC	1.76358311479243
1835	1865	PC	6.97224977462397
1835	4001	PC	1.16402863815414
1835	5201	PC	23.5293240884965
1835	5204	PC	256.937795315519
1835	5605	PC	23.1997817343159
1835	5700	PC	280.193918162001
1835	5710	PC	223.711421695294
1835	6000	PC	136.271078652949
1837	1416	PC	150.715951696383
1837	1503	PC	30.6560048704904
1837	1504	PC	68.8708147018708
1837	1671	PC	495.512132529156
1837	1677	PC	24.4403487983757
1838	235	PC	19.2478236095695
1848	1841	PC	62.0334795289505
1848	5800	PC	19.3988066660673
1850	106	PC	11.4820429493385
1850	1805	PC	5.23795258752268
1851	226	PC	.594192926654711
1851	625	PC	15.4394830995457
1856	235	PC	209.465043359845
1856	309	PC	3.79529368958044
1856	1172	PC	11.7200816797676
1856	1275	PC	1.52157410703919
1856	1677	PC	12.1246885302591
1856	1804	PC	.949703048922009
1856	1805	PC	137.237515605454
1856	1841	PC	62.0543973584392
1856	1854	PC	3.4359430655977
1856	1860	PC	3.70224750784156
1856	1865	PC	1.64969186922717
1856	1866	PC	2.63984597505047
1856	1867	PC	1.66083590053704
1856	1868	PC	1.87171606133117
1856	1870	PC	.945652019012464
1856	1871	PC	1.55947065028055
1856	1901	PC	6.36605125425576
1856	1911	PC	1.67082137357756
1856	1913	PC	2.33443850285611
1856	1922	PC	1.37539104071107
1856	1923	PC	2.49022150496733
1856	1924	PC	.573607695764425
1856	1933	PC	2.19923776653261
1856	1938	PC	2.04606347642779
1856	1940	PC	2.90325012493764
1856	1941	PC	2.24459950124598
1856	1942	PC	3.39273178927655
1856	1943	PC	1.64863817549961
1856	1971	PC	5.76742198444313
1856	1974	PC	.674288201423228
1856	2003	PC	1.28593013766565
1856	2004	PC	5.30009941083922
1856	2012	PC	12.3686176684662
1856	2014	PC	1.03037456087623
1856	2017	PC	.737371976886456
1856	2021	PC	.757548088696529
1856	2023	PC	1.13343287549196
1856	2025	PC	2.51330743537802
1856	2027	PC	.806377413399994
1856	2030	PC	.647320188469772
1856	5710	PC	32.9383179065861
1856	5880	PC	830.997621429456
1856	6030	PC	.861981051445295
1857	50	PC	2.00277572693833
1857	230	PC	48.1299331315718
1857	1271	PC	1.61620170466137
1857	1504	PC	566.052744080449
1857	1671	PC	.606168001510596
1857	1674	PC	2.67098654278315
1857	1677	PC	7.83857539816121
1857	1804	PC	11151.6395004663
1857	1805	PC	94.1528552240347
1857	1813	PC	2.16725428583954
1857	1820	PC	2.92551480226758
1857	1828	PC	1.96225637396322
1857	1834	PC	1261.02615046207
1857	1854	PC	5.17683477651758
1857	1857	PC	276.250479474682
1857	1860	PC	6.3210904505154
1857	1865	PC	220.7646646261
1857	1866	PC	3.06124165157663
1857	1867	PC	2.10859471884626
1857	1868	PC	20.9466284979998
1857	1870	PC	1.58185679025303
1857	1871	PC	.88243618268494
1857	1874	PC	1.46935095562648
1857	1901	PC	7.03118271497128
1857	1911	PC	1.62555529181296
1857	1913	PC	1.3782850419913
1857	1922	PC	1.40588751611486
1857	1923	PC	2.63526282079194
1857	1924	PC	.977163091886166
1857	1929	PC	461.313832498623
1857	1931	PC	1.16390932950021
1857	1933	PC	1.4381341806164
1857	1938	PC	1.16594339378937
1857	1940	PC	3.47222879263899
1857	1941	PC	2.09358036429579
1857	1942	PC	3.79505573596952
1857	1943	PC	1.85898329355766
1857	1971	PC	582.241302746406
1857	1974	PC	.809442301936183
1857	2003	PC	.715753567191256
1857	2004	PC	5.46682098453941
1857	2012	PC	12.8582357916193
1857	2015	PC	24.3027247110742
1857	2017	PC	1.25488057951141
1857	2021	PC	.920415570283335
1857	2022	PC	.825707567295306
1857	2023	PC	1.38100321494023
1857	2025	PC	2.26229046305562
1857	2027	PC	.893266963858338
1857	2030	PC	1.68303249002141
1857	3001	PC	.670429706679674
1857	4001	PC	.894970449710486
1857	5101	PC	1.51644814606117
1857	5404	PC	3.69800512811408
1857	5605	PC	37.3525122292961
1857	5700	PC	2.27733265443572
1857	5770	PC	66.2129148406497
1857	5880	PC	752.292366387675
1857	6000	PC	4.78878361914053
1857	6030	PC	78.8765870779325
1859	58	PC	95.1371679002585
1859	1805	PC	1.4237106807444
1859	1841	PC	7.86844654647789
1859	1865	PC	.727579733983967
1859	1901	PC	1.45633359045556
1859	1923	PC	.639674709533854
1859	1941	PC	.768542594205421
1859	1942	PC	.705050457277184
1859	2003	PC	.703622150798184
1859	2004	PC	1.496377581235
1859	2012	PC	1.24700681810672
1859	2020	PC	.598778972175484
1859	2030	PC	.728492085119156
1859	4001	PC	24.0503355094613
1859	5403	PC	22.3316942772587
1859	5404	PC	2.94776236111539
1859	5605	PC	83.4376374316294
1859	5710	PC	89.0766961867018
1859	5720	PC	39.8001127457457
1859	5770	PC	40.4386172282978
1859	5880	PC	121.395664745212
1859	6000	PC	944.205530360076
1859	6030	PC	157.119990544001
1859	6050	PC	9.31152370388436
1860	52	PC	333.937844374733
1860	211	PC	2.30974769161914
1860	219	PC	.620310653712606
1860	230	PC	516.816519451796
1860	235	PC	160.057406865401
1860	301	PC	74.2564036302767
1860	309	PC	215.618666480855
1860	1004	PC	1.02997401309058
1860	1224	PC	.610618430835524
1860	1504	PC	.776647178047772
1860	1671	PC	4.0875502010516
1860	1676	PC	28.6534078568004
1860	1677	PC	201.133631777467
1860	1750	PC	1.1590958253475
1860	1804	PC	5.29906152344375
1860	1805	PC	87.0349880693458
1860	1813	PC	4.81421236958325
1860	1815	PC	8.24332440696239
1860	1820	PC	3.28238611148037
1860	1828	PC	3.31251685755182
1860	1837	PC	3.79346916923634
1860	1841	PC	28.4965361412983
1860	1857	PC	14.4437827041772
1860	1865	PC	65.4435128099023
1860	1901	PC	1.96051276025719
1860	1931	PC	4.79190586215962
1860	1971	PC	90.9457712738258
1860	1972	PC	6.78816631410646
1860	2012	PC	1.04966903881037
1860	2019	PC	1.34895206917167
1860	3001	PC	1.05672491862368
1860	4001	PC	30.1586950592095
1860	5201	PC	1.9325402338576
1860	5404	PC	1.70267862013886
1860	5605	PC	3.63734720227163
1860	5700	PC	23.3692640614058
1860	5710	PC	2480.64844429236
1860	5880	PC	616.656987507414
1860	6000	PC	359.318397556178
1860	6040	PC	25265.4936095148
1865	50	PC	4.7589867432881
1865	51	PC	5.43792984306847
1865	55	PC	374.748922551186
1865	58	PC	862.15557600386
1865	62	PC	17.5588732701819
1865	104	PC	83.7845969805394
1865	105	PC	.959725710167584
1865	106	PC	96.4090570345374
1865	231	PC	86.4413271842264
1865	301	PC	2.08699955284577
1865	303	PC	9.38680458551319
1865	305	PC	39.3724303447914
1865	306	PC	444.389894091708
1865	605	PC	2.00867892681829
1865	625	PC	41.8758402615612
1865	709	PC	314.228070910264
1865	720	PC	377.073685092316
1865	1074	PC	1.28979811046199
1865	1243	PC	37.1111673230809
1865	1271	PC	36.6374623408364
1865	1273	PC	354.448093691473
1865	1503	PC	162.034449885051
1865	1504	PC	5002.40727799953
1865	1531	PC	26.0698343724432
1865	1620	PC	3.63546931779539
1865	1638	PC	30.3913293869809
1865	1657	PC	126.810455975289
1865	1671	PC	113.347624022276
1865	1674	PC	2.55072009051535
1865	1677	PC	116.16404412222
1865	1804	PC	398.416448412712
1865	1813	PC	6.15202049251893
1865	1820	PC	710.111660337646
1865	1828	PC	1501.98658619395
1865	1832	PC	11.6434107350807
1865	1833	PC	437.024607239503
1865	1837	PC	13.6701591684192
1865	1841	PC	73.9314984292714
1865	1856	PC	7.31384157192317
1865	1857	PC	16.7849868419146
1865	1865	PC	979.27156056563
1865	1866	PC	36.558269975219
1865	1871	PC	22.6162290139471
1865	1901	PC	133.419616069454
1865	1931	PC	.92073340647815
1865	1971	PC	462.79559212074
1865	1972	PC	138.171642122527
1865	1973	PC	16.9405844747926
1865	2003	PC	20.7245030048316
1865	2017	PC	56.6251897862173
1865	2021	PC	.806836931808325
1865	2028	PC	233.840337048415
1865	3001	PC	68.2571933589539
1865	4001	PC	57.412194722807
1865	4004	PC	54.3048062410536
1865	4005	PC	843.368645778902
1865	5403	PC	49.8672000873167
1865	5404	PC	.71831754287108
1865	5605	PC	215.926253387046
1865	5700	PC	23.5044141768793
1865	5710	PC	1347.46580640549
1865	5880	PC	82.0797512320687
1865	6000	PC	5125.6617766574
1865	6030	PC	1.59626120638018
1866	230	PC	103.004374050584
1866	235	PC	53.6215195765475
1866	1245	PC	14.9248018547402
1866	1525	PC	20.3708209997637
1866	1617	PC	24.4189212467722
1867	1841	PC	18.1062126339206
1867	2002	PC	12.2645614467155
1867	5605	PC	.717401741899956
1867	5880	PC	104.846936056934
1868	55	PC	44.264218883925
1868	59	PC	180.041266782004
1868	230	PC	58.0411792948204
1868	231	PC	19.13253156085
1868	307	PC	.628114086635815
1868	1271	PC	2.38546309514566
1868	1439	PC	5.73771264871272
1868	1502	PC	3.47896294439848
1868	1503	PC	10.8553710455182
1868	1504	PC	2.29314711357968
1868	1677	PC	33.3259959110553
1868	1805	PC	7.07707200496141
1868	1813	PC	18.2897274587709
1868	1815	PC	15.9053070976729
1868	1828	PC	11.070635007621
1868	1841	PC	115.062060931689
1868	1901	PC	7.77205399561517
1868	1931	PC	8.98916312951387
1868	1936	PC	3.45757295278881
1868	1943	PC	.809009535234763
1868	2002	PC	4.07680808548463
1868	2003	PC	1.13646751251941
1868	2004	PC	1.10918644960161
1868	2011	PC	2.30335025338325
1868	2012	PC	16.173827381701
1868	2023	PC	1.52986601702523
1868	2025	PC	2.73369374357339
1868	2027	PC	2.3989001170109
1868	2030	PC	10.7666325571124
1868	4001	PC	3.18845218622203
1868	4005	PC	1.10533009122364
1868	5101	PC	23.5414053082726
1868	5605	PC	13.9973050975147
1868	5700	PC	428.391933201628
1868	5710	PC	1258.41193195374
1868	5770	PC	42.469120303082
1868	5880	PC	57.3921393519965
1868	6000	PC	59.0182499669697
1870	213	PC	56.3596344369456
1870	214	PC	34.4841533854048
1870	230	PC	212.36526796457
1870	233	PC	3.48259791372564
1870	235	PC	162.751456640638
1870	625	PC	.943990557018388
1870	1102	PC	5.8440322962787
1870	1172	PC	7.74750264807345
1870	1173	PC	.864216682191512
1870	1251	PC	1.08603671707385
1870	1272	PC	.8638081568762
1870	1275	PC	4.27129053513968
1870	1277	PC	10.5357953368933
1870	1439	PC	3.61335852195494
1870	1503	PC	2.70202704949581
1870	1504	PC	.963121787703464
1870	1671	PC	7.8089618065826
1870	1677	PC	35.5786475170184
1870	1729	PC	.577399334722019
1870	1804	PC	2.51111714616421
1870	1805	PC	30.5708211628819
1870	1813	PC	5.0851484888378
1870	1828	PC	1.93046660275241
1870	1870	PC	3.87110019076474
1870	1971	PC	10.2109778831058
1870	1974	PC	6.70325317005114
1870	4001	PC	26.6926588856554
1870	4004	PC	74.7001206362051
1870	5102	PC	14.1928634982696
1870	5710	PC	92.5171914528137
1871	1860	PC	110.86411521668
1871	1865	PC	111.955123819618
1871	1901	PC	48.8504975001065
1871	5710	PC	1052.45492580212
1874	58	PC	73.5344329072468
1874	105	PC	.724592911176526
1874	301	PC	38.1396300092274
1874	709	PC	2.12659084123036
1874	904	PC	1.56088537673269
1874	1504	PC	8.16880664191347
1874	1531	PC	176.378071430201
1874	1554	PC	1.50966466107146
1874	1671	PC	2.1260464514453
1874	1805	PC	1.00823298251623
1874	1841	PC	141.791533374706
1874	1857	PC	11.9404577055057
1874	1972	PC	5.33374302188844
1874	4001	PC	7.18317542871079
1874	5710	PC	16.1786394137319
1874	5770	PC	68.7988579949856
1874	5880	PC	202.389958356943
1874	6000	PC	297.711228383004
1901	1504	PC	1.62849928827576
1901	1677	PC	3.06184349177076
1901	1804	PC	3.34157513961903
1901	1805	PC	.749671059945721
1901	1833	PC	1.30184474184322
1901	1865	PC	1.09099785638024
1901	1924	PC	2.14604862029422
1901	1931	PC	5.38547101218109
1901	1973	PC	2.00663382151843
1915	1677	PC	4.02710262646459
1915	1815	PC	6.74567201513224
1919	230	PC	55.2107507202555
1923	230	PC	20.2289825293666
1923	231	PC	41.5984163875891
1923	1245	PC	38.8383840253234
1925	6000	PC	1.6858862873116
1928	1627	PC	.862743298446983
1928	1841	PC	1.19638291474446
1928	1971	PC	1.39779260784044
1928	1974	PC	2.22376096701888
1929	1529	PC	1.52528730392159
1929	5700	PC	2.12864430216111
1931	58	PC	97.3854768238708
1931	1931	PC	3280.51109785243
1931	5700	PC	23.1511354303042
1931	5710	PC	1677.88258473547
1931	6030	PC	46.2788557732847
1936	58	PC	48.1438708962004
1936	1936	PC	219417.909830439
1936	1972	PC	298.194219691356
1936	1973	PC	134.590893891576
1936	2021	PC	.771195438052514
1936	4001	PC	101.826417205238
1936	5710	PC	2224.80602859518
1938	50	PC	32.1733133692617
1938	52	PC	3.62570213563421
1938	55	PC	6.90736731774026
1938	56	PC	3.23692972684852
1938	58	PC	20.5878955874482
1938	1106	PC	21.3065969957202
1938	1149	PC	160.713176151925
1938	5101	PC	1.91723379675134
1941	58	PC	8.4532930308054
1941	123	PC	22.8713190349194
1941	230	PC	323.080681151163
1941	235	PC	40.1731732707442
1941	310	PC	21.3599097383563
1941	1101	PC	9.5034435036349
1941	1271	PC	1691.09721804758
1941	1272	PC	60.4348026407637
1941	1274	PC	3.99801972502289
1941	1401	PC	615.499241888682
1941	1416	PC	26.517901978024
1941	1439	PC	120.975178291995
1941	1503	PC	26.5683792385159
1941	1504	PC	170.822472259579
1941	1515	PC	56.1622354412301
1941	1525	PC	880.972104519581
1941	1532	PC	41.5369267874291
1941	1545	PC	67.3408022322626
1941	1547	PC	345.980317799725
1941	1554	PC	42.3913143834907
1941	1620	PC	469.151599293776
1941	1622	PC	22.0829860764931
1941	1627	PC	.898671804615845
1941	1676	PC	31.5088479218602
1941	1750	PC	17.0424127755407
1941	1804	PC	145.055800365143
1941	1901	PC	4.80269656059674
1941	1929	PC	44.028488243872
1941	1931	PC	194.452714318099
1941	1971	PC	201.878570819277
1941	1972	PC	6.696874976981
1941	1973	PC	118.312868314697
1941	1974	PC	1.28733167698403
1941	5710	PC	12.5794696441315
1942	4001	PC	13.2365109085055
1942	5101	PC	1.54160167207494
1942	5102	PC	2.15292647307017
1942	5201	PC	.95685621025341
1942	5403	PC	19.5836571031865
1942	5404	PC	1.73297291412562
1942	5770	PC	12.2264960199047
1942	5880	PC	23.3207121910095
1943	235	PC	94.992703658204
1971	50	PC	206.298617049993
1971	51	PC	4.29460370472301
1971	52	PC	65.9070420231016
1971	54	PC	8.72554403499278
1971	55	PC	7.30466076562262
1971	56	PC	12.0753775298722
1971	58	PC	1655.96808674849
1971	59	PC	.61351481496043
1971	60	PC	6.74866296456473
1971	61	PC	.61351481496043
1971	62	PC	1.84054444488129
1971	1865	PC	4.38119619531582
1971	1901	PC	1.66953840013175
1971	1971	PC	1.93402082888827
1971	1972	PC	1.93402082888827
1971	2019	PC	2.09273532068986
1971	2021	PC	1.01597061692974
1971	3001	PC	1187.58147942281
1971	4001	PC	157.087486006934
1971	4004	PC	15.9641667476162
1971	4005	PC	2.20162347660279
1971	5201	PC	194.620532968003
1971	5204	PC	33.975513138208
1971	5403	PC	6.67623413224301
1971	5501	PC	4.19554662522419
1971	5605	PC	77.0866453179361
1971	5700	PC	1316.86055433776
1971	5710	PC	7492.21309665992
1971	5720	PC	38.3446759350269
1971	5810	PC	1.78302743097875
1971	5820	PC	26.9264835454855
1971	5860	PC	27.995873952118
1971	5880	PC	.658250270217962
1971	5900	PC	41.5400655962791
1971	6000	PC	498.912164759619
1971	6020	PC	107.767711715393
1971	6030	PC	405.841115226212
1971	6040	PC	133.14123588551
1972	709	PC	2.00843981961687
1972	904	PC	1.60533578201116
1972	937	PC	.633508918855574
1972	1034	PC	.85313846819608
1972	1253	PC	.820316167817161
1972	1271	PC	1.64922409906939
1972	1276	PC	1.05550342340441
1972	1750	PC	.75153701179404
1972	1870	PC	1.92833009348235
1972	1971	PC	4.9479141096325
1972	1972	PC	15.0747650909236
1973	50	PC	1.34206365772594
1973	5710	PC	790.444605633854
1974	50	PC	4.31484117257761
1974	51	PC	22.3677276287657
1974	58	PC	2.52542296227635
1974	1750	PC	1.53502712783102
1974	1860	PC	22.2168847549129
1974	1865	PC	54.6375749710703
1974	1866	PC	26.0384684392521
1974	1922	PC	.805742054693521
1974	1933	PC	4.7094178032788
1974	1971	PC	132.869615353865
1974	1972	PC	67.3235829748327
1974	1973	PC	37.7074186467825
1974	1974	PC	13.3038908409983
1974	2028	PC	.607132018810789
1974	3001	PC	.803107934861396
1974	4004	PC	1.2376809287917
2002	50	PC	7.19282079810975
2002	52	PC	1.47828237870497
2002	58	PC	56.1683584839842
2002	1860	PC	173.16036493397
2002	1865	PC	33.278786118581
2002	1866	PC	36.8421124844314
2002	1936	PC	3.6490806272382
2002	1941	PC	.932616692720227
2002	1971	PC	3.25453392774708
2002	1972	PC	1.86652533296641
2002	2019	PC	7.8239880232017
2002	2022	PC	31.7343594318675
2002	2028	PC	14.2408132751425
2002	2030	PC	2.00875734360144
2002	4001	PC	1.5016460369891
2002	4003	PC	19.7061837781964
2002	4004	PC	12.7501855163304
2002	5101	PC	1.58872876332086
2002	5201	PC	3.129668225606
2002	5403	PC	23.8192496206708
2002	5501	PC	3.87093338389341
2002	5605	PC	180.937727612512
2002	6010	PC	.747637065092169
2002	6020	PC	194.453603929882
2002	6030	PC	4.67910356363082
2004	230	PC	47.5235087147586
2004	235	PC	20.9844738158561
2004	301	PC	37.0518469709784
2004	1671	PC	1.06151640458855
2004	1857	PC	4.99929800679423
2004	1865	PC	11.0990898861479
2004	1971	PC	4.18138561977633
2004	4001	PC	22.4492752919597
2004	5710	PC	72.1393287884379
2004	6000	PC	45.0133425791626
2012	230	PC	1.71657241756215
2012	1627	PC	2.09930030445759
2012	2019	PC	.772086110889442
2014	1865	PC	16.1034014208504
2014	2021	PC	1.0533772848128
2015	1273	PC	3.45273161371713
2015	1275	PC	124.329726563032
2015	1504	PC	990.170189727696
2015	1627	PC	524.825076114397
2015	1857	PC	399.712144027782
2015	1859	PC	293.707520713764
2015	1865	PC	162.447001486729
2015	1866	PC	16.7108132787194
2015	1971	PC	2366.04691155272
2015	2017	PC	222.172511733239
2015	2018	PC	436.284605362449
2015	2022	PC	1.22258771918426
2015	2030	PC	1.9727144784586
2015	5700	PC	5.8098568590092
2015	5710	PC	824.918789362841
2017	1860	PC	31.3306316450828
2017	2004	PC	17.4208920943958
2017	5850	PC	155.596297996779
2017	6000	PC	3525.52789612991
2018	1504	PC	8426.11529650174
2018	1671	PC	3.03062933510032
2018	1677	PC	2.89793978452675
2018	1805	PC	4.42556380946113
2018	1865	PC	125.24712423199
2018	1901	PC	8.5239805633006
2018	1924	PC	.652575477768856
2018	1931	PC	8.72551705794694
2018	1936	PC	4.0482789567279
2018	1943	PC	.786720940846471
2018	2002	PC	1.90319084363062
2018	2003	PC	1.80539787468842
2018	2004	PC	2.21307414911695
2018	2011	PC	1.38437078790559
2018	2012	PC	19.7261336722932
2018	2023	PC	.578490578041087
2018	2025	PC	1.65053250337843
2018	2027	PC	2.91499514950548
2018	2030	PC	9.75674345437851
2018	4001	PC	21.3087955614416
2018	5201	PC	8.44890342766856
2018	5404	PC	14.9070160489434
2018	5700	PC	9.03561807002269
2018	5710	PC	2185.55030676758
2018	5720	PC	66.0266550417374
2018	5831	PC	5.21134400627235
2018	6000	PC	2123.65191199922
2018	6010	PC	4.42374337224261
2018	6020	PC	32.806064196124
2018	6030	PC	.736581969477206
2019	1271	PC	.702188423550213
2019	1504	PC	2.19739958408419
2019	1835	PC	6.1731120975364
2019	1865	PC	4.59469366242322
2019	1866	PC	4.01883699359441
2019	2002	PC	10.2766096124264
2019	2019	PC	1974.63202254932
2019	2022	PC	16.5766768433951
2019	2023	PC	31.5138650595384
2019	2028	PC	18.7390092595111
2019	3001	PC	3.08981787196282
2019	4001	PC	92.9060510390087
2019	5404	PC	13.1543123437949
2019	5700	PC	24.4400660983533
2019	5710	PC	628.664739282459
2019	6000	PC	37.6900384381843
2019	6020	PC	356.293095457999
2019	6030	PC	8.02587366742046
2019	6040	PC	267.847988900802
2022	1504	PC	1.56361450480374
2022	1865	PC	15.9684089168998
2022	1868	PC	6.68033028999258
2022	1973	PC	4.60438871737636
2022	2028	PC	5.92913964851719
2023	231	PC	263.222331440102
2023	301	PC	30.6171512124389
2023	1173	PC	.734874842602125
2023	1515	PC	211.246914428128
2023	1805	PC	25.5784493592133
2023	1865	PC	534.068178794576
2023	1901	PC	.788512065669169
2023	1931	PC	.764697318998245
2023	1941	PC	18.9082598986799
2023	1942	PC	1.60772439523601
2023	1971	PC	68.5688021209654
2023	2004	PC	89.8623229624949
2023	2012	PC	1.77919923263857
2023	2019	PC	15.3822810657574
2023	2022	PC	488.399860476072
2023	2023	PC	50.5465133313947
2023	2025	PC	.724980732496603
2023	2028	PC	67.7846014631713
2023	2030	PC	3.39472463059554
2023	5831	PC	.74721085792565
2023	6020	PC	2.83259877151047
2023	6030	PC	1.2170077273469
2025	1004	PC	8.36062692831301
2025	1101	PC	5.56613274572257
2028	54	PC	1.42730712426687
2028	58	PC	150.801794379386
2028	1504	PC	510.448825737453
2028	1865	PC	16.4235528435276
2028	1870	PC	8.18109150557666
2028	2018	PC	4.83810002390336
2028	4001	PC	3.26560223744094
2028	5101	PC	2.13458877959554
2028	5102	PC	2.1409606864003
2028	5201	PC	26.8214797101816
2028	5203	PC	.713653562133434
2028	5404	PC	7.79921392902968
2028	5605	PC	4.29254121747521
2028	5700	PC	59.0612041733465
2028	5880	PC	5.70710452813255
2028	6020	PC	28.5535763766096
2028	6030	PC	68.8123455535685
2030	58	PC	32.6640515524529
2030	1548	PC	1.16913882852843
2030	1865	PC	.607306834748081
2030	3001	PC	2.84567132072339
2030	5101	PC	3.44671965575468
2030	5102	PC	.778703329633465
2030	5201	PC	1.29890268508533
2030	5403	PC	1.88399398467332
2030	5404	PC	3.93074973086838
2030	5501	PC	7.50087046071798
2030	5605	PC	32.6757533784447
2030	5700	PC	74.2597877437072
2030	5831	PC	41.126599349221
2030	5880	PC	35.6192945165537
2030	5920	PC	1.98292760442183
2030	6010	PC	16.6761658406205
2030	6020	PC	164.313849169201
2030	6030	PC	16.265538128546
3001	1621	PC	98.9490809160287
3001	1971	PC	3.45102493442588
4001	104	PC	3402.21644487711
4001	106	PC	1632.46224730426
4001	211	PC	4.76007046762223
4001	217	PC	305.398729749957
4001	219	PC	784.53663967867
4001	220	PC	15.246863888885
4001	226	PC	35.8038549367161
4001	231	PC	42.31105120658
4001	301	PC	175.45083785393
4001	302	PC	1157.86351333977
4001	304	PC	13.3169611288304
4001	306	PC	123.344164339027
4001	307	PC	68.2770548540644
4001	309	PC	285.432034288917
4001	310	PC	6.84900862262342
4001	502	PC	2.94233914769574
4001	602	PC	3.29055018719338
4001	822	PC	57.2087978439349
4001	1004	PC	27.2431007828672
4001	1071	PC	12.0755980998196
4001	1101	PC	14.1786942374795
4001	1124	PC	1.49753904806018
4001	1149	PC	25.3079430839702
4001	1172	PC	1.93118952725454
4001	1271	PC	36.4280646941621
4001	1273	PC	64.4982706962731
4001	1275	PC	14.6470696079636
4001	1277	PC	.67817938732763
4001	1401	PC	3.94753951482636
4001	1439	PC	153.411659298068
4001	1504	PC	627.52506912875
4001	1515	PC	24.8549895896226
4001	1525	PC	7.57107587014968
4001	1531	PC	78.5966011840858
4001	1534	PC	2.98194701368123
4001	1554	PC	1.98066744587182
4001	1621	PC	72.6711982723504
4001	1671	PC	6.34729572278158
4001	1860	PC	23.6111513647978
4001	1931	PC	154.852806306019
4001	1972	PC	.706652943324629
4001	1973	PC	15.3118290779867
4001	2028	PC	94.6746304552718
4002	104	PC	86.8842516041244
4002	302	PC	47.322969040311
4002	309	PC	39.9978903089889
4002	1122	PC	1.3165983258665
4002	1504	PC	15.6026325087154
4002	1653	PC	4.66979128451124
4002	1870	PC	20.0522769156758
4003	104	PC	145.399172801492
4003	226	PC	7.16077098734323
4003	1271	PC	2.60035646738641
4003	1531	PC	6.47980223250774
4003	1630	PC	258.545891466467
4004	104	PC	67.0563214382408
4004	106	PC	10.1757461513417
4004	220	PC	565.189255135275
4004	226	PC	.916467358457865
4004	302	PC	14.4081218191462
4004	304	PC	263.649826521376
4004	309	PC	4.12060682319049
4004	602	PC	.594677744673502
4004	1002	PC	6.18014987395795
4004	1149	PC	2.50829924375068
4004	1271	PC	1.91515451243853
4004	1439	PC	.965972500752193
4004	1504	PC	13.5960078659974
4005	104	PC	6.66745550369974
4005	211	PC	8.43166065766531
4005	217	PC	282.753459044697
4005	1071	PC	18.2444126523982
4005	1439	PC	7.07918434532825
4005	1504	PC	2.52304275525796
4005	1671	PC	1.22298568839722
5101	104	PC	15.9010983858085
5101	106	PC	.892396785494646
5101	136	PC	1.56770064973296
5101	211	PC	2.85522998185872
5101	219	PC	.61286157274967
5101	301	PC	11.041626050491
5101	302	PC	5.874865164908
5101	305	PC	15.2902517264408
5101	306	PC	73.0217535844565
5101	307	PC	8.01117977032909
5101	309	PC	12.7468771751366
5101	310	PC	7.42909404918908
5101	625	PC	2.00780836124574
5101	1271	PC	7.35664119419158
5101	1273	PC	.674166491544626
5101	1439	PC	1.11032458377146
5101	1677	PC	2.28596408256247
5102	217	PC	39.9662607460784
5102	306	PC	.810119302617549
5102	1101	PC	.910648860983479
5106	106	PC	1.40118409306173
5106	217	PC	1.73591641286003
5106	307	PC	1.25718513998797
5106	309	PC	2.1753203496212
5106	1271	PC	510.130347398837
5106	1439	PC	.6476069477919
5201	106	PC	9.21167496339213
5201	211	PC	3.58528345161563
5201	220	PC	884.137568962117
5201	305	PC	2.28433640392405
5201	309	PC	20.2899880150645
5201	1071	PC	9.62661601147363
5201	1149	PC	8.64168810882675
5201	1271	PC	12.5182283950801
5201	1504	PC	10.8087511926957
5204	302	PC	32.7488227714926
5302	309	PC	2.18032108605711
5403	104	PC	128.387143636946
5403	219	PC	1.03660579549243
5403	231	PC	64.4875573555181
5403	301	PC	530.363104183391
5403	302	PC	1.99729413250277
5403	305	PC	10.3625260424943
5403	306	PC	170.565118356045
5403	309	PC	2.2873368457856
5403	822	PC	11.6091231143638
5403	1101	PC	2.11037693785879
5403	1106	PC	16.815848154825
5403	1173	PC	.596693215101612
5403	1175	PC	5.26339859672402
5403	1216	PC	8.31025124799877
5403	1271	PC	41.5334713540886
5403	1504	PC	201.657269705651
5403	1520	PC	.735025664009481
5403	1554	PC	9.01803890128005
5403	1671	PC	.773538447911243
5403	1972	PC	.570601945615577
5404	220	PC	79.5717528195534
5404	231	PC	25.2596652224298
5404	301	PC	5.62382819582528
5404	309	PC	.610089845181117
5404	1106	PC	.778392736530179
5404	1149	PC	3.86994740464391
5404	1271	PC	32.0590244104168
5404	1504	PC	2.04165300306475
5404	2028	PC	19.5312859053749
5501	104	PC	17.552283445156
5501	211	PC	5.16012758456829
5501	220	PC	12.0680234326586
5501	231	PC	2.35634222960957
5501	301	PC	111.895478342653
5501	306	PC	27.2620147540113
5501	307	PC	28.6902250801074
5501	309	PC	.978144046864151
5501	310	PC	27.8641034208949
5501	1271	PC	22.3287553605785
5501	1504	PC	67.3755499114323
5605	217	PC	.956361357084924
5605	220	PC	817.143531283139
5605	301	PC	32.6188036241589
5605	302	PC	93.1457171498488
5605	305	PC	6.69298564582301
5605	306	PC	157.903253700319
5605	309	PC	9.56140806546144
5605	310	PC	1.29419058961371
5605	1004	PC	13.5657466284553
5605	1071	PC	8.77501524412698
5605	1102	PC	1.67003550210575
5605	1246	PC	18.8974350550305
5605	1271	PC	.579863440644038
5605	1273	PC	2.77190776210982
5605	1274	PC	19.8738663653259
5605	1277	PC	1.74259999376937
5605	1504	PC	25.2184178290321
5700	104	PC	14.2459671189829
5700	105	PC	2.56859643778032
5700	211	PC	.997096672185372
5700	220	PC	4.80067747593901
5700	301	PC	1.9622889774514
5700	305	PC	5.8578626610259
5700	309	PC	12.3488185548381
5700	1149	PC	9.19709722708583
5710	211	PC	15.6205042819753
5710	220	PC	1.74851186688574
5710	1504	PC	21.0170162080195
5770	305	PC	1.93928558984621
5790	305	PC	7.8311532586363
5800	302	PC	157.304165475297
5800	305	PC	72.2696428244956
5800	306	PC	188.979830207643
5800	1271	PC	3.5062676903995
5800	1439	PC	3.352725435057
5800	1504	PC	138.277955304629
5800	1931	PC	334.119365418663
5810	217	PC	1.18239214000941
5810	2002	PC	38.365089289134
5810	2022	PC	66.3558194559627
5820	104	PC	40.5848584674299
5820	106	PC	52.7160182562561
5820	302	PC	19.7669109838682
5820	306	PC	20.9950918525279
5820	307	PC	23.3314359153854
5820	1101	PC	.570265483909481
5820	1271	PC	3.35678732248262
5830	1931	PC	73.6922755399962
5830	2018	PC	3.78583630780218
5831	2018	PC	23.2681432813946
5840	104	PC	2.08127479320153
5840	217	PC	16.651938923361
5840	219	PC	24.2757907463417
5840	305	PC	1407.42826561576
5840	309	PC	20.2019750537924
5840	1175	PC	1.0421972709714
5840	1271	PC	87.9496336521469
5840	1439	PC	34.9134298327139
5840	1504	PC	195.677428189322
5840	1621	PC	.73213218787128
5842	219	PC	1.21358727277162
5842	1504	PC	29.4678583442345
5850	104	PC	420.829178001419
5850	219	PC	.831307281848562
5850	305	PC	1.323194860942
5850	307	PC	73.940888941377
5850	1224	PC	7.12689437199217
5850	1504	PC	16.9206996680469
5850	1653	PC	1.62479851394077
5850	1856	PC	3.2626739152398
5850	1860	PC	1.47117798355856
5850	1901	PC	7.51595272882498
5850	1931	PC	68.3751758825534
5850	1973	PC	9.17938112154881
5860	1554	PC	.612206301451291
5880	211	PC	13.7217560365714
5880	305	PC	.639094116509399
5880	306	PC	1.06315656627463
5880	628	PC	2.71613161787239
5880	1172	PC	.747882374333439
5930	302	PC	30.0844303984393
5930	1441	PC	1.24285438460925
5930	1931	PC	2760.6571633011
5930	1971	PC	16.4479564394526
6020	104	PC	91.5471843065175
6020	106	PC	37.5008549632976
6020	138	PC	.885726311712584
6020	211	PC	165.88155125756
6020	220	PC	13.63001406788
6020	231	PC	17.3971041491122
6020	301	PC	20.0029457436432
6020	302	PC	1353.02125334034
6020	303	PC	32.712817469154
6020	305	PC	241.384547614127
6020	306	PC	551.439207966181
6020	307	PC	67.9520069857302
6020	309	PC	91.230435094895
6020	1124	PC	1.24551655719105
6020	1246	PC	8.61837870481029
6020	1271	PC	173.421304158289
6020	1273	PC	15.3533392657723
6020	1504	PC	630.962852494204
6020	1534	PC	.684381281828479
6020	1617	PC	45.6742247455492
6020	1676	PC	24.7960348322537
6030	104	PC	214.196867354542
6030	231	PC	2.91131086283807
6030	301	PC	673.61119968463
6030	302	PC	208.488703191418
6030	307	PC	14.9221975247578
6030	309	PC	.94513918638714
6030	709	PC	4.41640362906038
6030	1004	PC	7.39869006143126
6030	1071	PC	206.608424273888
6030	1149	PC	324.016522309394
6030	1246	PC	44.258155736014
6030	1504	PC	116.877628753388
6030	1531	PC	170.149806924746
6030	1534	PC	14.7590082384796
6030	1931	PC	747.076523434718
6040	1071	PC	1.94709193196891
6040	1515	PC	274.399085069433
6050	307	PC	.960141395694872
6050	309	PC	1.6202386052351
