50	219	PC	1.7946190840424
50	226	PC	14.2116622530318
50	301	PC	11.6567214664891
50	2004	PC	1.84615159735421
51	301	PC	13.513154523506
52	216	PC	.643394534189875
52	219	PC	2.9009489664403
52	220	PC	1.56175002037748
52	235	PC	4.22156301640563
52	301	PC	76.2595430184414
52	420	PC	1.76845597244833
52	427	PC	1.29892533438452
52	536	PC	.664110062717234
52	543	PC	.944247680039065
52	612	PC	2.42913085054062
52	623	PC	.992972417818149
52	626	PC	.824805165315016
52	628	PC	1.75200160564972
52	706	PC	28.1838035518122
52	709	PC	1.05163446088851
52	1101	PC	1.23717899721093
52	1121	PC	.623216980427253
52	1175	PC	.685375656279686
52	1274	PC	.840453058844898
52	1275	PC	.630339794133673
52	1416	PC	1.01282297271098
52	1529	PC	3.08351663419286
52	1721	PC	7.02882313134202
56	301	PC	4.67674293855273
56	806	PC	.704853615234961
57	301	PC	1.41592351806373
57	2012	PC	.733292123045845
58	106	PC	.794110790780185
58	301	PC	28.0153578451854
58	513	PC	2.5222336438576
58	706	PC	5.15300885835372
58	1529	PC	4.62527495128929
58	1832	PC	3.65967093497955
59	1529	PC	1.02783887806429
60	101	PC	.834011204809954
60	301	PC	4.04849242942667
62	211	PC	2.82937096944931
101	58	PC	1.34303070164061
101	60	PC	.929790485751188
101	105	PC	1165.54243927652
101	128	PC	1396.33686564774
101	4003	PC	3.39661460428573
101	4004	PC	4.01418089597404
104	211	PC	3.62119052182105
104	219	WC	.607611239697314
104	704	PC	1.0294286451965
104	1274	WC	1.02382064262199
105	52	PC	1.48998865509899
105	101	PC	.760054730672264
105	105	PC	287.906611644775
105	128	PC	1397.18518027293
105	211	PC	878.049538035063
105	402	PC	.659644524453087
105	412	PC	.688704775591098
105	605	PC	2.09786310445142
105	709	PC	1.07551177796296
106	52	PC	1.86248581887374
106	101	PC	30.858190707026
106	104	PC	56.0902792950916
106	105	PC	321.062626293374
106	106	PC	115.432985691228
106	106	WC	1.66320899745253
106	123	WC	.665141394707907
106	127	PC	.880021335349047
106	128	PC	15.8067957869203
106	128	WC	.663344691274386
106	136	PC	27.4760886255303
106	211	PC	34.7485559284384
106	213	PC	2.19428534609103
106	213	WC	2.39360547801087
106	214	PC	74.3429976354194
106	219	PC	1.15484500679124
106	219	WC	.971503841968507
106	220	WC	5.29098978811546
106	230	PC	93.2644228267507
106	231	PC	38.6284447789704
106	235	WC	.667555651546566
106	237	PC	.613561252036253
106	239	WC	1.23118635260593
106	301	WC	1.23565203557861
106	304	WC	2.15056035128363
106	305	PC	41.3167863087994
106	306	PC	164.145944373978
106	309	PC	25.0504350617125
106	312	PC	19.495784804754
106	427	PC	20.6769647430656
106	437	PC	4.30023473848158
106	534	PC	2.31587999901095
106	534	WC	1.40198812403837
106	602	WC	.643644537842707
106	605	PC	26.4228812742423
106	605	WC	6.90115706103428
106	612	PC	.988845212309398
106	617	WC	1.70289145457506
106	626	PC	54.0840629731264
106	701	PC	40.8600960705824
106	706	PC	.75487922258822
106	720	WC	2.03855173600823
106	805	PC	8.58720628170554
106	806	PC	1.02380906427789
106	814	WC	.55234906783494
106	822	PC	1.45223408673386
106	901	PC	2.14897878033434
106	901	WC	1.20221339913966
106	906	PC	57.3957429521326
106	906	WC	1.06057497898232
106	1004	WC	1.68477127978205
106	1072	PC	49.3798387881046
106	1074	PC	25.5837934407436
106	1106	PC	54.9465354837317
106	1149	PC	27.1580245705095
106	1149	WC	.723390560762329
106	1172	WC	1.53825887894034
106	1173	PC	62.5204088791473
106	1173	WC	.810537324527555
106	1216	PC	3.77812321202624
106	1221	PC	21.3536080813549
106	1221	WC	1.70219358018772
106	1224	PC	1.71478015556775
106	1235	PC	23.5078572713555
106	1243	PC	27.1108600673253
106	1271	PC	23.7625310403044
106	1276	WC	1.95923892924673
106	1424	PC	.628183391646951
106	1432	WC	5.49687413110026
106	1502	PC	60.0519889500559
106	1503	PC	40.4786768926863
106	1504	PC	50.5864022307882
106	1504	WC	4.05539147383371
106	1516	WC	1.66327389187921
106	1624	WC	1.59101812949013
106	1634	PC	3.76513267738625
106	1635	PC	1.66610268046225
106	1653	PC	.715825235872634
106	1671	PC	178.839831857462
106	1671	WC	3.29565759509052
106	1677	PC	103.623718394459
106	1702	PC	52.6077265031973
106	1719	PC	6.13136279101768
106	1719	WC	.745106429728936
106	1805	PC	32.6919756177407
106	1820	WC	2.70850295188742
106	1825	PC	2.47441719391802
106	1833	WC	1.17718523382401
106	1860	PC	.601193698379882
106	1870	WC	.780970119740984
106	1901	PC	2.24894380960272
106	1942	PC	3.08046522414004
106	1972	PC	66.3363785466821
106	1973	PC	67.7502938719528
106	2004	WC	2.36505142981327
106	2012	PC	2.47590760553616
111	105	PC	27.9736012300672
118	105	PC	64.2240323832938
119	60	PC	.851368605363355
119	105	PC	1181.88539545445
119	128	PC	3769.75258708979
119	211	PC	6.65482813379537
121	231	PC	3.65376457014622
122	128	PC	1356.34903609775
122	211	PC	491.719739017301
122	231	PC	165.305623285529
122	605	PC	.819554635852953
123	128	PC	607.697866282306
123	211	PC	4.14586347722734
123	231	PC	294.935754631381
123	301	PC	111.930673860888
124	105	PC	10.2269743878018
124	211	PC	80.0264463716501
125	58	PC	.77155279861054
125	101	PC	.696806625814158
125	105	PC	175.368660268054
125	128	PC	2448.92756088221
125	211	PC	665.941368239741
125	605	PC	2.51759817350784
125	4001	PC	1.06421075670419
127	105	PC	1064.6331514592
127	128	PC	332.70957022273
127	4005	PC	.851368605363355
128	105	PC	3183.07589148283
128	128	PC	5216.3256033793
128	412	PC	1.61369390238233
128	605	PC	3.54937754115812
128	5302	PC	1.11749149132424
135	105	PC	89.4940126435731
135	128	PC	1463.90635784744
135	4001	PC	.639552596654167
136	101	PC	1.06977832707538
136	105	PC	150.539205891228
136	128	PC	598.1909656803
136	211	PC	6.30804743396271
136	221	PC	.886122255299875
136	237	PC	1.47694856070623
136	605	PC	3.57990334381356
136	4001	PC	.639552596654167
137	58	PC	.622283739870954
137	101	PC	1.2646241169455
137	105	PC	56.6292465707945
137	128	PC	974.824467777443
137	211	PC	542.238452709617
137	412	PC	.678167512267237
137	540	PC	.798892844640041
137	605	PC	4.82508711557481
138	101	PC	.566155383474003
138	211	PC	19.7127864792259
138	237	PC	1.11653933680945
138	301	PC	45.2442063937756
138	605	PC	1.61700892197504
211	52	PC	1.06605804322629
211	211	PC	32.111875228621
211	301	PC	19.235083732923
213	101	PC	.616302095607143
213	211	PC	31.656386195218
213	301	PC	23.2692205426088
214	101	PC	.798943446568093
214	211	PC	227.312300088589
214	301	PC	44.443623351132
214	714	PC	1.10414197601048
215	58	PC	1.59908706483944
216	301	PC	9.28748342361193
219	50	PC	4.79071378008963
219	52	PC	5.16332485187438
219	58	PC	1.33075382780268
219	106	WC	.7893809036014
219	213	WC	1.48024699684136
219	235	WC	1.17048413613054
219	237	WC	.733003232612943
219	301	PC	73.7375109538717
219	501	WC	.612966732118333
219	605	WC	1.99101379289798
219	714	PC	1.08080525691484
219	720	WC	3.11164415424683
219	806	WC	1.85891782405921
219	814	WC	.877045221778688
219	1173	WC	1.23380353982035
219	1221	WC	2.1010891989276
219	1273	WC	.576009751218875
219	1432	WC	1.98616389343005
219	1443	WC	1.10617764236587
219	1503	WC	2.13402744727493
219	1504	WC	3.49410442716901
219	1638	WC	2.10458668439745
219	1671	WC	1.60638811778226
219	1820	WC	2.47642123697886
219	1833	WC	1.27404507301802
219	1870	WC	4.99785689415626
219	1971	WC	.915934657796151
219	2004	WC	5.04948285376166
219	4001	PC	2.12920612448428
220	231	PC	1.66103156193458
220	301	PC	45.3966604422392
220	1102	PC	.58174835741108
220	1271	PC	.597873535983128
220	1277	PC	.575131687573724
220	1566	PC	.677912647582296
221	128	PC	303.412158969018
221	231	PC	116.229450800517
221	301	PC	152.131656617426
226	128	PC	293.095314815664
226	231	PC	450.376995727231
227	231	PC	88.5724464405443
227	235	PC	.978248937217249
228	231	PC	26.4962288486634
229	101	PC	.995372195618225
229	231	PC	174.86819711625
229	237	PC	2.76940255610226
229	605	PC	.638429020585354
230	128	PC	274.857456405504
230	231	PC	309.573959409864
231	52	PC	.88555870001508
231	231	PC	347.942893495971
233	50	PC	1.06693819278925
233	128	PC	117.620431896596
233	231	PC	211.79466720638
233	237	PC	.726167251214474
233	605	PC	.987166260153654
234	56	PC	.640162915673551
234	128	PC	272.112045153512
234	231	PC	934.069131796126
235	128	PC	321.55400543194
235	231	PC	559.016020513349
235	605	PC	2.15439920794385
236	101	PC	2.16320059085392
236	128	PC	1125.30389913904
236	221	PC	1.3050719807667
236	231	PC	2142.47971045498
236	235	PC	1.23978991204497
236	605	PC	.782352325804017
237	231	PC	948.010961522093
238	231	PC	304.056546158666
238	417	PC	29.0292871359511
238	427	PC	179.890100415512
239	101	PC	3.67160072516577
239	105	PC	1.8438963263499
239	231	PC	76.3284930798011
239	235	PC	3.29569596064503
239	237	PC	5.30078099153621
239	301	PC	43.0322418935061
239	417	PC	29.1689874960488
239	605	PC	4.13607503111288
301	52	PC	9.71335563192663
301	56	PC	1.12077180368384
301	58	PC	3.62916584050006
301	60	PC	3.15950908467064
301	231	PC	22.1395258296591
301	301	PC	15.7086862710008
301	417	PC	25.0396594545282
301	4001	PC	2.24154360736768
301	4004	PC	1.06740171779413
301	4005	PC	.640441030676481
301	5101	PC	1.92132309202944
301	5605	PC	1.6011025766912
301	5770	PC	135.121316053842
302	605	PC	.839718627075064
306	620	PC	1.56087369046015
306	4001	PC	1.6011025766912
306	5605	PC	1.38762223313238
307	412	PC	1.20153264853845
307	605	PC	1.02661524940212
308	427	PC	.750802856948976
309	1677	PC	4.02652757909989
402	231	PC	160.093240455141
402	301	PC	193.744483254763
402	417	PC	10.129316524458
403	60	PC	29.9852881349211
403	231	PC	2756.11631105704
403	412	PC	29.3685720471468
403	417	PC	52.3130336742611
403	427	PC	362.061388655179
403	532	WC	1.72031490756992
403	3001	PC	7.49632203373028
403	5101	PC	3.03042805618884
403	5403	PC	10.5799154944137
403	5820	PC	6.69884096631216
403	5831	PC	24.7718885701864
403	5835	PC	28.3903260000849
412	417	PC	8943.72759689598
412	427	PC	8237.84193686947
415	417	PC	1645.48881590759
415	427	PC	1693.76759312048
417	58	PC	1.06330808989082
417	417	PC	3077.71812022479
417	427	PC	1859.37306198001
417	5605	PC	1.02197387024337
418	231	PC	11.2986597927569
418	417	PC	84.3323718037018
419	231	PC	35.9939419437143
419	417	PC	688.987063349614
419	427	PC	50.7573641619073
420	60	PC	1.06086592302877
420	231	PC	292.145041699023
420	417	PC	5.76463856130803
423	231	PC	636.546914091767
423	417	PC	37.1554595559006
423	427	PC	359.061953324056
425	417	PC	439.002268603143
425	427	PC	1766.50255444846
426	417	PC	766.342891848947
426	427	PC	1436.00446742527
427	52	PC	1.33654331981563
427	417	PC	825.753231454096
427	427	PC	1136.09201288464
428	417	PC	267.913179267326
428	427	PC	133.381711363642
429	417	PC	142.654665486747
429	427	PC	111.444338454465
430	417	PC	257.760121693879
430	1640	PC	88.4043198268371
432	417	PC	20.2524472955824
432	427	PC	208.071398858523
432	1640	PC	228.975642737113
434	1640	PC	126.871560523457
436	521	PC	2.84321616758734
436	1640	PC	411.114922408228
436	1648	PC	787.054050289542
437	1640	PC	889.434071419868
437	1648	PC	46.5879904880778
437	3001	PC	.636188159826186
438	417	PC	153.70413456315
438	1640	PC	496.926133069938
438	1648	PC	498.084610705882
439	517	PC	243.110889902526
439	1640	PC	231.470673052546
439	1648	PC	310.861287066947
441	521	PC	126.800097339792
441	1640	PC	354.552438523999
501	215	PC	.690129559470671
501	412	PC	142.351935157739
501	521	PC	300.441239621798
501	1653	PC	239.525803305789
502	427	PC	174.42308697941
502	521	PC	1117.34467745103
502	1653	PC	380.908583395227
511	517	PC	483.166407830801
511	1525	PC	118.265474394739
512	517	PC	778.365124644856
512	521	PC	16.154733833465
512	1449	PC	269.421477437109
513	517	PC	1428.94967484186
513	1449	PC	69.3556036907385
514	517	PC	358.525845482916
514	521	PC	236.85960459911
515	517	PC	479.668325874767
515	521	PC	219.182505697723
516	517	PC	496.63223938616
516	521	PC	219.037851798167
517	517	PC	350.905165900873
517	521	PC	104.935242326311
519	517	PC	893.852394900661
519	521	PC	269.341259490109
520	517	PC	922.258548493087
520	521	PC	783.810536230355
521	517	PC	808.852519475945
521	521	PC	518.051389027014
522	412	PC	261.26552285112
522	427	PC	135.526163119992
522	517	PC	1289.81543684154
522	521	PC	971.480531293681
528	412	PC	169.960479769834
528	427	PC	262.37717803503
528	517	PC	1435.3319752928
528	521	PC	1028.27661941053
528	4001	PC	.850300777233694
529	301	PC	78.7589320340509
529	427	PC	148.910486917833
529	517	PC	745.645458658202
529	521	PC	943.824707729084
532	231	PC	25.9112105029446
532	301	PC	118.609068388082
532	521	PC	112.629832365015
533	101	PC	1.24747492329638
533	105	PC	.607823050827308
533	231	PC	230.167519053477
533	427	PC	152.997999047199
533	521	PC	75.7511169861453
533	534	PC	1.82810465413526
533	605	PC	1.04722490388111
533	5403	PC	1.02197387024337
534	52	PC	1.64849016692142
534	55	PC	2.02072988203271
534	231	PC	863.376666480126
534	412	PC	101.192103464578
534	427	PC	2.98893602904021
534	521	PC	1292.58096195638
534	522	PC	1.96904284731718
534	536	PC	.693473211046134
534	540	PC	.690764708944373
534	605	PC	3.49872503036553
536	427	PC	4.43621695346423
536	502	PC	1.53194296204857
536	521	PC	247.209992184725
536	536	PC	.896888012353613
536	538	PC	1.02100237835278
536	540	PC	4.38025932411054
536	605	PC	2.64516548491923
536	617	PC	40.872391467348
538	52	PC	1.27545116585054
538	427	PC	.983170821544977
538	521	PC	15.1878308099558
538	522	PC	.68039694297118
538	617	PC	551.823099483202
538	3001	PC	5.50038315273046
540	301	PC	34.9874123218312
540	412	PC	3.21468646895517
540	540	PC	2.66309263445575
540	605	PC	2.02641352244062
540	617	PC	219.481172714026
541	427	PC	3.02540140847969
541	540	PC	2.2470404518337
541	617	PC	181.909951850982
542	231	PC	30.0400902991478
542	427	PC	6.70150282766689
542	540	PC	3.95966904840289
542	605	PC	.596955891260237
542	617	PC	463.31842356605
543	427	PC	4.22955006959873
543	540	PC	2.99306505515599
543	617	PC	269.197148466721
544	231	PC	.817730909726059
544	427	PC	1.38981034895677
544	540	PC	1.03295714306162
544	617	PC	379.070920560534
545	301	PC	101.620442943182
545	617	PC	196.397148263906
602	60	PC	1.06587524334518
602	128	PC	39.9254031013503
602	301	PC	44.1943588802054
602	521	PC	111.933289714358
602	704	PC	5.18453509836605
602	4001	PC	.799406432508883
604	301	PC	34.4786880314039
604	605	PC	.702441550986629
604	617	PC	139.922605085815
604	631	PC	1.38646145191447
604	704	PC	192.870158995368
604	817	PC	492.326045173249
605	128	PC	156.470823092112
605	301	PC	228.494364921613
605	412	PC	1.54840769119345
605	605	PC	3.11833359348634
605	617	PC	90.258848703718
612	60	PC	.851158633987964
612	301	PC	32.3207625798545
612	412	PC	.803134957120262
612	540	PC	1.49188570321782
612	617	PC	36.609985487175
615	617	PC	29.8535488156794
616	427	PC	203.991389519086
616	540	PC	1.25634779688583
616	605	PC	1.9959564140896
616	617	PC	248.562715951575
617	605	PC	1.45377672517944
617	617	PC	242.560317421941
617	3001	PC	2.30974554273519
618	605	PC	2.63186886277744
618	617	PC	275.408975286929
619	540	PC	2.15243283396597
619	605	PC	5.24168295854837
619	617	PC	559.565562858406
620	301	PC	206.91091826265
620	605	PC	6.01176190652584
620	617	PC	51.9531727674542
621	301	PC	229.847389665263
621	412	PC	.797846458572101
621	605	PC	1.09349024324444
621	617	PC	51.957290187048
621	624	PC	1.66699599362284
621	631	PC	.607978244655831
621	704	PC	62.7444476424118
621	817	PC	218.61777148148
622	301	PC	16.4972957785776
622	605	PC	1.21114209303504
622	617	PC	26.5278710430375
623	58	PC	1.8119879136868
623	301	PC	391.244773155456
623	605	PC	2.34644781362869
623	624	PC	1.2864277764292
624	301	PC	233.266670199159
624	617	PC	227.585850538554
624	817	PC	121.829628040405
625	301	PC	2.37400720690651
625	617	PC	26.7856220878256
626	58	PC	.746112670341625
626	128	PC	100.764698418373
626	301	PC	229.884301725942
626	617	PC	6.23013845411268
626	4001	PC	2.13175048669036
627	211	PC	6.51089280179976
627	301	PC	34.9250282817635
627	617	PC	182.708661990453
628	52	PC	1.06587524334518
628	301	PC	39.5034277645778
628	605	PC	1.37562474510719
628	617	PC	10.584363497037
628	631	PC	1.66510895657145
628	704	PC	26.4027942839689
631	301	PC	7.35461426729033
631	412	PC	.991158371195831
631	605	PC	1.41402947633506
631	617	PC	7.52532595919639
631	631	PC	2.39092122458068
632	412	PC	.85344715326003
632	617	PC	77.3718342261849
632	631	PC	1.05562071185124
632	704	PC	64.6163146523285
633	301	PC	2.51263257676341
633	605	PC	.832320066924261
633	617	PC	96.9479009703874
633	704	PC	139.573317731535
701	105	PC	.590888884576554
701	128	PC	175.287976295329
701	301	PC	131.276877434007
701	617	PC	21.1083081438772
701	704	PC	6.65523356996187
701	714	PC	.951587397858078
701	4001	PC	.852624209705696
702	52	PC	1.59645769959742
702	128	PC	179.718838002326
702	301	PC	724.64775828638
702	605	PC	1.73716706701384
702	704	PC	41.6894117975268
702	4005	PC	1.02197387024337
704	128	PC	1055.35899281529
704	301	PC	1080.61541046088
704	605	PC	1.32643966431391
704	704	PC	47.0748078158587
706	301	PC	410.047871260158
706	402	PC	2.28775154473527
706	412	PC	.707091967106759
706	425	PC	4.12387919895515
706	430	PC	3.56540853005274
706	436	PC	1.23075116615668
706	438	PC	5.05765519585395
706	502	PC	5.95251461152333
706	704	PC	92.3821676538814
706	817	PC	107.688519007634
706	937	PC	6.9846793805424
706	941	PC	2.00444657529012
706	1002	PC	.761375793143017
706	1021	PC	.71285648689233
706	1037	PC	.723832822294081
706	1620	PC	2.6658342008814
706	1648	PC	.675627404760235
706	1717	PC	2.64119074910569
706	1721	PC	.696144752314032
706	2004	PC	3.75322280015167
706	2012	PC	1.28568604715863
706	5102	PC	1.06297676265502
709	211	PC	290.991641950404
709	704	PC	185.836656351954
709	817	PC	800.48008121322
711	704	PC	5.96363856724991
713	128	PC	365.43992756583
713	704	PC	224.319721756045
714	617	PC	139.461323784221
714	704	PC	17.4265548935804
716	101	PC	3.11706706025235
716	105	PC	2.76057995331916
716	128	PC	433.804438932352
716	605	PC	3.09794627015454
716	617	PC	3134.02814163425
716	704	PC	471.828391237092
716	709	PC	1.16150325479228
716	714	PC	4.71610897180212
716	4004	PC	1.06578026213212
719	128	PC	831.276038122619
719	605	PC	2.90483736023658
719	704	PC	1013.9185494252
719	714	PC	1.35175816260894
720	106	PC	1.84450545035478
720	128	PC	1300.5739996008
720	427	PC	1.06119719116864
720	605	PC	.867526247879722
720	704	PC	2239.99964477556
720	1275	PC	.740577217343396
722	311	PC	17.7272427889531
722	417	PC	9.4962250383097
722	423	PC	2.09865492134131
722	427	PC	2.86098088023303
722	501	PC	5.40515879774712
722	502	PC	6.72728312947268
722	516	PC	4.36973708508729
722	522	PC	1.78014295844791
722	534	PC	8.93568028856991
722	605	PC	4.17907344701277
722	621	PC	2.63356750592452
722	704	PC	10.6156801267411
722	815	PC	17.9801469439975
722	901	PC	11.908504505303
722	904	PC	13.5532019848579
722	906	PC	2.08141856410926
722	926	PC	.719896125328969
722	1014	PC	1.95262326725498
722	1032	PC	5.66280176111618
722	1071	PC	9.53775645272691
722	1072	PC	4.23900286787863
722	1101	PC	1.43074890063669
722	1149	PC	6.22954186512572
722	1172	PC	4.99799992455516
722	1263	PC	3.60773216750349
722	1271	PC	12.0874385297234
722	1273	PC	5.49429024078335
722	1275	PC	.732572032104446
722	1443	PC	16.4463038645277
722	1504	PC	6.18248671921493
722	1519	PC	2.35312765634114
722	1548	PC	1.44316405176642
722	1566	PC	2.17753841323392
722	1624	PC	7.0837708774743
722	1627	PC	3.70690694902283
722	1630	PC	5.14846924512793
722	1638	PC	2.53063013494038
722	1671	PC	10.9633594205976
722	1702	PC	16.4332232046283
722	1714	PC	23.7413159936389
722	1719	PC	25.6157985345865
722	1721	PC	3.82695889650858
722	1751	PC	5.36252244722556
723	704	PC	17.9561201333732
728	704	PC	639.906424090219
728	817	PC	39.4018940816992
805	237	PC	1.3267911719796
805	704	PC	119.99209852282
805	834	PC	1.3220085815652
806	52	PC	1.54028449939952
806	704	PC	312.83110271381
806	817	PC	29.4410863833423
806	834	PC	6.13954344341252
806	4003	PC	1.37715175988635
807	211	PC	7.12302560781638
807	704	PC	131.766781531349
811	704	PC	334.957630358834
811	834	PC	110.167478647545
814	704	PC	48.2154995432299
815	704	PC	15.1439564534289
815	834	PC	13.0886191584674
817	704	PC	65.6710076093889
817	817	PC	165.886496480727
817	4002	PC	.635154533469051
819	704	PC	117.634987961948
819	834	PC	115.773182435164
821	704	PC	819.470326544544
821	817	PC	147.806669542859
821	834	PC	28.2684313532915
822	704	PC	161.098557422632
822	834	PC	22.2420078186189
826	704	PC	8.00346780713213
826	834	PC	115.562830430917
827	834	PC	122.990783303404
828	704	PC	.88916322860724
828	834	PC	168.635918551624
829	704	PC	1.58201375801942
829	834	PC	107.733007690403
830	834	PC	26.3901066370938
831	834	PC	52.5068504679242
831	4001	PC	.818635279411209
833	834	PC	192.206856339981
834	834	PC	52.2827413495857
834	926	PC	101.819443265606
901	834	PC	17.0502332543457
901	926	PC	2.21859747128243
904	704	PC	480.429832585096
904	817	PC	110.370558882797
904	926	PC	166.735847191012
904	4001	PC	.958182081006208
906	231	PC	2.235698816485
906	817	PC	290.028412816695
906	926	PC	198.082013381425
906	4001	PC	2.02282883767977
911	926	PC	33.230369383197
912	704	PC	168.298415339836
912	926	PC	11.6917558134767
914	704	PC	326.927350103878
914	926	PC	66.4283770165151
919	817	PC	8.62150550521481
919	926	PC	35.7165746417461
926	926	PC	78.6606328008058
928	926	PC	76.5107722195578
929	817	PC	43.4278101660545
929	926	PC	127.648611005994
935	926	PC	42.1687243646684
937	704	PC	14.0846601033551
937	926	PC	103.257107899551
938	704	PC	29.6836785985014
938	834	PC	46.3448746479206
938	926	PC	30.6925506923511
940	834	PC	68.0783699163539
940	926	PC	23.9180126206993
941	834	PC	3.29251590448727
941	926	PC	19.6158551689099
1002	926	PC	216.590393164878
1003	926	PC	708.485558042686
1003	1119	PC	202.608052619414
1004	235	PC	1.71713425333684
1004	926	PC	209.353223812138
1004	1154	PC	31.4787901341497
1014	926	PC	259.822148688057
1014	1101	PC	128.492895973628
1014	4001	PC	1.33270507116193
1014	4004	PC	2.13232811385909
1017	926	PC	255.215851848678
1018	926	PC	118.509104048944
1021	54	PC	.723929933215673
1021	926	PC	298.131497183648
1026	926	PC	130.063198840446
1027	926	PC	121.257874978278
1029	926	PC	134.1723365686
1032	926	PC	162.659545834219
1032	1119	PC	164.136852715364
1034	926	PC	365.495495899565
1034	1119	PC	91.7953340647867
1034	3001	PC	1.53296080536506
1034	4001	PC	1.22636864429205
1037	926	PC	339.950293348518
1037	1119	PC	100.54527330057
1046	926	PC	15.0526844196125
1046	1101	PC	76.8582294534034
1046	1119	PC	101.119880190718
1071	704	PC	93.9399005231063
1071	834	PC	8.75813733114512
1071	926	PC	8.35371229695779
1075	1832	PC	1.0222946240562
1101	60	PC	.850669854432701
1101	926	PC	991.68399901102
1101	1101	PC	335.881775084815
1101	1102	PC	416.222471458494
1101	1119	PC	349.825695575898
1101	4004	PC	1.53296080536506
1102	105	PC	.700694986099806
1102	128	PC	.947998968389717
1102	138	PC	5.74582883633056
1102	219	PC	1.12625959181223
1102	231	PC	.980720112558008
1102	236	PC	.670039293835612
1102	237	PC	.591066652800908
1102	302	PC	.591916874190039
1102	305	PC	1.01016910037854
1102	306	PC	.872785519898664
1102	403	PC	48.5779624841738
1102	417	PC	.665024015316741
1102	427	PC	3.7317684136224
1102	534	PC	4.47262310983467
1102	616	PC	.70621565313727
1102	706	PC	1.01495211749992
1102	716	PC	12.9012025046589
1102	728	PC	.671488774434811
1102	822	PC	15.993435835802
1102	833	PC	2.17233919899692
1102	904	PC	.788410370480269
1102	906	PC	1.45106505913346
1102	926	PC	1867.64119705568
1102	929	PC	.580135155122489
1102	940	PC	5.69403680168308
1102	1101	PC	1081.80490448481
1102	1102	PC	458.454237324568
1102	1106	PC	1.14570211449179
1102	1114	PC	.860601744432494
1102	1119	PC	2438.34677745165
1102	1124	PC	.887207866218401
1102	1130	PC	1.05626047988819
1102	1146	PC	.660296454149854
1102	1149	PC	1.01394555287968
1102	1173	PC	1.38572112406179
1102	1175	PC	.678848682211274
1102	1216	PC	1.0532938297765
1102	1219	PC	.678396283553269
1102	1272	PC	.586117228478634
1102	1612	PC	.637135613130377
1102	1671	PC	.578763764787793
1102	1719	PC	1.35360381190374
1102	1837	PC	.652050120283052
1102	4001	PC	3.03589747754815
1106	926	PC	31.7867761754418
1106	1102	PC	60.1258401295905
1106	1119	PC	25.8061736366024
1106	4001	PC	.851030213466543
1111	926	PC	16.3740433125129
1111	1119	PC	276.122654640827
1111	1154	PC	74.6509529821159
1112	1101	PC	268.808208549851
1112	1119	PC	811.436947878645
1114	926	PC	2292.31830857512
1114	1101	PC	792.644968968481
1114	1119	PC	845.426651379943
1119	926	PC	8626.242156066
1119	1101	PC	2613.26912362759
1119	1102	PC	402.605578987636
1119	1119	PC	4434.88337392477
1119	4001	PC	6.19155794584116
1120	52	PC	1.81476698412586
1120	926	PC	5779.48554319
1120	1119	PC	4733.7703562535
1120	1172	PC	66.7297252551364
1120	1275	PC	7.59504653964106
1120	1677	PC	1.67052946552878
1120	4001	PC	.960758991596043
1121	231	PC	1.06400688555718
1121	926	PC	4820.0062800292
1121	1102	PC	1528.85740332442
1121	1119	PC	1100.9949792415
1121	1149	PC	13.7677555390936
1121	4004	PC	1.06750999066227
1121	5820	PC	.747256993463589
1122	926	PC	1591.46840952538
1122	1102	PC	356.899068439836
1122	1119	PC	1528.71507115191
1124	52	PC	1.59784077765692
1124	926	PC	1537.20267593018
1124	1102	PC	557.490664329623
1124	1119	PC	1691.97718086802
1124	1171	PC	59.0633928052812
1127	926	PC	560.031438756867
1127	1102	PC	245.024408267277
1127	1119	PC	1021.0348414604
1127	4001	PC	.958704466594152
1129	1102	PC	103.130083864626
1129	1171	PC	136.434667723743
1130	926	PC	539.151066554621
1130	1102	PC	221.824271845727
1130	1119	PC	185.448547475618
1130	1171	PC	179.877919743106
1133	926	PC	1220.91228695056
1133	1102	PC	291.595119874395
1133	1119	PC	705.762456950181
1133	1154	PC	277.466994146728
1134	1102	PC	432.629608288778
1134	1119	PC	342.509176165178
1134	1154	PC	244.840739956299
1135	1119	PC	187.370894964592
1135	1154	PC	29.9602526202603
1135	1171	PC	68.3355946922443
1141	1102	PC	222.777404168171
1141	1119	PC	2397.90051621285
1141	1154	PC	445.249403821816
1141	1171	PC	265.617573526706
1142	1102	PC	272.058527117692
1142	1119	PC	886.722497214998
1142	1142	PC	1312.28348259038
1142	1171	PC	347.695973376319
1144	1102	PC	17.3147593561637
1144	1154	PC	7.18181212012117
1144	1171	PC	36.6831845093728
1145	1102	PC	76.6224355766402
1145	1119	PC	337.919894609196
1145	1154	PC	78.6284012607795
1146	1102	PC	456.127063052066
1146	1119	PC	1038.97462497247
1146	1154	PC	257.836743576346
1149	1119	PC	357.571145213779
1149	1154	PC	584.720956767596
1151	1154	PC	6.05157420475456
1154	1119	PC	4205.24954354326
1154	1154	PC	1171.32683009077
1154	1235	PC	360.234666438374
1171	926	PC	443.401007275321
1171	1102	PC	116.71268905581
1171	1119	PC	171.328451874975
1171	1154	PC	19.9431755167999
1173	51	PC	1.01196582584938
1173	5605	PC	1.06522718510461
1175	52	PC	.692397670317999
1175	1002	PC	5.60744410256224
1175	1072	PC	4.41333653716699
1175	1074	PC	17.6109781179111
1175	1102	PC	2.24911942076466
1211	1119	PC	854.944263070506
1211	1154	PC	157.341163884525
1211	1235	PC	270.809202452302
1216	1102	PC	507.519869629822
1216	1119	PC	152.574512330799
1216	1154	PC	273.710133138339
1219	1102	PC	128.544386757906
1219	1154	PC	142.956252936697
1221	1154	PC	81.0515327198344
1221	1171	PC	22.2393624649763
1222	1102	PC	111.234425513216
1222	1154	PC	115.079287582629
1223	1154	PC	65.8729715128152
1223	1235	PC	43.7781738568421
1224	1154	PC	500.86801587988
1224	1171	PC	33.0858023285873
1224	1235	PC	181.916280287805
1227	1235	PC	84.5681349088079
1228	1171	PC	117.484672877953
1228	1235	PC	83.8693670516861
1231	1119	PC	241.626377627971
1231	1235	PC	109.465909757287
1232	1235	PC	35.647455635599
1233	1119	PC	96.1661554013247
1233	1235	PC	84.8207318080305
1234	1154	PC	21.3960786826326
1234	1235	PC	72.8553473729778
1235	1171	PC	230.493152035414
1235	1235	PC	965.683293012078
1238	1171	PC	7.05278041264577
1238	1235	PC	335.781567054339
1241	1171	PC	13.2234970933017
1241	1235	PC	149.36608640437
1242	1235	PC	18.1912846879687
1243	1235	PC	67.1654801401034
1244	1235	PC	36.8231092592646
1245	1235	PC	27.0638235568489
1246	1235	PC	41.6702161870197
1246	1271	PC	.671442078245426
1247	1235	PC	58.5440818140544
1251	1154	PC	4.59963575530526
1251	1235	PC	104.733957827557
1252	1235	PC	12.8608614641574
1253	1154	PC	57.0497790480084
1253	1235	PC	285.691754804458
1256	1235	PC	81.5498877952125
1259	1154	PC	11.7666739258762
1259	1235	PC	26.8851618167588
1260	1154	PC	21.9792029700619
1260	1235	PC	271.927741839478
1260	1260	PC	58.882055928031
1263	52	PC	.745792668069476
1263	1154	PC	34.3739679056146
1263	1235	PC	427.368923940266
1264	1235	PC	50.5502365784051
1265	1432	PC	5.01358960727692
1266	1235	PC	34.3168737867045
1266	1432	PC	57.7542928078434
1266	1648	PC	260.027532131982
1271	105	PC	.757173466856986
1271	1102	PC	29.9594869008804
1271	1154	PC	184.299220437009
1274	4001	PC	2.02429438476001
1274	5102	PC	.639250858345265
1275	4001	PC	.799063572931581
1275	5800	PC	1.06541809724211
1277	215	PC	1.40556125920639
1401	1154	PC	100.785950568979
1401	1432	PC	231.04374412251
1411	1154	PC	44.2975650422064
1411	1432	PC	276.559242961269
1412	1432	PC	27.7242470790264
1413	1235	PC	25.9418217777801
1413	1432	PC	147.384031153816
1416	52	PC	.818113514312344
1416	1235	PC	30.6400631209492
1416	1417	PC	34.3164884390544
1416	1432	PC	75.6000291626643
1417	1417	PC	186.685236271135
1417	1432	PC	183.350603853169
1418	1417	PC	51.2649078971944
1419	1235	PC	13.6536275840933
1419	1417	PC	54.3108258854447
1420	1235	PC	188.207307505639
1420	1417	PC	146.98847127958
1421	1235	PC	91.1495641985352
1421	1417	PC	12.0963691256762
1422	1235	PC	240.742977353025
1424	1417	PC	23.8559900990831
1426	1235	PC	234.203698646501
1426	1432	PC	275.60539856714
1428	1235	PC	221.482595122543
1428	1417	PC	270.831986012574
1428	1432	PC	77.4787050954389
1429	1235	PC	72.4366436638562
1429	1432	PC	210.936709327725
1430	1235	PC	47.8412746022218
1430	1432	PC	377.503278689406
1431	1235	PC	113.500077328392
1431	1432	PC	467.701462649307
1432	1235	PC	252.463569917793
1432	1432	PC	448.606485357583
1433	1432	PC	297.050949725321
1438	1432	PC	39.1627789521176
1438	1441	PC	55.789285436361
1439	1432	PC	13.8775182125149
1439	1441	PC	16.4641692690754
1441	1441	PC	73.2619636828537
1441	1449	PC	42.6573496803925
1443	1441	PC	243.734027782356
1443	1449	PC	100.753299758845
1444	1235	PC	262.463806022245
1444	1449	PC	202.380913597062
1445	1235	PC	345.842251657566
1445	1449	PC	764.218252649912
1449	1235	PC	267.397514157487
1449	1449	PC	457.063612495189
1449	1557	PC	194.474400644343
1502	1432	PC	50.2697310196947
1502	1449	PC	144.936485420681
1502	1525	PC	15.9519175170562
1503	1441	PC	9.72042114366078
1503	1525	PC	39.4916391917694
1504	106	PC	.897486305189088
1504	231	PC	.747092194536889
1504	306	PC	1.89972808365816
1504	309	PC	2.65281250386833
1504	417	PC	2.00516324100947
1504	533	PC	.864782896995221
1504	605	PC	1.08094258847897
1504	624	PC	.622258678322056
1504	706	PC	4.03124470099615
1504	716	PC	6.76537387815975
1504	822	PC	1.25596759697944
1504	1014	PC	.731635079423073
1504	1074	PC	1.96499413063655
1504	1102	PC	5.82588156674222
1504	1247	PC	15.3378915484614
1504	1443	PC	.739120394089089
1504	1503	PC	.639460382534579
1504	1511	PC	.6320136816181
1504	1557	PC	27.0493110902108
1504	1671	PC	1.9854604314504
1504	1804	PC	1.05005351181821
1504	1833	PC	1.6708022877169
1504	1931	PC	1.83534227236402
1504	1941	PC	2.37519269415832
1504	1972	PC	2.30732925026487
1504	2004	PC	2.27821082465962
1504	4005	PC	1.06439277560372
1511	1432	PC	149.632488220908
1511	1441	PC	45.8043860776148
1511	1503	PC	262.429928429579
1514	1432	PC	38.4497740900734
1514	1441	PC	48.6273816561376
1515	1441	PC	26.6368632515096
1515	1525	PC	27.9069659628676
1516	1432	PC	28.5021950719536
1516	1441	PC	29.6627088117227
1516	1525	PC	7.88353229140707
1517	1449	PC	6.47030960380198
1517	1525	PC	87.6456136110198
1519	1432	PC	179.63866579926
1519	1525	PC	192.444462919885
1520	1235	PC	301.697964891993
1520	1449	PC	333.093067373606
1520	1525	PC	74.657254841236
1523	1525	PC	57.4251313989319
1524	1235	PC	231.134591670356
1524	1525	PC	143.685613737388
1525	1432	PC	120.658650466243
1525	1525	PC	337.509691708269
1526	1525	PC	63.208170212563
1528	1235	PC	.599388461992199
1528	1271	PC	2.76837855645664
1528	1525	PC	127.768236627063
1529	1525	PC	76.1608803335372
1531	1525	PC	7.49427943686137
1532	1235	PC	183.186622497682
1532	1525	PC	115.693901605939
1534	1525	PC	235.759843785103
1534	1557	PC	18.3762828466845
1535	1432	PC	239.722569127208
1535	1525	PC	262.760139001321
1539	1432	PC	178.946216751488
1539	1557	PC	438.47935607519
1543	1525	PC	221.112949256174
1543	1557	PC	77.9224010307212
1545	301	PC	.636982288891588
1545	1557	PC	56.4747157372577
1546	1557	PC	40.4971341278799
1547	1432	PC	164.41296186871
1547	1557	PC	96.3493298987252
1548	1432	PC	212.258239356463
1548	1557	PC	1003.84022672269
1551	1557	PC	291.414937454127
1554	1557	PC	272.367661433209
1557	1432	PC	91.3986351639729
1557	1503	PC	301.561466264613
1557	1557	PC	34.176094555
1560	1432	PC	121.744421791848
1560	1557	PC	255.743119728352
1563	1441	PC	43.9620165928802
1563	1557	PC	270.290865174567
1566	1449	PC	363.337774105435
1566	1557	PC	475.353226677214
1566	1648	PC	150.402928827864
1566	1663	PC	84.736739064106
1567	1449	PC	83.438932440232
1567	1503	PC	275.860692443301
1567	1557	PC	51.2082715169408
1569	1503	PC	174.449681978504
1569	1663	PC	21.7633631765086
1571	1557	PC	30.0385334282801
1571	1653	PC	142.568168039514
1573	1557	PC	198.231853132706
1612	1449	PC	82.0378436970826
1612	1617	PC	18.6030672350732
1612	1653	PC	341.598337884874
1613	1525	PC	13.3716489641655
1613	1617	PC	10.897403993053
1613	1653	PC	167.893220496855
1617	1617	PC	98.2637361276253
1617	1620	PC	27.23152485453
1620	1617	PC	21.7882612098382
1620	1663	PC	42.7810023590684
1621	1525	PC	126.118237302096
1621	1617	PC	553.252563267215
1621	1648	PC	175.108894952058
1621	1663	PC	4.09033824663962
1622	1441	PC	17.2365889935436
1622	1648	PC	142.364499760997
1622	1653	PC	192.53115840393
1622	1663	PC	15.1888773821516
1624	1441	PC	239.848812719677
1624	1648	PC	1733.51414187953
1624	1653	PC	602.558432748484
1624	1663	PC	40.7043871188324
1627	1525	PC	491.829150335464
1627	1648	PC	31.7833989306379
1627	1653	PC	345.932995566046
1627	1663	PC	30.0751499061954
1630	1449	PC	108.163175113746
1630	1648	PC	269.64155452251
1630	1653	PC	429.387441986786
1630	1729	PC	35.1838002690129
1632	1653	PC	138.366546306492
1632	1729	PC	22.1023364769953
1633	1663	PC	35.9803635978895
1633	1702	PC	109.865080286995
1634	1663	PC	644.026077960549
1634	1702	PC	525.991161164381
1635	1525	PC	1.62760801072928
1635	1648	PC	680.820006470719
1635	1653	PC	273.569500726398
1635	1663	PC	226.295823301166
1636	1648	PC	539.226410209683
1636	1653	PC	406.990093568943
1636	1663	PC	25.3187117415689
1638	1525	PC	322.762973306715
1638	1640	PC	21.1637748671898
1638	1648	PC	1006.66082565046
1638	1653	PC	327.717278859388
1640	1525	PC	9.89271743051317
1640	1640	PC	39.7761711620521
1640	1653	PC	236.516339009209
1644	1640	PC	75.306168869076
1644	1648	PC	583.201352727584
1644	1663	PC	87.6065342939761
1648	1525	PC	260.930864942367
1648	1640	PC	619.353477228523
1648	1648	PC	4613.2821147966
1648	1663	PC	201.326768831868
1648	3001	PC	.798887123000484
1653	1525	PC	4.2900384202627
1653	1648	PC	3746.1575335049
1653	1653	PC	377.409303633781
1653	1663	PC	74.4879816368761
1657	1525	PC	147.844401868802
1657	1648	PC	340.902349234923
1657	1653	PC	104.890840118342
1657	1663	PC	11.7637707491503
1662	1653	PC	40.6517684754661
1662	1663	PC	10.7912234600641
1663	1525	PC	182.226081829503
1663	1653	PC	68.3252477882995
1663	1663	PC	25.4578672483606
1664	1525	PC	237.424430293072
1664	1648	PC	161.141529187185
1664	1663	PC	359.909755003445
1665	1663	PC	65.1015930563273
1665	1729	PC	7.51763440550736
1671	1449	PC	379.97481512469
1671	1503	PC	200.536068983075
1671	1557	PC	10.1441993695668
1671	1648	PC	636.403011580649
1675	1275	PC	.640248841361056
1675	1401	PC	.87921309256137
1675	1432	PC	.813448387295338
1675	1503	PC	1.20175965229327
1675	1504	PC	1.81624607580901
1675	1805	PC	1.18998857423239
1675	1866	PC	1.59099298109505
1675	1870	PC	1.27641776760772
1676	237	PC	.610599827791283
1676	306	PC	.722287188024077
1676	616	PC	.599961792034065
1676	619	PC	.644015242685046
1676	906	PC	1.13664953150054
1676	1002	PC	.916000788793435
1676	1504	PC	1.34701890212375
1676	1866	PC	.824317525927405
1677	215	PC	1.95622863575722
1677	5404	PC	.63956412566639
1702	1525	PC	1924.97042137186
1702	1648	PC	5192.07772917734
1702	1663	PC	1578.1029830057
1702	1750	PC	95.4096459043113
1703	1525	PC	30.7952783701548
1703	1648	PC	147.156517355509
1703	1663	PC	29.7793660628773
1703	1702	PC	191.982689149718
1711	1663	PC	61.246523741146
1711	1702	PC	70.5137157981302
1714	1525	PC	798.968386821096
1714	1648	PC	938.997327817873
1714	1663	PC	545.890710379722
1714	1719	PC	59.820393579045
1717	1648	PC	355.867310461493
1717	1653	PC	2303.94288272143
1717	1663	PC	118.603854309089
1717	1729	PC	4.39007115391096
1718	1719	PC	302.772647703986
1719	62	PC	1.03736572395821
1719	1648	PC	5558.00112543073
1719	1653	PC	5853.50517094907
1719	1719	PC	117.527641031802
1721	1648	PC	2040.72541636178
1721	1653	PC	3832.53216735921
1721	1719	PC	639.282834543267
1721	1729	PC	172.718217440483
1721	4001	PC	.743922035208098
1724	1653	PC	15.9472459111877
1724	1719	PC	75.9890781557376
1724	1729	PC	74.6624776063924
1725	1648	PC	986.293127660185
1725	1653	PC	100.281898078243
1725	1702	PC	347.238950390357
1725	1729	PC	34.6530483582888
1729	1648	PC	473.834665888874
1729	1653	PC	1980.99048845899
1729	1702	PC	560.386646492551
1729	1851	PC	70.7360369881665
1736	1648	PC	296.653341515945
1736	1653	PC	585.427548565711
1736	1702	PC	368.629634185491
1736	1729	PC	45.7038505123035
1738	1702	PC	124.628260168
1738	1729	PC	20.5300897017717
1739	1702	PC	19.0921938923051
1739	1832	PC	4.59275084496806
1740	1702	PC	69.3319711262126
1740	1729	PC	15.253092399761
1742	1648	PC	299.776607678388
1742	1653	PC	236.250560926051
1742	1702	PC	174.04332700274
1742	1750	PC	32.2054220860476
1743	1648	PC	544.427794364411
1743	1653	PC	168.054286060032
1743	1702	PC	191.97545923391
1743	1729	PC	26.7078176695337
1744	1648	PC	1160.90716436357
1744	1653	PC	943.361294862507
1744	1702	PC	566.033773038428
1744	1750	PC	52.0501607347896
1748	1653	PC	88.4729923618926
1748	1702	PC	132.383026751413
1748	1729	PC	5.02985504365696
1749	1702	PC	97.633674422476
1749	1750	PC	28.7157280723728
1750	106	PC	3.70921656830692
1750	136	PC	4.1645954733019
1750	211	PC	3.69728036463848
1750	501	PC	3.77680176189651
1750	1071	PC	1.06050896117906
1750	1074	PC	3.15361875297984
1750	1106	PC	3.68819203832703
1750	1277	PC	8.16809000129249
1750	1673	PC	3.34149457421635
1750	1677	PC	2.92725970964408
1750	1702	PC	218.055181454114
1750	1750	PC	20.5122473176446
1750	1804	PC	16.3330811059567
1750	1820	PC	158.620792102036
1750	1833	PC	2.46875323935906
1750	1931	PC	25.0713447981359
1751	1653	PC	235.241712151805
1751	1702	PC	575.703102493938
1751	1750	PC	32.2063687319076
1755	1702	PC	187.064626348075
1755	1729	PC	7.26231044164862
1804	61	PC	.824089989729845
1804	1271	PC	2.20005510848126
1804	1653	PC	19.6217763803955
1804	1702	PC	200.924758755752
1804	1804	PC	1.78396657459688
1804	1924	PC	77.467403470977
1805	1653	PC	.787174114023911
1805	1750	PC	6.58745975691171
1805	1851	PC	51.1848463123539
1811	1653	PC	221.216143607681
1811	1750	PC	37.9728828007719
1811	1924	PC	125.723593195267
1812	1653	PC	405.370879591203
1812	1702	PC	532.868068530536
1812	1750	PC	25.8018205843726
1813	1653	PC	395.9409094282
1813	1702	PC	482.693752501831
1813	1750	PC	57.6100875001654
1815	1653	PC	864.496048276142
1815	1832	PC	300.393046443739
1816	1653	PC	340.678650380891
1816	1832	PC	135.656908712989
1818	1832	PC	95.2614837388017
1820	1653	PC	238.405011311539
1820	1820	PC	2.03187332812622
1820	1827	PC	.886796903917725
1820	1832	PC	486.156040449177
1822	1653	PC	394.625678892297
1822	1832	PC	306.738198366064
1824	1653	PC	458.95975233925
1824	1832	PC	391.724163982477
1825	1653	PC	261.377235193977
1825	1832	PC	125.745641872059
1826	1719	PC	4.07945447512714
1826	1832	PC	354.860252136171
1827	1702	PC	28.1058089558208
1827	1832	PC	258.253832908811
1828	1702	PC	599.016074882281
1828	1832	PC	152.561715311964
1832	1719	PC	942.105001427243
1832	1832	PC	402.172922552481
1833	1719	PC	393.41237866071
1833	1832	PC	419.492709174119
1834	1719	PC	108.329002584387
1834	1832	PC	128.6486800526
1835	1832	PC	2.83933563780046
1836	1832	PC	74.7929078015579
1836	1851	PC	41.5421434503891
1837	1719	PC	257.818395526121
1837	1832	PC	180.632748368823
1837	1851	PC	78.6807576817645
1838	1702	PC	43.0655352651606
1838	1832	PC	16.7403852429365
1838	1851	PC	68.558411429253
1839	1702	PC	31.1492491673537
1839	1832	PC	39.6058390270657
1839	1851	PC	48.7303033521238
1840	1702	PC	86.3729048318985
1840	1832	PC	33.5219425583898
1840	1851	PC	54.2200429660097
1841	1702	PC	71.3718438151185
1841	1832	PC	108.996931038303
1841	1851	PC	60.1303773298235
1845	1851	PC	27.1126135204172
1848	1702	PC	287.679444624403
1848	1851	PC	302.909502328906
1849	1851	PC	51.1766976057166
1849	1924	PC	40.6483310684782
1850	1851	PC	16.107904387826
1851	1851	PC	9.3940896265609
1851	1924	PC	42.8306345407291
1852	1851	PC	39.25200611148
1853	1851	PC	33.4098833797097
1853	1924	PC	26.5835033911392
1854	1851	PC	118.299862023651
1854	1860	PC	22.6514062101527
1856	1860	PC	10.7573305563056
1859	1860	PC	64.7101890399743
1859	1924	PC	9.2797441017134
1860	1702	PC	296.748925115769
1860	1860	PC	566.948011956316
1865	1851	PC	48.4137296404322
1865	1860	PC	37.9295053791465
1866	1702	PC	37.007993436843
1866	1851	PC	175.861870615603
1866	1860	PC	190.576061997475
1867	1851	PC	135.264373315527
1868	1851	PC	58.7088302501064
1870	1154	PC	1.19062028044146
1870	1702	PC	62.1529295052152
1870	1851	PC	335.152345025264
1871	1833	PC	338.406310014796
1871	1851	PC	245.155213100585
1911	1702	PC	445.059280848751
1911	1851	PC	119.86106771357
1911	1924	PC	110.577459291384
1911	1971	PC	129.746198686042
1911	1972	PC	17.6715252690667
1913	1851	PC	78.7310082626914
1917	1851	PC	43.6275643447794
1917	1931	PC	38.7923918674593
1919	1851	PC	19.1836348050518
1919	1924	PC	36.3135062128039
1920	1832	PC	6.59685462941323
1920	1924	PC	33.6152375571917
1920	1931	PC	1.31432211555277
1922	1924	PC	184.230072204055
1923	1924	PC	98.1869323226527
1924	1832	PC	8.72557848630965
1924	1924	PC	237.100065420455
1925	1924	PC	7.79051680669385
1925	1931	PC	40.8577491291194
1926	1924	PC	24.7128093482929
1926	1931	PC	38.4269644725989
1927	1931	PC	52.3768746653333
1928	1931	PC	8.38746317079201
1931	1832	PC	40.6151384482489
1931	1931	PC	98.7583612525563
1933	1832	PC	78.4394467129571
1933	1924	PC	210.675030965713
1933	1931	PC	212.280405436384
1936	1515	PC	.907810702873078
1936	1924	PC	37.50354762633
1936	1931	PC	2.00660227791499
1938	1832	PC	15.6456691925734
1938	1924	PC	78.7912780458641
1938	1942	PC	150.625331791595
1939	1924	PC	26.8914517460422
1940	1832	PC	27.2274159413228
1940	1924	PC	54.6202962615203
1940	1942	PC	64.0642019020023
1941	1924	PC	2.17882653061003
1941	1942	PC	14.5041032476488
1942	1924	PC	78.6347603422578
1942	1942	PC	93.8579900330938
1943	1832	PC	100.50282652326
1943	1924	PC	14.3575480723213
1943	1942	PC	7.20500058866175
1971	1851	PC	53.0187478169005
1971	1924	PC	178.47530249274
2002	2027	PC	19.5465403901296
2003	1924	PC	17.5860856695216
2003	2027	PC	35.2783164070937
2004	1942	PC	12.8167253343454
2011	51	PC	6.86899113040894
2011	1924	PC	11.6016226739464
2011	3001	PC	47.5604574433674
2012	1832	PC	.7740945986569
2012	1924	PC	203.055964790741
2012	1942	PC	49.4970488678773
2017	1942	PC	3.35558684721927
2020	1924	PC	60.0208273179353
2020	1942	PC	34.0401126358854
2021	1924	PC	25.9246484801641
2021	2027	PC	1.35621170700738
2021	3001	PC	20.9473795214929
2022	1924	PC	13.7368126821068
2022	2027	PC	1.78400744468901
2023	2027	PC	3.9729807261746
2024	2027	PC	2.22151717010135
2025	1833	PC	58.9681507702264
2025	1924	PC	161.595491608145
2025	2027	PC	47.3191146569303
2027	1924	PC	8.57577819445116
2027	2027	PC	46.6499354305104
2028	51	PC	.622431216729463
2030	1924	PC	64.5807548211808
2030	2027	PC	11.4822298704058
4001	101	PC	1.04251400601244
4001	106	PC	2.55174267437366
4001	124	PC	.994521746468047
4001	211	PC	1.18359716859428
4001	213	PC	2.11107298611899
4001	219	PC	9.07866124868508
4001	221	PC	.956508704550411
4001	226	PC	.937101328136026
4001	230	PC	.874320133004026
4001	231	PC	1.32785787378465
4001	235	PC	1.20584991548787
4001	236	PC	1.7163149483229
4001	302	PC	5.55881084869465
4001	303	PC	1.57639485011095
4001	304	PC	5.67732889131776
4001	305	PC	1.16839911046148
4001	308	PC	1.20615707094318
4001	309	PC	1.25859868272332
4001	412	PC	1.09012300203009
4001	417	PC	1.16552472714804
4001	502	PC	.584241545812718
4001	528	PC	1.34217583138583
4001	605	PC	.785311571028952
4001	623	PC	1.46332777362675
4001	624	PC	1.60884942783311
4001	625	PC	.62924085276832
4001	626	PC	1.04131652121021
4001	627	PC	2.76429534460868
4001	701	PC	.954411838877786
4001	702	PC	.909913237551568
4001	706	PC	2.62908615222128
4001	709	PC	1.44599738372171
4001	716	PC	1.16650335862841
4001	720	PC	2.83941304439899
4001	805	PC	1.59574793498659
4001	806	PC	4.44409170895943
4001	807	PC	.910436294669174
4001	814	PC	1.79865241137198
4001	815	PC	1.01214468292768
4001	830	PC	4.03501804247126
4001	904	PC	3.32223661448886
4001	906	PC	.726582853460904
4001	937	PC	1.08259436801576
4001	1014	PC	2.56784693589945
4001	1017	PC	1.05169456181828
4001	1018	PC	.611109642734838
4001	1102	PC	13.2618429158922
4001	1106	PC	.926027497642026
4001	1119	PC	2.81944542242291
4001	1120	PC	1.65927176521217
4001	1121	PC	1.46789903089765
4001	1122	PC	.912813308390994
4001	1124	PC	2.03589537812006
4001	1149	PC	2.57448336041909
4001	1173	PC	3.92245760209297
4001	1174	PC	1.63962945463833
4001	1221	PC	.92535449224821
4001	1243	PC	1.30485016240987
4001	1247	PC	1.03103657305495
4001	1272	PC	1.05056632355612
4001	1274	PC	3.88709539715765
4001	1275	PC	1.05266745620323
4001	1276	PC	.971773849289413
4001	1277	PC	1.47079285297857
4001	1504	PC	.678369202402073
4001	1529	PC	1.43897442929
4001	1663	PC	1.04412798819137
4001	1678	PC	.854212210618967
4001	1833	PC	1.76858922321824
4001	1922	PC	1.53218636335948
4001	2002	PC	.726825292803928
4001	2030	PC	1.12472183463048
4002	604	PC	1.02951455353374
4002	704	PC	1.0604575987531
4002	706	PC	1.05163446088851
4002	1074	PC	1.0554592347973
4002	1102	PC	1.44813821716318
4002	1124	PC	1.01794768906003
4003	105	PC	1.58103100699394
4003	216	PC	.857859378919833
4003	219	PC	.950092456257741
4003	235	PC	.652987318856247
4003	304	PC	3.50729499585564
4003	604	PC	3.60330093736809
4003	626	PC	3.09301936993131
4003	701	PC	.742320319127167
4003	704	PC	1.0604575987531
4003	706	PC	1.05163446088851
4003	806	PC	.826807759806406
4003	1102	PC	3.10315332249252
4003	1274	PC	2.04860433093444
4003	1276	PC	1.05056632355612
4003	1420	PC	1.03296877373163
4003	1653	PC	1.36604029539464
4003	1719	PC	2.10818754448547
4004	211	PC	.956227515022312
4004	219	PC	1.04615736016825
4004	236	PC	1.0780872790973
4004	304	PC	3.61847121282954
4004	626	PC	1.03100645664377
4004	627	PC	.743090146400182
4004	706	PC	1.47228824524392
4004	806	PC	1.03350969975801
4004	904	PC	1.24583873043332
4004	1102	PC	1.03438444083084
4004	1119	PC	1.15723506144224
4004	1120	PC	1.31271500412355
4004	1273	PC	1.05056632355612
4004	1275	PC	4.09720866186888
4005	219	PC	1.05565828473082
4005	309	PC	1.57324835340415
4005	604	PC	.926563098180365
4005	626	PC	4.12402582657508
4005	815	PC	.607286809756611
4005	1102	PC	1.03438444083084
4005	1120	PC	1.05017200329884
4005	1127	PC	1.05719326836603
4005	1130	PC	1.04597067770908
4005	1172	PC	2.63606021646033
4005	1273	PC	1.57584948533418
4005	1274	PC	1.57584948533418
4005	1275	PC	1.57584948533418
4005	1504	PC	1.57516068669212
5101	214	PC	.637569111003618
5101	301	PC	2.20359652700141
5101	626	PC	1.03100645664377
5101	706	PC	2.94457649048784
5101	904	PC	1.40260677067952
5101	1102	PC	.729241030785743
5101	1119	PC	.84162549923072
5101	1714	PC	1.04593014885619
5102	310	PC	1.25859868272332
5102	706	PC	2.52392270613243
5106	219	PC	.844526627784659
5106	220	PC	1.56175002037748
5106	233	PC	.714514532588364
5201	211	PC	1.27497002002975
5201	219	PC	2.05853365522511
5201	220	PC	1.56175002037748
5201	302	PC	1.04883223560276
5201	304	PC	.608322696649603
5302	111	PC	.678748368722675
5302	220	PC	1.45763335235231
5302	229	PC	1.04249730042495
5302	234	PC	1.09609628544112
5302	238	PC	1.67634645288399
5302	311	PC	1.56276003104812
5302	626	PC	13.2216267999997
5302	1172	PC	1.05442408658413
5402	626	PC	2.57751614160942
5402	1174	PC	1.05442408658413
5403	106	PC	1.58822158156037
5403	125	PC	6.02878324633435
5403	226	PC	.62473421875735
5403	237	PC	1.0624067159483
5403	302	PC	1.04883223560276
5403	305	PC	5.18962190176248
5403	436	PC	12.1789361398684
5403	542	PC	1.02575543861681
5403	626	PC	4.44569984104794
5403	1146	PC	.767264462376222
5403	1277	PC	1.05056632355612
5403	1671	PC	.640659157964225
5403	1674	PC	1.60164789491056
5404	125	PC	2.34544727807408
5404	624	PC	3.20275267650918
5404	1102	PC	1.03438444083084
5404	1235	PC	1.58326614300411
5404	1719	PC	1.07059112261662
5501	124	PC	1.56864628780449
5501	403	PC	1.44975299918406
5501	626	PC	3.6085225982532
5501	706	PC	3.15490338266554
5605	104	PC	1.03995403559699
5605	106	PC	1.75763188359348
5605	122	PC	.604615883910043
5605	219	PC	2.6475909781049
5605	307	PC	2.62208058900691
5605	403	PC	5.95385028340844
5605	604	PC	1.02951455353374
5605	706	PC	1.05163446088851
5605	1525	PC	1.0279235071893
5700	302	PC	.593639045351165
5700	627	PC	1.08278849904027
5700	1677	PC	1.06776526327371
5700	1804	PC	1.35344890463842
5710	138	PC	1.06437700329493
5800	716	PC	2.12091519750619
5800	1275	PC	1.57584948533418
5840	1172	PC	3.14218377802072
5850	220	PC	1.71792502241522
5850	306	PC	1.1012738473829
5850	412	PC	1.47598859075641
5850	602	PC	1.1047607914634
5850	626	PC	.721704519650639
5850	904	PC	.726739259419438
5850	1014	PC	.718997142051847
5850	1121	PC	.62909958467042
5850	1535	PC	1.75139372427418
5850	1971	PC	1.11458944979816
6030	233	PC	.701755344506428
6030	302	PC	1.57534601787535
6030	304	PC	.875774916728308
6030	426	PC	.824823983672862
6030	432	PC	.836953029629668
6030	1002	PC	.743657614521534
6030	1102	PC	1.55157666124626
