50	602	PC	5.02007129461881
50	625	PC	5.09481371666106
52	220	PC	3.015260338617
58	104	PC	205.857813274119
58	220	PC	72.5158640880361
58	230	PC	16.1956426597456
58	231	PC	3.33587703033529
58	301	PC	21.3371422247442
58	626	PC	26.0925536744739
58	1106	PC	1.61203261278874
58	1146	PC	1.3421082009557
58	1271	PC	19.2328062639911
58	1416	PC	1.16782523058918
58	1439	PC	2.03872599442275
58	1504	PC	15.4765304114673
58	1531	PC	3.87988158366204
62	220	PC	4.39571694088162
62	301	PC	15.461276912549
62	926	PC	3.32536765764773
62	1102	PC	1.94491405129781
62	1271	PC	1.75664512900988
62	1277	PC	2.33951824149117
62	1416	PC	1.8090674481127
104	211	PC	6539.06561050149
104	230	PC	2205.56417527094
104	235	PC	723.294445565821
104	309	PC	3866.88190309709
104	412	PC	2108.10484718458
104	542	PC	529.118129569169
104	626	PC	487.325648867756
104	709	PC	1341.3666534112
104	926	PC	1340.00678283059
104	1122	PC	2042.34339659378
104	1172	PC	1354.66252734549
104	1274	PC	536.657375899252
104	1275	PC	644.766079817554
104	1276	PC	2934.63360128694
104	1401	PC	2.12202434707084
104	1502	PC	491.54095308746
104	1531	PC	771.596011776748
104	1677	PC	3833.85212873318
104	1805	PC	241.572974315504
104	1870	PC	168.477710769669
104	1971	PC	641.853348169113
104	1973	PC	1122.13976266935
104	4001	PC	1.86542994016006
104	6010	PC	1.08914627301847
104	6020	PC	139.685145095546
105	1124	PC	458.388017209605
105	1503	PC	976.915499481843
106	104	PC	4078.72975499189
106	105	PC	472.351637849955
106	231	PC	14.4361018135241
106	301	PC	2899.75960914355
106	305	PC	18.0990129616903
106	602	PC	1204.00367018968
106	701	PC	1317.44369872262
106	702	PC	758.287017746298
106	706	PC	262.282982536314
106	805	PC	1851.72111329151
106	906	PC	1028.93522093846
106	1002	PC	797.316629507122
106	1071	PC	1285.27779686895
106	1106	PC	1533.35370335977
106	1124	PC	3011.02993566176
106	1159	PC	1145.06163408929
106	1251	PC	1836.77522160229
106	1263	PC	1160.55306598503
106	1271	PC	876.559839231763
106	1401	PC	1157.83967671637
106	1439	PC	956.664103336977
106	1502	PC	1937.69522213308
106	1503	PC	4957.84615987035
106	1671	PC	2328.39343845597
106	1804	PC	2.27701623640645
106	1866	PC	3291.48588049796
106	1868	PC	1454.1097180447
106	1901	PC	796.003754116064
106	1971	PC	795.382536197583
137	219	PC	14.9256159739144
211	542	PC	352.057302207531
211	626	PC	442.367349936078
219	1866	PC	4.17025304111026
219	6000	PC	24.4643742197238
219	6020	PC	5.03252564678236
220	58	PC	21.5368041047636
230	104	PC	18.3627488678954
230	213	PC	1.39696057436408
230	230	PC	1.58644737725365
230	1525	PC	4.77749874529889
301	50	PC	1.42028039142716
301	58	PC	13.0702158611682
301	4001	PC	252.552163006615
301	5404	PC	1.5400630750415
301	5501	PC	.860938038478063
301	5700	PC	1.99138711508839
301	5842	PC	1.6042323698349
301	6020	PC	12.1354831336777
302	522	PC	7.47489452772896
302	709	PC	2.59500045213038
302	1004	PC	3.5660515881367
302	1420	PC	8.11261315595881
302	1504	PC	5.64898279364969
302	1519	PC	5.33256523867095
302	1525	PC	1.57945627367828
302	1532	PC	.578518895099513
302	1671	PC	5.04747982881834
302	1870	PC	.711982641016769
302	1871	PC	.579022595979742
302	1901	PC	1.30728112660871
302	1973	PC	2.60469163173251
302	2002	PC	2.56135627647025
303	312	PC	.733730586172549
303	831	PC	6.24441630394608
303	1018	PC	11.8101910310798
303	1502	PC	13.9686633856617
303	1933	PC	2.53692624655699
305	125	PC	1.12083138529479
305	1173	PC	.839261708413939
305	1273	PC	.837186091504336
305	1865	PC	3.38265865601352
306	302	PC	.766748462550314
309	1865	PC	2.75775697798155
626	58	PC	195.922450170254
626	5403	PC	305.972071104827
626	6020	PC	5423.46096002374
704	101	PC	1.06960247273217
704	104	PC	.971537314255673
704	105	PC	1.64286410340523
704	106	PC	2.08157030407574
704	125	PC	1.60547670941704
704	136	PC	.660831668195563
704	211	PC	4858.57846024722
704	213	PC	2.04914468219596
704	214	PC	.651630600123872
704	215	PC	.671607282212676
704	219	PC	3.26377026756973
704	220	PC	1.23763971272379
704	221	PC	1.8463414548171
704	230	PC	2223.41911775569
704	231	PC	3.28924575031171
704	235	PC	753.09667793533
704	236	PC	1.25665778965215
704	301	PC	4.05444859826552
704	302	PC	3.52438648715028
704	303	PC	1.29707251693429
704	304	PC	2.72929332047744
704	305	PC	190.87141707435
704	306	PC	1.53565312211275
704	307	PC	1.00922421818298
704	309	PC	6723.94067995317
704	311	PC	.577451770055998
704	403	PC	1.19359648234526
704	412	PC	3884.46402196807
704	415	PC	.608042172425227
704	417	PC	.686650118154701
704	425	PC	.539883973985002
704	427	PC	1.11041820414045
704	428	PC	.752404084346969
704	501	PC	3.14940585948732
704	502	PC	1.32363841033949
704	512	PC	1.01454645711749
704	515	PC	.66381787464189
704	532	PC	4.19663485662311
704	534	PC	.879270940395279
704	538	PC	.729626180297757
704	542	PC	939.192317076687
704	602	PC	1.97957531181618
704	604	PC	.778718938126825
704	620	PC	2.1326219182123
704	623	PC	1.34424548429541
704	624	PC	1.08297284808383
704	626	PC	2327.8765765407
704	704	PC	3.84309073541161
704	706	PC	5.98670058616093
704	709	PC	3491.63671440673
704	711	PC	3.41878181753332
704	716	PC	.652250693763205
704	719	PC	.635454190989992
704	720	PC	1.05608153900325
704	723	PC	1.2081461714023
704	805	PC	1.93804156616322
704	806	PC	11.8990409881881
704	807	PC	1.14436210809471
704	815	PC	1.26760035955183
704	834	PC	1.47514243955063
704	904	PC	2.70334345448518
704	906	PC	1.59055068607349
704	926	PC	2015.79703224061
704	1002	PC	.659216776634964
704	1018	PC	2.07769883523909
704	1032	PC	.753860484448592
704	1071	PC	3.75151753807258
704	1072	PC	1.0650494705545
704	1073	PC	.595226652697957
704	1074	PC	2.87369069418272
704	1102	PC	4.62237972263224
704	1106	PC	.940697341338657
704	1122	PC	2632.96577016497
704	1124	PC	1.88043482471157
704	1149	PC	1.29721048250265
704	1172	PC	1231.65635612925
704	1173	PC	3.93389786260101
704	1219	PC	.715465759531533
704	1224	PC	.620088812426718
704	1231	PC	.651292698500752
704	1246	PC	1.15369777136162
704	1271	PC	3.8057117067826
704	1272	PC	.615360506967735
704	1273	PC	.617191937047996
704	1274	PC	641.686398656448
704	1275	PC	615.031307410808
704	1276	PC	4432.59738493112
704	1277	PC	.756380623147841
704	1432	PC	.979093888957014
704	1449	PC	.596496690463989
704	1502	PC	618.009011389576
704	1503	PC	1.21564790761724
704	1504	PC	8.6354792439858
704	1528	PC	.642700384629762
704	1531	PC	1418.28167146708
704	1554	PC	.809608379635095
704	1612	PC	.634573111379534
704	1634	PC	1.16162539524854
704	1638	PC	.574814559222173
704	1640	PC	2.40146422293964
704	1671	PC	8.59527378574848
704	1673	PC	901.01404622552
704	1677	PC	3204.03066285982
704	1702	PC	2.26048114748109
704	1714	PC	3.23316852921006
704	1719	PC	2.40565760150899
704	1804	PC	9.95335835412012
704	1805	PC	507.190465607508
704	1818	PC	.940054464138893
704	1833	PC	2.42081918758018
704	1837	PC	1.97809657355691
704	1865	PC	.756368165006529
704	1866	PC	1.34476292079309
704	1870	PC	1.79090848622586
704	1871	PC	1.10630500570489
704	1901	PC	1.95702551153417
704	1931	PC	.651599169882821
704	1971	PC	667.401148056474
704	1972	PC	2.97082919256599
704	1973	PC	1408.54409714743
704	2003	PC	.752739698900823
704	2004	PC	2.64154815121711
704	2012	PC	1.51650145208447
704	2028	PC	.862098633964256
704	2030	PC	1.26270279308105
709	104	PC	157.132006029806
709	1865	PC	49.2627637439724
822	4001	PC	1.03361981078333
1071	301	PC	71.1821093397878
1071	709	PC	254.930701286389
1071	805	PC	10.8236232084641
1101	301	PC	46.9550612319036
1101	602	PC	40.2405941287949
1101	706	PC	42.8323074325357
1101	805	PC	350.588843195536
1101	926	PC	412.571720808382
1101	1002	PC	21.5092002788966
1101	1004	PC	1543.14041633003
1101	1101	PC	1641.58843350734
1101	1102	PC	169.722637921551
1101	1106	PC	2778.96697160187
1101	1111	PC	9.92301281699566
1101	1124	PC	2273.78331207134
1101	1130	PC	234.743685954887
1101	1149	PC	6.08709786985339
1101	1172	PC	157.760570743403
1101	1173	PC	61.7022626920216
1101	1244	PC	187.443238092016
1101	1271	PC	2044.73949574198
1101	1401	PC	543.351957432504
1101	1504	PC	104.901148266756
1101	1515	PC	363.094876384088
1101	1826	PC	74.2863325328441
1101	1868	PC	1868.05692243934
1101	1971	PC	143.265377327023
1101	4001	PC	23.465628475168
1101	4002	PC	24.15031328297
1101	4004	PC	17.8465278052283
1101	4005	PC	20.6757774698161
1101	5101	PC	7374.46640387811
1101	5102	PC	919.628596283254
1101	5103	PC	106.482862799691
1101	5106	PC	42.5931451198765
1101	5403	PC	10543.6168203229
1101	5404	PC	14332.1248082421
1101	5700	PC	149.342215076567
1101	5760	PC	300.281673095129
1101	5790	PC	433.598217320343
1101	5800	PC	12868.7382785864
1101	5810	PC	7285.55747275488
1101	5820	PC	26.6207156999228
1101	5835	PC	22.3614011879352
1101	5840	PC	1276.25141691433
1101	5841	PC	8518.85050832994
1101	5842	PC	21.2965725599383
1101	5920	PC	496.369864940761
1101	6000	PC	11917.2212593805
1101	6010	PC	384.071973003578
1101	6020	PC	30186.1144047323
1101	6030	PC	1016.05947683465
1111	211	PC	1.16931746642124
1119	1119	PC	25888.3697578833
1124	1101	PC	455.01480969586
1124	1106	PC	257.883008984353
1124	1124	PC	1437.76624120179
1124	1130	PC	483.510383921971
1124	1135	PC	527.715632024718
1124	1159	PC	1927.7522199075
1124	1271	PC	24805.5805953784
1124	1502	PC	1130.54996593987
1124	1671	PC	482.700379333847
1124	1702	PC	311.430198149032
1124	4001	PC	5.33497501553103
1124	5820	PC	15.9622452464688
1124	6000	PC	12.2704425357214
1124	6020	PC	280.923779392817
1127	1106	PC	283.671309882789
1133	1101	PC	.875993953315813
1141	235	PC	9.34091914694265
1141	309	PC	16.6827342405338
1141	1172	PC	1.82362855140978
1141	1275	PC	10.1251732793847
1141	5101	PC	15.4639585800182
1141	5102	PC	195.436139743948
1141	5104	PC	2.56932396747974
1141	5106	PC	3.79210024103945
1141	5501	PC	3.73021453085929
1141	5820	PC	98.1752772308051
1141	5841	PC	10.1898022796643
1141	5860	PC	177.483948816686
1141	6010	PC	337.87783866862
1141	6020	PC	567.448215556939
1149	104	PC	21880.5730030883
1149	1004	PC	7956.26268204959
1149	1102	PC	103.741006721562
1149	1106	PC	1697.07837364386
1149	1124	PC	22.8565351594307
1149	1172	PC	190.193662324694
1149	1221	PC	4289.02111034966
1149	1224	PC	166.200421137962
1149	1244	PC	11360.7553932117
1149	1271	PC	6501.08769594799
1149	1401	PC	1734.39203098788
1149	1411	PC	363.463794062424
1149	1416	PC	25.0064720798714
1149	1439	PC	204.315339434926
1149	1502	PC	143.764547977797
1149	1503	PC	321.989618910384
1149	1504	PC	1025.22808865688
1149	1750	PC	309.786751244966
1149	1804	PC	10.0287529607315
1149	1813	PC	85.9315411836319
1149	1868	PC	3373.927670869
1149	1901	PC	13393.819386907
1149	2004	PC	15051.293441527
1171	4001	PC	52.0480162515207
1171	4004	PC	26.4572080970215
1171	4005	PC	5.64653755643804
1172	1124	PC	371.35808515632
1173	104	PC	693.360200837027
1173	709	PC	599.58695262149
1173	1101	PC	123.171253278376
1173	1106	PC	270.777159433571
1173	1271	PC	191.694938192639
1173	1671	PC	652.297809910603
1173	6020	PC	15.89395756627
1219	104	PC	75.3807380907364
1219	230	PC	60.5575085844719
1219	235	PC	2.81592419878997
1219	627	PC	.76226714315782
1219	1102	PC	3.51625231976274
1219	1149	PC	34.0877957108486
1219	1274	PC	12.3101100537057
1219	1504	PC	.581442190543942
1219	1804	PC	17.7502063259695
1219	1805	PC	2.6503496185427
1219	3001	PC	49.6334175030356
1219	5101	PC	60.4608081011539
1219	5102	PC	92.9762939714457
1219	5104	PC	42.0727328947076
1219	5404	PC	52.4638194102366
1219	5605	PC	32.8422667075083
1219	5800	PC	153.94466711077
1219	5810	PC	21.3878917725417
1219	5820	PC	22.6577845297079
1219	5840	PC	52.1849218263688
1219	5841	PC	162.670918431197
1219	5920	PC	39.2026121461441
1219	6020	PC	266.230033570341
1243	4001	PC	34.5040919114719
1243	5605	PC	359.981913416182
1243	5820	PC	39.7323727031053
1243	6000	PC	23.0881050512753
1243	6010	PC	381.425441880418
1243	6020	PC	249.795282084527
1243	6030	PC	55.2517969268109
1243	6050	PC	10.5622157572558
1244	50	PC	4.53565898437275
1244	58	PC	40.6288323611931
1244	1219	PC	12.0252533539729
1244	5402	PC	5.69465325661483
1244	5403	PC	4.72669026865575
1244	5404	PC	4.07355537490607
1244	5790	PC	9.36373457150271
1244	5800	PC	22.6804293496211
1244	5820	PC	20.0721586301371
1244	5831	PC	76.8447353340612
1244	5840	PC	21.2418250411659
1244	5880	PC	4.91451991130271
1244	6000	PC	267.178061740401
1244	6010	PC	430.006084851625
1244	6020	PC	1414.89935378202
1244	6050	PC	19.5961812402476
1245	5840	PC	21.4371251809636
1245	5930	PC	23.0283410740695
1245	6020	PC	480.161935507758
1246	105	PC	3.67835245173303
1246	805	PC	11.2421542008813
1246	1106	PC	7.73807727669612
1246	1124	PC	27.9847732279981
1246	1271	PC	2.36064415230562
1246	1971	PC	6.10541256821044
1246	2004	PC	54.9585369469828
1246	2030	PC	1451.16239150976
1246	2303	PC	99.9807372553039
1246	4001	PC	50.5261738720338
1246	4004	PC	48.598785607145
1246	4005	PC	11.3754327328069
1246	5101	PC	3.11946616736978
1246	5201	PC	7.51425291975731
1246	5404	PC	17.0476744979695
1246	5605	PC	19.5289467658911
1246	5790	PC	41.5999969907882
1246	5800	PC	129.737989588998
1246	5810	PC	39.0728345260836
1246	5820	PC	24.6451701002635
1246	5831	PC	226.473457193822
1246	5860	PC	1.52398141874925
1246	5880	PC	1.71287827527489
1246	5900	PC	19.7509272526557
1246	6000	PC	177.55770906471
1246	6010	PC	1439.83694048504
1246	6020	PC	2106.38884711743
1246	6030	PC	104.465297728073
1246	6050	PC	32.0452311350025
1253	5201	PC	27.5832099082584
1253	5840	PC	26.573625579031
1253	5842	PC	19.2333285214978
1253	6020	PC	1137.64892745468
1253	6050	PC	198.528461780692
1260	235	PC	6.97105052904168
1260	1271	PC	47.748486974891
1263	805	PC	3.13734535838549
1263	1124	PC	9.92187414447207
1271	50	PC	1300.05753551158
1271	52	PC	55.225116579844
1271	56	PC	445.405981120919
1271	58	PC	4625.24305177657
1271	62	PC	9.75967092049149
1271	105	PC	6.0430075992757
1271	301	PC	8.62914924186759
1271	1106	PC	60.3570027582297
1271	1260	PC	30.4475369050029
1271	1271	PC	33.8358995163805
1271	1439	PC	115.417653943826
1271	1504	PC	74.0505845164434
1271	1671	PC	.600065585678705
1271	1845	PC	8.02806269756538
1271	1971	PC	4.51269624606859
1271	2004	PC	197.386294668741
1271	2012	PC	1.58747543885906
1271	2030	PC	366.862539382211
1271	3001	PC	65.2996155945449
1271	4001	PC	176.969674217559
1271	4003	PC	1.37030262021991
1271	4004	PC	35.6001205648721
1271	4005	PC	76.6835860383811
1271	5101	PC	222.762754537665
1271	5102	PC	135.218132855999
1271	5103	PC	23.4787053308707
1271	5106	PC	90.3695368185214
1271	5201	PC	471.65730810859
1271	5403	PC	2579.46021361527
1271	5404	PC	1751.90201796255
1271	5501	PC	139.683355724379
1271	5605	PC	904.951478920416
1271	5700	PC	417.475926702091
1271	5710	PC	222.58986588932
1271	5720	PC	5.13543318418863
1271	5750	PC	3680.39378200185
1271	5790	PC	4236.14647653623
1271	5800	PC	12094.2791867083
1271	5810	PC	971.067513132148
1271	5820	PC	1089.11524189413
1271	5831	PC	2183.45129408274
1271	5835	PC	2174.2198940322
1271	5840	PC	23.6644005457603
1271	5841	PC	1200.14390497606
1271	5842	PC	628.347784203549
1271	5860	PC	111.460884702794
1271	5880	PC	46.7749170884879
1271	5900	PC	3094.07181312668
1271	5920	PC	2637.00758759511
1271	6000	PC	4531.0571581279
1271	6010	PC	2794.42376912757
1271	6020	PC	30229.7349092235
1271	6030	PC	3128.06684401803
1271	6040	PC	290.455063648202
1271	6050	PC	1366.49480110079
1272	6030	PC	35.3482580895045
1273	52	PC	89.7217379941651
1273	58	PC	29.3281045998936
1273	4001	PC	52.583762230121
1273	4004	PC	14.9836828566102
1273	4005	PC	66.7691691054816
1273	5605	PC	38.4196996323339
1273	5760	PC	2.51649032591787
1273	5800	PC	125.700719485967
1273	5810	PC	62.4031971278184
1273	5820	PC	28.7080533363828
1273	5920	PC	353.312893888336
1273	6010	PC	19.947294606332
1273	6020	PC	539.49155666499
1275	5840	PC	21.1820610639601
1275	5841	PC	22.4114914521948
1275	6020	PC	267.661509627441
1276	4001	PC	25.8308447194725
1277	4001	PC	4.46308844062279
1277	4005	PC	19.3240417011853
1277	5820	PC	21.3037234461292
1277	5920	PC	81.9876390154006
1277	6020	PC	46.3683086007123
1401	54	PC	13.154940704693
1401	58	PC	478.351912941052
1401	1251	PC	46.889355333814
1401	1271	PC	13.5037641082093
1401	1439	PC	7.72456413530038
1401	1503	PC	243.652049235177
1401	1971	PC	715.460930763579
1401	4001	PC	86.0742386908847
1401	4005	PC	65.3558714719379
1401	5101	PC	49.2606022024626
1401	5201	PC	38.9024816185007
1401	5605	PC	60.1502355421697
1401	5700	PC	20.7853378261707
1401	5800	PC	61.5831939316587
1401	5820	PC	19.1493415639871
1401	5831	PC	119.612693578405
1401	5840	PC	7.62189291738577
1401	5842	PC	98.2480068484722
1401	5860	PC	59.7526640008723
1401	5900	PC	21.4624850769901
1401	6010	PC	89.7044708126243
1401	6020	PC	2719.91447707682
1401	6030	PC	48.2911229359834
1401	6050	PC	100.145507386482
1411	230	PC	.728012839923842
1411	309	PC	4.66913346262374
1411	6020	PC	1174.29799539438
1416	50	PC	.674943649307683
1416	58	PC	1.95017808974205
1416	4001	PC	8.7293647484362
1416	5106	PC	9.8184145050742
1416	5403	PC	704.151238310256
1416	5404	PC	3.39908509242945
1416	5605	PC	1145.138470151
1416	5790	PC	12.0792266580948
1416	5800	PC	24.8710545201437
1416	5920	PC	80.38290039185
1416	6000	PC	9.200143843047
1416	6010	PC	289.290227410895
1416	6020	PC	1240.0163414568
1416	6030	PC	2715.54978390737
1416	6050	PC	57.0882353616093
1428	309	PC	532.878284550016
1428	1271	PC	2244.24164588989
1428	1432	PC	45.3165939025686
1428	1534	PC	135.654164764729
1428	5403	PC	23.8337606439773
1428	5404	PC	11.80515956897
1432	1438	PC	1.44023838221437
1438	104	PC	87.6314204215558
1438	5810	PC	8.73806970445064
1439	50	PC	.722687598331129
1439	58	PC	1888.07130110643
1439	106	PC	229.982233905012
1439	1106	PC	148.980705412973
1439	1149	PC	480.731944253306
1439	1271	PC	926.487212840933
1439	1401	PC	237.064537735374
1439	1439	PC	2901.17981250331
1439	1441	PC	228.342708422065
1439	1504	PC	260.835295088295
1439	1517	PC	670.291495748711
1439	1671	PC	13.0021939224634
1439	1702	PC	49.0585549574982
1439	1804	PC	441.207523988647
1439	1813	PC	2.02193856429545
1439	1820	PC	1.53630813054418
1439	1865	PC	67.064836478145
1439	1868	PC	51.7799652214826
1439	1870	PC	17.1833893329041
1439	1901	PC	2.83261621374301
1439	1931	PC	4.55333635354298
1439	1971	PC	619.898024502301
1439	2014	PC	10.4560613236055
1439	2019	PC	3.1088760721049
1439	2023	PC	23.6303182867228
1439	2028	PC	506.066771563098
1439	2030	PC	312.814931762711
1439	4001	PC	617.209217802941
1439	4002	PC	1.43474743786327
1439	4004	PC	11.3132492415219
1439	4005	PC	26.0932734032734
1439	5101	PC	18367.6228834392
1439	5102	PC	2175.0356675414
1439	5103	PC	92.4615015511886
1439	5104	PC	48.8876904753411
1439	5106	PC	237.339109498982
1439	5201	PC	1252.56639653103
1439	5302	PC	117.182731293513
1439	5402	PC	10.819058457369
1439	5403	PC	8238.79378625333
1439	5404	PC	4629.73549399875
1439	5501	PC	951.348079994858
1439	5605	PC	2164.71292541995
1439	5700	PC	278.952099076416
1439	5710	PC	25.4492312200547
1439	5720	PC	106.915253517811
1439	5730	PC	635.008588239485
1439	5750	PC	811.301851197084
1439	5760	PC	1562.03610499874
1439	5770	PC	73.3315357130116
1439	5790	PC	14605.3728875283
1439	5800	PC	11820.6471415343
1439	5810	PC	1179.50799421915
1439	5820	PC	173.959407125342
1439	5830	PC	1187.07814681167
1439	5831	PC	1602.2887414499
1439	5835	PC	18724.3680513724
1439	5840	PC	894.191993173905
1439	5841	PC	19187.3185385357
1439	5842	PC	521.084327793741
1439	5860	PC	22.549978619691
1439	5900	PC	11631.5591197586
1439	5920	PC	14693.0710275858
1439	5930	PC	98.0240705065784
1439	6000	PC	43446.7232733533
1439	6010	PC	8209.10726760012
1439	6020	PC	99299.4706428891
1439	6030	PC	3258.91933919079
1439	6040	PC	414.90770351246
1439	6050	PC	41.6608144920298
1441	5101	PC	38.0314348621757
1441	5102	PC	10.3482487425738
1441	5605	PC	990.536877790243
1441	5700	PC	23.4140154100487
1441	5800	PC	50.7358577304849
1441	5841	PC	1.39117362678742
1441	5850	PC	845.566808340899
1441	6000	PC	28.6949487572654
1441	6020	PC	2165.40479251776
1441	6030	PC	1259.98669772449
1444	4004	PC	15.6281193139107
1444	5605	PC	86.2952758960162
1444	6020	PC	580.464804531323
1449	50	PC	112.141985295153
1449	58	PC	.65573271789751
1449	59	PC	32.4061621298717
1449	62	PC	.692929873693965
1449	3001	PC	.977753809506822
1449	4001	PC	106.281839093391
1449	5101	PC	110.895349188032
1449	5102	PC	658.371590407298
1449	5103	PC	40.5980386121311
1449	5104	PC	147.227405418249
1449	5201	PC	226.561499300929
1449	5204	PC	4.78249145954424
1449	5402	PC	41.0231489640906
1449	5404	PC	31.8630836552435
1449	5501	PC	131.635420484255
1449	5605	PC	180.153264953392
1449	5800	PC	448.977109894373
1449	5810	PC	19.9823120938557
1449	5820	PC	7.219436552152
1449	5831	PC	275.601166727096
1449	5840	PC	54.9306341284452
1449	5900	PC	785.070416929424
1449	6000	PC	84.0889531693465
1449	6010	PC	258.673272512069
1449	6020	PC	6882.1667522179
1449	6030	PC	8.51921145326813
1503	1124	PC	2488.66286420327
1503	1244	PC	1616.83082308514
1503	1502	PC	2849.18671276215
1503	1503	PC	8280.09001184598
1503	1504	PC	1160.29392153825
1503	1702	PC	5.27558896338611
1503	1750	PC	50.823871342024
1503	1804	PC	78.4411114021825
1503	1820	PC	775.919321360443
1503	1860	PC	441.918595747228
1503	1865	PC	393.765437735158
1503	1866	PC	11998.3312146019
1503	1868	PC	1412.7777892004
1503	1971	PC	101.953809404501
1504	50	PC	1.65235958492566
1504	58	PC	66.4717610054546
1504	105	PC	4.54619699011789
1504	211	PC	12.9510247693761
1504	219	PC	3.34571240313572
1504	228	PC	30.1251910313148
1504	230	PC	4.21110322076156
1504	231	PC	1.50055224333237
1504	301	PC	2.40165251642035
1504	302	PC	.958360867350116
1504	303	PC	2.54712078047906
1504	304	PC	.760801215118541
1504	305	PC	1.55566570021463
1504	306	PC	13.6678367972291
1504	310	PC	1.42067422289619
1504	412	PC	.672301238042317
1504	604	PC	1.01321352436547
1504	1071	PC	.613850429137136
1504	1101	PC	896.692593301127
1504	1102	PC	.818287595546766
1504	1106	PC	281.515430184919
1504	1119	PC	4.28964048499522
1504	1120	PC	2.69781613447847
1504	1124	PC	943.379820905718
1504	1135	PC	.651415445691658
1504	1149	PC	.763598668628751
1504	1154	PC	.716231061590776
1504	1172	PC	25.2761978552573
1504	1173	PC	.810610289703952
1504	1211	PC	1.24597364571237
1504	1221	PC	3061.76964116775
1504	1224	PC	1.04602317651897
1504	1228	PC	3.5276424387935
1504	1232	PC	.579970283472187
1504	1238	PC	4.6094301394847
1504	1244	PC	64.5352827881547
1504	1247	PC	.672205631180884
1504	1263	PC	1.23790635527463
1504	1271	PC	6861.93337054381
1504	1273	PC	3.83122432775164
1504	1275	PC	1.99275164726719
1504	1277	PC	108.748551322774
1504	1401	PC	1170.6745555033
1504	1438	PC	176.508342118912
1504	1439	PC	70.9294084150977
1504	1502	PC	2338.75942330697
1504	1503	PC	1308.36650280271
1504	1504	PC	26040.7772580294
1504	1511	PC	907.646511696319
1504	1514	PC	16.3067430598615
1504	1517	PC	772.497202397549
1504	1520	PC	919.473677425166
1504	1525	PC	1.25158603392245
1504	1531	PC	35.26376716745
1504	1534	PC	157.483596595339
1504	1563	PC	1225.81160772026
1504	1671	PC	551.944752443929
1504	1677	PC	1.09579797304081
1504	1702	PC	108.846925971331
1504	1703	PC	119.5992552215
1504	1750	PC	1386.0504225138
1504	1804	PC	388.579861496989
1504	1805	PC	248.046778690935
1504	1813	PC	4.50608400147737
1504	1820	PC	10.4036886843104
1504	1824	PC	12.8981792358264
1504	1851	PC	6.73160236095987
1504	1860	PC	440.844420701578
1504	1865	PC	281.843435792711
1504	1866	PC	221.006107820991
1504	1868	PC	1093.31812395014
1504	1870	PC	292.569798282908
1504	1901	PC	384.44913494161
1504	1931	PC	184.299780129035
1504	1941	PC	6.21168406448727
1504	1971	PC	1111.76489415594
1504	1972	PC	.59494292639577
1504	2002	PC	1.03797197334903
1504	2003	PC	1.01272243053554
1504	2004	PC	117.734790381961
1504	2012	PC	5.87493875395562
1504	2014	PC	51.6728813612139
1504	2018	PC	3.2101309406614
1504	2019	PC	9.57900618565632
1504	2022	PC	2.14845222603781
1504	2028	PC	3.85838639594291
1504	2030	PC	5.71536797459142
1504	2301	PC	13548.6198052272
1504	4001	PC	2517.5723749382
1504	4002	PC	10.4471767304977
1504	4004	PC	59.6587093233514
1504	4005	PC	135.229108430316
1504	5101	PC	4531.70596361814
1504	5102	PC	199.602905782136
1504	5104	PC	28.7094812784729
1504	5106	PC	45.085963822749
1504	5201	PC	565.802035108686
1504	5204	PC	48.7222209480273
1504	5302	PC	382.891159249625
1504	5403	PC	7293.88405716276
1504	5404	PC	292.244844497487
1504	5501	PC	24.7203654289298
1504	5605	PC	6517.21961824872
1504	5700	PC	731.608324167662
1504	5710	PC	998.578463246438
1504	5720	PC	2.69707725797543
1504	5730	PC	112.573659463322
1504	5750	PC	576.838731097548
1504	5760	PC	63.3226834481188
1504	5770	PC	11.193403639819
1504	5790	PC	4854.96186639013
1504	5800	PC	12828.2535433366
1504	5810	PC	102.766105797957
1504	5820	PC	597.532669331468
1504	5831	PC	34.2731359066838
1504	5835	PC	5368.249781813
1504	5840	PC	1630.46315532929
1504	5841	PC	568.007668644951
1504	5842	PC	23.4528457215255
1504	5850	PC	156.437943231668
1504	5860	PC	1.59905766283128
1504	5880	PC	12.0728853543762
1504	5890	PC	15.2443497189916
1504	5900	PC	613.441160999756
1504	5920	PC	16486.285569829
1504	6000	PC	18576.5726806436
1504	6010	PC	2177.85683862346
1504	6020	PC	82468.7082794961
1504	6030	PC	2526.3831826604
1504	6040	PC	165.747656944672
1511	50	PC	252.731744464045
1511	52	PC	87.9366966432656
1511	56	PC	32.3735174621594
1511	58	PC	2138.67336750723
1511	5102	PC	90.8588325615605
1511	5201	PC	49.4548075967988
1511	5204	PC	23.0022360915343
1511	5404	PC	28.5344868552158
1511	5605	PC	244.947191416401
1511	5800	PC	127.358908581808
1511	5810	PC	23.0022360915343
1511	5820	PC	71.136544949745
1511	5920	PC	92.8821774029455
1511	6010	PC	105.148971733426
1511	6020	PC	464.804906799629
1511	6030	PC	5409.20157961188
1511	6050	PC	33.9091297049368
1515	50	PC	4.73462692884081
1515	230	PC	125.47517862654
1515	235	PC	54662.6293617392
1515	305	PC	31.0283851593198
1515	306	PC	15.6877089788909
1515	602	PC	.870853292973624
1515	624	PC	89.0694389982359
1515	1245	PC	437.606172691841
1515	1401	PC	1.55812938418123
1515	1439	PC	1096.3331706502
1515	1504	PC	1019.26631088328
1515	1511	PC	214.341554107815
1515	1525	PC	1266.46269271486
1515	1529	PC	4.5993710690864
1515	1531	PC	80.5977741792779
1515	1532	PC	668.430753784369
1515	1545	PC	62.8559491218608
1515	1547	PC	222.708665064823
1515	1671	PC	30.7321465252924
1515	3001	PC	26.3120022847051
1515	4001	PC	417.18708333514
1515	4002	PC	53.0521017411137
1515	4005	PC	25.0905409515111
1515	5101	PC	42.9790391860293
1515	5102	PC	46.5901772687327
1515	5204	PC	31.5332968938159
1515	5402	PC	2.04464320813638
1515	5403	PC	322.099460055085
1515	5605	PC	1378.91696383222
1515	5700	PC	253.571965032389
1515	5710	PC	146.790473487466
1515	5730	PC	107.34376842716
1515	5790	PC	12.6416455853057
1515	5800	PC	47.3878011035734
1515	5810	PC	5.56739306882136
1515	5820	PC	44.998124354064
1515	5840	PC	47.7200556248956
1515	5841	PC	613.214056160203
1515	5850	PC	200.942635871291
1515	5860	PC	33.7366129342503
1515	5900	PC	17.4753099195406
1515	5920	PC	82.0498280731729
1515	5930	PC	886.609476046477
1515	6010	PC	208.280988135493
1515	6020	PC	4824.43149224818
1515	6030	PC	900.246820277411
1515	6040	PC	34.7493502732804
1515	6050	PC	12.8471748244569
1517	626	PC	.693733293138991
1517	1119	PC	3.4034668740669
1517	1677	PC	2.94829085924086
1517	1719	PC	6.90043794810765
1517	1804	PC	5.14680429254072
1520	6050	PC	12.2432469655156
1525	58	PC	63.1009474522062
1525	104	PC	73.9269695876135
1525	214	PC	1326.5022877638
1525	227	PC	1.51129912609891
1525	230	PC	.612834137217115
1525	231	PC	64.8743336281021
1525	305	PC	20.8168998664465
1525	306	PC	8.69966407496942
1525	310	PC	30.1016549984645
1525	906	PC	1.62740806562176
1525	1124	PC	779.401885671445
1525	1271	PC	26.6268770274031
1525	1274	PC	4.00002884632847
1525	1277	PC	602.081829322347
1525	1401	PC	65.2763149526699
1525	1503	PC	57.257254056698
1525	1504	PC	232.681420495137
1525	1515	PC	.945028388221753
1525	1525	PC	13.0695001634353
1525	1526	PC	.760621734193963
1525	1531	PC	2.93042087970048
1525	1547	PC	3.62897980099835
1525	1653	PC	311.306614515924
1525	1671	PC	109.197197729551
1525	1674	PC	.747126512716979
1525	1677	PC	806.974886386542
1525	1804	PC	.757069017685379
1525	1805	PC	299.323460242453
1525	1860	PC	112.354070903162
1525	1926	PC	8.25496984220709
1525	1972	PC	.75172958908772
1525	5101	PC	411.010055231292
1525	5102	PC	47.4920125860891
1525	5104	PC	23.0264303447705
1525	5106	PC	30.0793406762983
1525	5201	PC	518.464598096671
1525	5402	PC	36.9584867417985
1525	5501	PC	20.7781552708297
1525	5700	PC	46.3673420298978
1525	5720	PC	8.66476045566178
1525	5790	PC	27.7372542194714
1525	5800	PC	44.5177653332229
1525	5820	PC	295.387525824172
1525	5860	PC	27.3225652655772
1525	5880	PC	99.0136504825131
1525	5920	PC	480.497638988847
1525	6000	PC	53.3061862481437
1525	6010	PC	271.465623188216
1525	6020	PC	679.370308438289
1525	6030	PC	2522.50813292414
1525	6040	PC	28.1242261738766
1525	6050	PC	1213.93208700746
1531	826	PC	3662.28976427262
1531	1271	PC	5.50210295230877
1531	1426	PC	21.0271975466337
1531	1503	PC	19.7086646000463
1531	1504	PC	2120.12998230664
1531	1515	PC	43.6208891572691
1531	1531	PC	12588.6731238098
1531	1532	PC	34.7152088682419
1531	5404	PC	24.945299540168
1531	5790	PC	1475.39720357233
1531	5820	PC	58.3336235400852
1531	5831	PC	41.5754992336134
1531	5835	PC	1041.66880310597
1531	5860	PC	.862425099487006
1531	5900	PC	191.183334168108
1531	5920	PC	63.0028719155526
1531	6000	PC	3307.98124748349
1531	6010	PC	245.247473748434
1531	6020	PC	25628.9286721816
1531	6030	PC	199.349188632967
1532	58	PC	17.8678703244768
1532	5102	PC	113.980830206614
1532	5800	PC	4.7758522196561
1532	5920	PC	22.0883165159095
1532	6010	PC	43.5199533516162
1532	6030	PC	3161.8444337158
1532	6050	PC	342.763340220095
1545	5403	PC	44.7116096956522
1545	5605	PC	878.051914013895
1545	5750	PC	325.756013496894
1545	5800	PC	623.740794562111
1545	5810	PC	97.6842215636439
1545	5820	PC	315.627769338694
1545	5840	PC	46.8407339668737
1545	5920	PC	329.264810295867
1545	6000	PC	201.202243630435
1545	6020	PC	129.876580544513
1547	6020	PC	452.86473248882
1547	6030	PC	117.657536351973
1548	50	PC	12.0540370615207
1548	56	PC	548.845654635486
1548	58	PC	28.9752522070538
1548	538	PC	36.7797141364962
1548	545	PC	124.317798175434
1548	719	PC	23.9356729513342
1548	1026	PC	37.5824129125475
1548	1106	PC	245.166672268725
1548	1221	PC	118.889023595431
1548	1417	PC	31.3282089109151
1548	1502	PC	11.3519616162161
1548	1528	PC	268.891114731293
1548	1636	PC	23.7845988279635
1548	1702	PC	741.05495675598
1548	1822	PC	19.7773136102077
1548	1824	PC	28.4162296597925
1548	1867	PC	121.489855728568
1548	3001	PC	22.0961279131394
1548	4001	PC	536.683014226482
1548	4002	PC	4.49860651379848
1548	4004	PC	37.8248014543065
1548	4005	PC	184.736831209244
1548	5101	PC	1576.85604932006
1548	5102	PC	73.9828101764058
1548	5103	PC	66.0241436505797
1548	5106	PC	155.986031482503
1548	5201	PC	300.359819189764
1548	5204	PC	10.1346315310145
1548	5402	PC	23.239391420383
1548	5403	PC	923.794019856819
1548	5404	PC	2015.86444105177
1548	5501	PC	30.4645746347733
1548	5605	PC	7507.98414571527
1548	5700	PC	369.33173539385
1548	5710	PC	1362.18922379842
1548	5720	PC	69.4381944194834
1548	5730	PC	177.526381734451
1548	5750	PC	147.761224422774
1548	5760	PC	557.71452178726
1548	5790	PC	1358.53777567327
1548	5800	PC	2850.78136189285
1548	5820	PC	49.6873731174969
1548	5831	PC	686.331725325346
1548	5835	PC	1235.74372701698
1548	5840	PC	292.277663456207
1548	5841	PC	950.536885265497
1548	5842	PC	183.211143538613
1548	5850	PC	196.859894679278
1548	5900	PC	140.437036929772
1548	5920	PC	5698.70543901371
1548	6000	PC	2591.50618920271
1548	6010	PC	757.109138911427
1548	6020	PC	37877.3262455232
1548	6030	PC	1162.30064984333
1548	6040	PC	42.163047943
1548	6050	PC	3.71745097755279
1554	50	PC	5.6094280639068
1554	54	PC	1.45291637708402
1554	58	PC	2.29912042088021
1554	62	PC	1.38372988293716
1554	137	PC	14.7462431409383
1554	211	PC	155.686085451391
1554	301	PC	9.12806214148216
1554	306	PC	29.2097988527429
1554	309	PC	91.2806214148216
1554	822	PC	57.5050088479152
1554	1071	PC	125.092530732084
1554	1106	PC	74.090205412136
1554	1119	PC	20.1140139784306
1554	1124	PC	19856.0179216316
1554	1221	PC	135.635558564969
1554	1244	PC	4635.32682645072
1554	1263	PC	127.48132701098
1554	1271	PC	1039.61462959888
1554	1401	PC	228.037506558363
1554	1416	PC	528.934330270639
1554	1439	PC	975.591789915713
1554	1502	PC	14006.8030900461
1554	1503	PC	130952.588322712
1554	1504	PC	3094.63907368434
1554	1515	PC	32.6656180105244
1554	1520	PC	78.3297579780889
1554	1554	PC	3104.13133751733
1554	1671	PC	189.751426365885
1554	1702	PC	19271.7264832494
1554	1703	PC	8875.20943591353
1554	1719	PC	259.189745418989
1554	1750	PC	7799.93953486043
1554	1804	PC	2726.35156196852
1554	1813	PC	170.750200203662
1554	1820	PC	3298.04378654004
1554	1837	PC	343.382723151628
1554	1865	PC	306.612020849777
1554	1866	PC	35183.0285102615
1554	1901	PC	7.30135282711114
1554	1971	PC	858.37673386654
1554	2030	PC	4.40265338778504
1554	3001	PC	11.0719678787018
1554	4001	PC	200.862229807158
1554	4004	PC	.97393295606731
1554	4005	PC	2.48645615887785
1554	5501	PC	.639708968957873
1554	5605	PC	27.7224960008449
1554	5810	PC	164.425428766616
1554	5860	PC	252.663754586314
1554	6010	PC	35.2318916347847
1554	6050	PC	.843010820989409
1557	1401	PC	132.337427061475
1557	1502	PC	1787.15995717111
1557	1503	PC	71.3130196028792
1557	1504	PC	239.087615008712
1557	1702	PC	20.3960079841095
1557	1703	PC	9.86218284957394
1563	1124	PC	189.777037187421
1563	1244	PC	5834.93612241698
1563	1502	PC	819.149234197477
1563	1503	PC	20528.9204553334
1563	1504	PC	437.83355434428
1563	1563	PC	1.48296376061021
1563	1702	PC	2739.25763919433
1563	1703	PC	97.0468049032012
1563	1719	PC	3.84149348216964
1563	1804	PC	145.252040683095
1563	1820	PC	754.645179398869
1563	1865	PC	381.553688903242
1563	1866	PC	791.458789365253
1563	1901	PC	5.66135547420337
1569	1124	PC	880.471058195897
1569	1244	PC	729.40123410113
1569	1401	PC	109.728423908357
1569	1502	PC	2101.87173703812
1569	1503	PC	184.006884396595
1569	1504	PC	180.072605906746
1569	1702	PC	1520.95229814421
1569	1750	PC	76.2358070130361
1569	1820	PC	533.090085240331
1569	1837	PC	459.138437517222
1569	1866	PC	8630.19773138172
1569	1868	PC	1387.99221395127
1573	5101	PC	159.022495777548
1573	5102	PC	205.728701364688
1573	5201	PC	22.1396781269946
1573	5403	PC	4689.39670881791
1573	5404	PC	1214.70195569838
1573	5501	PC	5.53491953174865
1573	5750	PC	198.661034885686
1573	5800	PC	2646.22373997698
1573	5841	PC	34.4868063132031
1573	5920	PC	311.339223660861
1573	6000	PC	1122.41781658249
1573	6020	PC	4720.56256341206
1573	6040	PC	21.2881520451871
1612	1101	PC	38.7318388258676
1612	1244	PC	824.81080786501
1612	1504	PC	615.497380623047
1612	1833	PC	63.197467005823
1612	1866	PC	3837.84212314414
1617	52	PC	17.3892325915673
1617	58	PC	44.268066672978
1617	235	PC	666.922960084847
1617	305	PC	32.9882460995405
1617	402	PC	23.2589927171819
1617	720	PC	67.6092277751075
1617	1124	PC	34.3190658754759
1617	1244	PC	48.573861952625
1617	1245	PC	30.7623723410881
1617	1271	PC	4.98972094068613
1617	1401	PC	3.67627989876195
1617	1502	PC	15.0167927425838
1617	1503	PC	18201.6016457619
1617	1504	PC	45.3234331149163
1617	1520	PC	25.3198273140529
1617	1671	PC	1.64240429995799
1617	1702	PC	2138.88874100259
1617	1866	PC	803.266460522419
1617	1870	PC	31.6155096384178
1617	4001	PC	27.0508671677596
1617	4005	PC	3.67039535160586
1617	5101	PC	397.861239357696
1617	5605	PC	196.399809958243
1617	5800	PC	60.9061237384379
1617	5810	PC	42.5060631985098
1617	5820	PC	77.4416020691805
1617	5841	PC	12.5616208889312
1617	5900	PC	82.7041048658789
1617	5920	PC	1.22880775963515
1617	6010	PC	20.5830642381321
1617	6020	PC	168.780485635591
1617	6030	PC	594.421328588935
1620	301	PC	503.167885075953
1620	1274	PC	.757387115417831
1620	1620	PC	58883.2209344107
1620	1677	PC	10.8028396282327
1620	1971	PC	5.2947528804412
1620	6020	PC	1.92228274746403
1632	1525	PC	39.0284596333092
1640	62	PC	1.06435723117943
1663	5102	PC	121.072554678903
1663	5403	PC	53.325868755081
1663	5800	PC	87.5000899680711
1663	5850	PC	183.834477521018
1663	6020	PC	235.218507918071
1671	1102	PC	114.259438909716
1671	1124	PC	11.194627511758
1671	1130	PC	7.15729988504012
1671	1271	PC	201.390722296545
1671	1401	PC	10.6028470017883
1671	1416	PC	19.7086136710495
1671	1439	PC	1.55060785422632
1671	1502	PC	31.5463226395997
1671	1503	PC	15.6266228464347
1671	1504	PC	22.235720398426
1671	1531	PC	823.337342535664
1671	1703	PC	49.4322918270352
1671	1750	PC	155.601698407015
1671	1804	PC	717.343073874605
1671	1805	PC	275.278454546454
1671	1813	PC	3.50726071115239
1671	1820	PC	201.15989427074
1671	1860	PC	427.957808770199
1671	1865	PC	389.079797909097
1671	1868	PC	6.05370928615659
1671	1870	PC	87.2573256305849
1671	1901	PC	158.540358155491
1671	1931	PC	662.700463928153
1671	1971	PC	6460.2823975378
1671	2003	PC	179.836348681439
1671	2004	PC	46.338835524808
1671	2012	PC	8.10679922361731
1671	2014	PC	19.4042479160015
1671	2028	PC	8.60363122389988
1671	2030	PC	24.4231961070415
1675	1251	PC	41.8330702400026
1675	1271	PC	36.4496229156507
1675	1416	PC	29.0702051647981
1675	1503	PC	75.0590244918913
1675	1702	PC	100.719463013441
1675	1719	PC	32.5386413837257
1675	1750	PC	174.737182353509
1675	1804	PC	533.02930186839
1675	1805	PC	12.3615094771411
1675	1820	PC	44.2551767395628
1675	1860	PC	305.828339757949
1675	1870	PC	81.1696052377534
1675	1901	PC	268.695022588202
1675	1931	PC	435.947542129875
1675	1941	PC	9.88783255834075
1675	1971	PC	5863.16472944183
1675	2012	PC	236.110527387854
1675	2014	PC	17.3616955037908
1675	2018	PC	2.57198274178006
1675	2025	PC	633.493714767218
1675	2030	PC	66.7899648641542
1750	50	PC	2.71796428294017
1750	4001	PC	32.5205801332335
1750	5102	PC	20.4856981658237
1750	5403	PC	47.6520012518193
1750	5605	PC	1.72100399748984
1750	5700	PC	18.0416782651362
1750	5710	PC	430.875599041938
1750	5790	PC	28.7406521422312
1750	5800	PC	371.709240967063
1750	5831	PC	266.117149465104
1750	5835	PC	2137.2613401561
1750	5920	PC	1673.3808277689
1750	6000	PC	2029.42215544405
1750	6020	PC	860.009727457777
1750	6030	PC	101.597140854189
1804	235	PC	183.617041162574
1804	309	PC	4.42358049047149
1804	1172	PC	9.3617739963888
1804	1275	PC	6.65578322777225
1804	1677	PC	27.9474325885566
1804	1971	PC	2.69437676317895
1804	5700	PC	20.1201971289673
1804	5880	PC	18.503984572706
1804	5900	PC	20.4393964488346
1804	6020	PC	296.935167306534
1805	1503	PC	30.3385788572509
1805	1866	PC	26.6171130491168
1813	1502	PC	79.3717068551595
1813	1820	PC	32.966545435457
1818	1845	PC	46191.3689698097
1834	4001	PC	63.3029601583933
1834	4004	PC	1.89752613616907
1834	5700	PC	38.8796195542004
1834	5831	PC	20.5847036979148
1834	6020	PC	121.342810008566
1835	1627	PC	2935.61982709446
1835	1834	PC	3475.59770613101
1835	5404	PC	25.7043036260886
1835	5800	PC	798.853188127918
1835	5840	PC	122.14327901727
1835	5841	PC	224.811667942317
1835	6030	PC	8.11949839106967
1841	1804	PC	.883196924567496
1841	1974	PC	.79984678733671
1848	5201	PC	1.43214094847118
1848	5700	PC	305.978084038374
1848	5800	PC	161.709567437961
1848	5810	PC	19.5701103010627
1848	5831	PC	198.855856288649
1848	5842	PC	21.6491618711316
1848	5920	PC	61.4011811696692
1848	6000	PC	42.2992298710785
1848	6010	PC	83.2259026667278
1848	6020	PC	1152.25102484556
1851	58	PC	19.9373248149306
1851	101	PC	1.65546840279875
1851	625	PC	1.64724493085018
1851	3001	PC	9.53124966811787
1851	4001	PC	467.939780476741
1851	4005	PC	25.2185403245524
1851	5102	PC	31.8052332935645
1851	5201	PC	16.6085740319274
1851	5204	PC	2.1631054369292
1851	5403	PC	734.957618654872
1851	5404	PC	3888.55743363478
1851	5605	PC	514.125030576827
1851	5710	PC	388.538526977606
1851	5730	PC	18.0435684140316
1851	5760	PC	1.69821820367356
1851	5790	PC	26.8658119821158
1851	5800	PC	42.4554550918391
1851	5810	PC	.764198191653103
1851	5820	PC	87.2226097134288
1851	5830	PC	84.1467119920251
1851	5835	PC	127.366365275517
1851	5840	PC	35.3112633862599
1851	5841	PC	183.635764067863
1851	5900	PC	83.7391396231434
1851	5920	PC	208.630351866806
1851	6000	PC	162.139505768488
1851	6010	PC	386.488989883048
1851	6020	PC	9548.39318088396
1851	6030	PC	208.598510275488
1851	6040	PC	124.056962551108
1856	4002	PC	21.4537506137496
1857	1804	PC	.644469363163618
1857	1874	PC	.912238281820801
1857	5605	PC	303.225778763978
1857	5800	PC	19.7936389591142
1857	5835	PC	12975.0921569061
1857	5920	PC	2840.11050535711
1859	101	PC	34.7663228913468
1859	104	PC	154.981362621706
1859	235	PC	16.4337838752312
1859	303	PC	8.21345401232404
1859	305	PC	89.4353881341951
1859	306	PC	537.895087800695
1859	309	PC	.912606001369338
1859	1074	PC	4.51429338661697
1859	1273	PC	115.891344683214
1859	1504	PC	25.1133141460384
1859	1671	PC	10.6944253795045
1859	1871	PC	.754419743571922
1859	1971	PC	554.102695473547
1859	1972	PC	134.51882859515
1859	2028	PC	384.211138071825
1860	1504	PC	11791.4096436297
1860	1866	PC	1420.33910750436
1860	2004	PC	92.7949638013865
1860	2028	PC	1.2825359878411
1860	5710	PC	26.5554014293406
1860	5880	PC	6.54467094615872
1865	55	PC	33.7343201615011
1865	1106	PC	6.75153232394607
1865	1422	PC	114.518210264906
1865	1439	PC	180.43458354305
1865	1804	PC	11976.8955736565
1865	1805	PC	1.00735212554829
1865	1834	PC	54.8208281061147
1865	1860	PC	12.0404465593891
1865	1865	PC	345.272827927185
1865	1868	PC	100.351978856135
1865	2018	PC	394.796496207129
1865	2028	PC	183.219426834442
1865	4001	PC	325.31803386028
1865	5403	PC	1.27700896510414
1865	5710	PC	17.3013431288859
1865	5840	PC	95.8991165827707
1865	5841	PC	98.1541015803171
1865	5842	PC	54.0100300049421
1866	58	PC	118.019494855613
1866	104	PC	12.8546066524783
1866	106	PC	.699315308479898
1866	211	PC	601.826827264771
1866	213	PC	31.4335264376477
1866	214	PC	38.3556094845261
1866	215	PC	2.71785772897564
1866	230	PC	3.94959163275064
1866	233	PC	1.08341070437661
1866	235	PC	152.175532522214
1866	306	PC	.902164012569867
1866	309	PC	778.863634057433
1866	412	PC	322.878052923196
1866	542	PC	80.0569274727627
1866	709	PC	303.094534791019
1866	926	PC	170.561250101793
1866	1102	PC	19.9835909994229
1866	1122	PC	199.044746537367
1866	1124	PC	.588873727967892
1866	1173	PC	7.17617648320354
1866	1271	PC	40.5513355922861
1866	1276	PC	361.830203420169
1866	1277	PC	25.232061692715
1866	1502	PC	66.3787609983797
1866	1504	PC	51.0890506019315
1866	1531	PC	97.9588881481711
1866	1653	PC	14.1690020847923
1866	1671	PC	2.08789169970776
1866	1673	PC	75.7733607529612
1866	1677	PC	371.573690715519
1866	1805	PC	8.13742263607413
1866	1901	PC	2.26456573882191
1866	1925	PC	.686757224560144
1866	1971	PC	108.618546422785
1866	1972	PC	1.81521096579643
1866	1973	PC	64.2656255269416
1866	4001	PC	13.5487961566528
1866	5201	PC	1384.16236054354
1866	5404	PC	5.50964537779166
1866	5700	PC	498.129759418676
1866	5800	PC	166.272467424502
1866	5820	PC	45.0847139131795
1866	5831	PC	980.164212201304
1866	5900	PC	158.912456961306
1866	5920	PC	41.4477527860955
1866	6000	PC	62.7784979119209
1866	6010	PC	377.062104273035
1866	6020	PC	987.895145935497
1866	6030	PC	324.062589216257
1867	441	PC	2724.43634019569
1867	1833	PC	136.884019848811
1867	1857	PC	1405.33066708492
1868	59	PC	26.6512090072345
1868	1439	PC	1.54615497883025
1868	1677	PC	.919044299002246
1868	1971	PC	1.26262778735006
1868	1974	PC	1.11948103238886
1868	2019	PC	.976069769831794
1868	4001	PC	73.0304345080201
1868	5101	PC	64.1601605259504
1868	5403	PC	1741.63142613224
1868	5605	PC	26.8807775646425
1868	5800	PC	20.5655166011321
1868	5830	PC	31.416882208241
1868	6020	PC	10259.8662766864
1868	6030	PC	274.059156397133
1870	50	PC	20.6250343752749
1870	51	PC	5.14403619377154
1870	1271	PC	4.91156399519199
1870	1504	PC	23.7715968510446
1870	1835	PC	.531218190624413
1870	1931	PC	3.25188447522258
1870	1971	PC	10.4717356898538
1870	1973	PC	.666182975011731
1870	4001	PC	378.587247235445
1870	4005	PC	49.506034278074
1870	5201	PC	109.831549641395
1870	5204	PC	74.8744226890519
1870	5403	PC	1090.88534000265
1870	5605	PC	573.365540022167
1870	5700	PC	21.220212116703
1870	5710	PC	250.610216202261
1870	5800	PC	169.524688654448
1870	5831	PC	721.392621219711
1870	5840	PC	206.723297493705
1870	5841	PC	38.3730220611821
1870	5842	PC	23.8761927878259
1870	5930	PC	.976729186379348
1870	6020	PC	11869.5297924657
1870	6030	PC	120.265228012109
1871	1531	PC	54.611242083121
1917	1525	PC	6.93579780080906
1919	1919	PC	8368.05499581987
1923	1525	PC	3.88092117103298
1928	1971	PC	28664.7604203107
1929	231	PC	38.3048544043335
1929	1504	PC	15.3897527129044
1929	1674	PC	5.67265480572637
1929	1901	PC	3.45470457630042
1931	58	PC	125.600657049016
1931	1926	PC	1.9405523418221
1931	1931	PC	13.3518744628693
1931	1938	PC	6713.33363585558
1931	1971	PC	1431.25147419027
1931	3001	PC	1.50230158925776
1931	4001	PC	253.178696744742
1931	4004	PC	1.67603714719913
1931	5101	PC	28.0672394461453
1931	5102	PC	1.9594170801393
1931	5201	PC	32.9854721062886
1931	5204	PC	36.2263330563288
1931	5403	PC	54.3709833271432
1931	5404	PC	7.97100037839271
1931	5501	PC	56.3728870541327
1931	5605	PC	859.224047873086
1931	5700	PC	48.1648346249994
1931	5710	PC	40.6592348155794
1931	5790	PC	18.5043049186865
1931	5800	PC	2.12864430216111
1931	5820	PC	160.318845617264
1931	5840	PC	68.5040309321488
1931	5841	PC	109.968957616096
1931	5842	PC	16.1776966964244
1931	5850	PC	37.6738111817984
1931	5920	PC	140.786405500634
1931	6010	PC	96.5893638548625
1931	6020	PC	1918.85044135087
1931	6030	PC	1145.34261050941
1936	4001	PC	80.417306474848
1938	1243	PC	.858329218759243
1938	1439	PC	25.4713493067075
1938	1503	PC	7.78678109254481
1938	1671	PC	1.80855023346388
1938	1804	PC	21.200214438489
1938	1813	PC	8.11057881901066
1938	1815	PC	2.93225586267862
1938	1828	PC	11.6673232286128
1938	1860	PC	.968588354347416
1938	1874	PC	3.03957404433219
1938	1901	PC	2.18340305578769
1938	1931	PC	3.99504741690836
1938	1941	PC	.619934070948391
1938	1971	PC	1.38728903662316
1938	1974	PC	1.01665911353094
1938	2003	PC	6.02294341718443
1938	2028	PC	1.46389001154968
1973	58	PC	29.5030327423419
1973	1101	PC	378.449531082158
1973	1119	PC	42.085113397613
1973	1271	PC	536.914067808146
1973	1439	PC	72.2386537342811
1973	1504	PC	14.6245054606421
1973	1515	PC	38.1357482548035
1973	1627	PC	8088.82670143222
1973	1971	PC	109.417890730254
1973	3001	PC	45.9081632632109
1973	4001	PC	507.883753798528
1973	4004	PC	1143.01857520699
1973	4005	PC	103.648854442039
1973	5101	PC	1599.77822468526
1973	5102	PC	640.05252609713
1973	5104	PC	25.5631172900179
1973	5201	PC	2188.43503834092
1973	5403	PC	886.87294457135
1973	5404	PC	46.3299546984962
1973	5501	PC	198.677612707906
1973	5605	PC	1338.60198559292
1973	5700	PC	27.4356156315117
1973	5710	PC	3823.06324780168
1973	5730	PC	115.034027805081
1973	5750	PC	41.5400655962791
1973	5790	PC	28.4389679851449
1973	5800	PC	5248.08348165328
1973	5810	PC	545.891848689236
1973	5830	PC	1685.41147221716
1973	5831	PC	1486.99588146147
1973	5835	PC	15632.364941101
1973	5840	PC	126.369140063429
1973	5841	PC	1303.59329646424
1973	5850	PC	312.087317435184
1973	5900	PC	3723.56626965949
1973	5920	PC	8098.14099143467
1973	6000	PC	3989.13936492572
1973	6010	PC	28.2259420077281
1973	6020	PC	12677.145027308
1973	6030	PC	127.81558645009
1973	6050	PC	30.4691055499272
1974	227	PC	182.246225289474
1974	1972	PC	2.45726619012859
1974	3001	PC	61.4026077306231
1974	4001	PC	.958616898375672
1974	4004	PC	1.04595754911657
1974	5840	PC	21.4293481982446
1974	5842	PC	22.5711674371987
2002	1504	PC	5.00321475441123
2002	1860	PC	159.108996156116
2002	1865	PC	2.13455099310226
2002	1866	PC	40.3179534237563
2002	1941	PC	1.0256329365468
2002	1971	PC	1.01284320393526
2002	1974	PC	10.9947747084329
2002	2002	PC	31.0318577028274
2002	2004	PC	1.56057984285261
2002	2028	PC	65.0663071985425
2004	1504	PC	12623.5811021155
2004	2022	PC	1741.26331835301
2004	2028	PC	38.1681829225533
2004	5605	PC	35.3601860902853
2004	5710	PC	51.8838560722371
2004	5800	PC	8315.16437587716
2004	5840	PC	7636.61613732846
2004	5841	PC	1593.86028173072
2004	5842	PC	20.4074658210135
2004	6020	PC	4780.93886032988
2012	58	PC	4.15803757848895
2014	1938	PC	.8437950668935
2014	1971	PC	1.74186281402434
2014	5403	PC	99.5466131722706
2014	5710	PC	321.662155613915
2018	720	PC	2.74617482301142
2018	1149	PC	131.698268099858
2018	1271	PC	4.66662723151079
2018	1504	PC	1127.53753435419
2018	1620	PC	2.72031349121766
2018	1865	PC	7.10910015975621
2018	1971	PC	2.06531262403216
2018	2002	PC	1.303980675897
2018	2004	PC	13.3293260699833
2018	2018	PC	25.3096468224266
2018	2019	PC	34.3279719060964
2018	5800	PC	60.3561430544923
2019	2028	PC	.667943201144683
2019	3001	PC	.815235743995695
2022	1504	PC	445.561334830855
2022	1860	PC	127.968800802875
2022	1865	PC	61.8229235421753
2022	1866	PC	100.241387419265
2022	1868	PC	13.4751210678199
2022	1971	PC	1.40648529952011
2022	1974	PC	24.4339808020579
2022	2002	PC	98.8670904128017
2022	2004	PC	73.4587973980984
2022	2019	PC	20.6943604083352
2022	2028	PC	308.587928947471
2023	1860	PC	4.57606708443738
2024	4001	PC	23.2595838063192
2028	50	PC	39.6268884188199
2028	52	PC	25.7488753980465
2028	54	PC	2.44256427515908
2028	56	PC	124.125806541247
2028	58	PC	1555.79981093831
2028	301	PC	27.6218399133833
2028	2002	PC	399.004293164234
2028	2028	PC	6271.67819709214
2028	3001	PC	179.360680678333
2028	4001	PC	465.259643132301
2028	4002	PC	19.1157204142884
2028	4004	PC	174.440506640589
2028	4005	PC	32.0273275696728
2028	5101	PC	15.2596548129395
2028	5102	PC	99.2987336609561
2028	5103	PC	123.98668657601
2028	5201	PC	2414.4174388335
2028	5204	PC	138.348964513945
2028	5402	PC	375.602666451418
2028	5403	PC	1975.0192414528
2028	5404	PC	591.937398348855
2028	5501	PC	213.252852972867
2028	5605	PC	4749.26781541147
2028	5700	PC	650.90302392013
2028	5710	PC	632.171741883063
2028	5800	PC	21.2768588055705
2028	5840	PC	34.4815736739739
2028	5841	PC	9.15855404737908
2028	5842	PC	23.5463196125335
2028	5860	PC	4.20545849114345
2028	5880	PC	9.4962651080315
2028	6000	PC	21.6421814623769
2028	6010	PC	239.527410682306
2028	6020	PC	2692.52249728078
2028	6030	PC	1447.32022155616
2030	1971	PC	99.3520434700286
2030	2028	PC	.805094039956646
2030	2301	PC	91.8354041346653
2030	5830	PC	531.901181443624
2030	5831	PC	18.9888721775374
3001	1974	PC	1.03155084830147
4001	104	PC	62.9386269120361
4001	211	PC	35.9980329113931
4001	217	PC	51.9830617476014
4001	219	PC	157.99591571941
4001	231	PC	30.3766984125987
4001	301	PC	9.45739274759449
4001	302	PC	7.7641433903951
4001	306	PC	35.5062288422538
4001	307	PC	10.4915450425408
4001	309	PC	33.9840046711626
4001	310	PC	5.33278533525527
4001	402	PC	10.6933814572545
4001	502	PC	2.27684568838307
4001	822	PC	15.0705950334702
4001	1122	PC	1.25164097105571
4001	1271	PC	11.3013177488842
4001	1273	PC	3.90655404475413
4001	1401	PC	1.81507470154076
4001	1439	PC	4.2672848651448
4001	1504	PC	605.653360928271
4001	1525	PC	10.4598407177516
4001	1534	PC	.706786621412149
4001	1554	PC	5.44883615033527
4001	1671	PC	2.70585583557885
4001	1860	PC	14.6515268123682
4001	1865	PC	19.8550542466655
4001	1972	PC	37.2008101198483
4001	2028	PC	4.18656637326069
4002	1653	PC	7.39784804865871
4003	219	PC	4.99290030472792
4004	1071	PC	2.07609181151965
4005	1504	PC	35.6838910903302
5101	106	PC	22.0878299396186
5101	211	PC	19.8200886365158
5101	219	PC	3.33736500012197
5101	301	PC	3.60053023385577
5101	305	PC	1.1101634887722
5101	306	PC	33.0058606242983
5101	307	PC	.697102659165965
5101	402	PC	44.1597049068104
5101	625	PC	.803123344498295
5101	1071	PC	6.29882224368825
5101	1260	PC	4.80196209923996
5101	1504	PC	180.433085766438
5101	2028	PC	22.7370572579214
5102	312	PC	3.60053023385577
5102	1504	PC	61.6198899013219
5106	309	PC	1.31919427179327
5106	1271	PC	28.3591344984873
5201	402	PC	241.214962094106
5201	602	PC	.644234223396294
5201	1504	PC	5.90478074415785
5402	1271	PC	.788534021360232
5402	1504	PC	21.805654720968
5403	106	PC	399.761455945565
5403	211	PC	2.94458284046597
5403	220	PC	1.29667166397688
5403	228	PC	.728091112893781
5403	231	PC	12.7319306657797
5403	301	PC	175.21680338873
5403	305	PC	3.84356602464104
5403	306	PC	26.3428793970909
5403	309	PC	21.7812076202531
5403	822	PC	.571005037850323
5403	1101	PC	.623542882060194
5403	1106	PC	5.8897397174717
5403	1175	PC	4.40262831683081
5403	1216	PC	.624909230329522
5403	1271	PC	39.6052749303553
5403	1504	PC	432.22194398999
5403	1514	PC	129.005419105979
5403	1531	PC	44.8986296666046
5403	1545	PC	63.909128325195
5403	1677	PC	.601301296795301
5403	2028	PC	32.7395514225494
5404	231	PC	1.94087390855872
5404	309	PC	1.60023565949145
5404	1216	PC	.624909230329522
5404	1271	PC	4.4713691262119
5605	301	PC	2.20232432637511
5605	305	PC	1.96929000846167
5605	309	PC	3.3524937066346
5605	1173	PC	2.71938901071647
5605	1277	PC	.563811857512023
5605	1504	PC	703.096254551014
5605	1548	PC	1284.97176913879
5605	2028	PC	16.4641491499046
5700	301	PC	1.36520104700365
5700	1504	PC	255.646981913166
5700	1532	PC	140.765037321169
5700	1868	PC	170.241372116496
5700	1871	PC	1.88985427396944
5800	1439	PC	35.8981878785165
5800	1504	PC	23.7742485724525
5810	704	PC	2.16382610714269
5830	1504	PC	226.0950555041
5831	1504	PC	3506.90032528043
5831	1545	PC	971.102571621337
5831	1868	PC	2543.45108504972
5831	1972	PC	13.0710488395995
5840	1244	PC	2.19214146304603
5840	1271	PC	43.9311765844333
5840	1439	PC	6.25657521469793
5840	1504	PC	.8116571497478
5842	1504	PC	3.30767802702402
5842	2028	PC	43.3716228596791
5850	104	PC	17.7945007702269
5850	219	PC	.825239345484704
5850	220	PC	77.8800950179343
5850	307	PC	6.78099860709504
5850	402	PC	12.493434002559
5850	1271	PC	20.8961515660461
5850	1439	PC	5.55854390913903
5850	1441	PC	25.4815217902589
5850	1504	PC	171.884164221253
5850	1567	PC	95.3847188830531
5850	1663	PC	120.391492248104
5850	1804	PC	101.073272646876
5850	2028	PC	108.201155334634
5930	106	PC	130.831021945821
5930	402	PC	349.317127603648
5930	1271	PC	26.6857569569748
5930	1504	PC	927.685090560206
5930	1514	PC	549.927612795404
5930	1515	PC	91.4464776981393
5930	1804	PC	1263.41590808595
5930	1860	PC	455.51285552366
6020	104	PC	151.978911743026
6020	211	PC	406.650951761923
6020	219	PC	43.1986502970333
6020	220	PC	1353.45790334113
6020	301	PC	138.791439189555
6020	305	PC	4.09060240457503
6020	307	PC	68.9651561876458
6020	309	PC	6.28592569993987
6020	310	PC	11.4566871746716
6020	1271	PC	115.811169073542
6020	1503	PC	21.5614271216073
6020	1504	PC	744.336644402627
6020	1531	PC	284.181326613638
6020	2028	PC	134.693988298088
6030	220	PC	6.04647971309833
6030	402	PC	154.697585081616
6030	1271	PC	24.0773746980223
6030	1504	PC	742.84843949304
6030	1972	PC	25.3146233274612
6040	302	PC	18.5787360066958
6040	306	PC	55.668198004559
6040	1439	PC	19.0821589196697
6050	211	PC	22.4336597507776
