50	231	PC	636.004267173077
50	233	PC	.565590913946969
50	301	PC	139.940258764364
50	412	PC	297.162171030895
50	1034	PC	1.01036645156869
50	1102	PC	8.66096074321915
50	1253	PC	1.53824662882129
50	1277	PC	20.0454190450711
50	1416	PC	3.19435467507125
51	125	PC	109.748023643904
51	301	PC	14.1956034453606
51	1840	PC	46.7437091241808
51	1866	PC	1.84346978409156
51	1868	PC	.902877392980781
51	1922	PC	82.8367870752351
51	1931	PC	1.82967549760498
51	1933	PC	5.42480054215737
51	1939	PC	2114.03003447396
51	2004	PC	26.6222100308784
51	2020	PC	99.0237574277206
52	104	PC	73.8782230973218
52	106	PC	23.9608979900859
52	219	PC	14.6541294752566
52	230	PC	111.166180906381
52	231	PC	19.6662386566964
52	301	PC	60.9275299874875
52	605	PC	2.03585868878402
52	628	PC	23.9201325361092
52	704	PC	57.6325555272855
52	805	PC	224.561698327002
52	1721	PC	63221.1781298448
52	1804	PC	1.42205404246866
54	417	PC	24.1715883161229
54	1719	PC	34844.2569148406
55	106	PC	179.785102539676
55	301	PC	5242.66348202678
55	412	PC	39.7649198124525
55	426	PC	10099.0392278372
55	428	PC	19.8908291828801
55	1702	PC	115.157345853474
56	138	PC	3.3317572910652
56	235	PC	.746605099765738
56	301	PC	258.483011268755
56	1130	PC	1545.45329899623
56	1663	PC	1.64346864536809
56	1901	PC	.810599743720097
57	301	PC	26.498459764673
57	432	PC	51.3607235708534
57	602	PC	2251.10223125539
58	101	PC	378.227864185226
58	104	PC	70.408909386542
58	105	PC	121897.28409217
58	106	PC	165.992402470158
58	118	PC	32.6991577467417
58	124	PC	13.4549990512454
58	128	PC	197.090176515093
58	211	PC	18.266105565349
58	213	PC	14.7967305588362
58	219	PC	681.363324588697
58	220	PC	1.1236532162492
58	230	PC	611.107639535234
58	231	PC	22.9470967402895
58	235	PC	286.696358310043
58	301	PC	3907.50073184121
58	402	PC	12.3483285379802
58	412	PC	109.856697388505
58	427	PC	7.42802423914174
58	501	PC	32.8196570008631
58	502	PC	36.0664213762348
58	513	PC	1.77008312650044
58	528	PC	1.62062874461461
58	529	PC	34.8576661670511
58	602	PC	32.4995053218405
58	604	PC	3.47193072440132
58	605	PC	5.97054711614545
58	617	PC	12.3593617666123
58	626	PC	9.01517777616639
58	627	PC	2.50729869620609
58	628	PC	285.663475801601
58	704	PC	10.5197700720312
58	706	PC	24.5551451313217
58	709	PC	15.4213047911893
58	806	PC	23.6529223822749
58	906	PC	46.7469912317945
58	1032	PC	3.13582668241455
58	1034	PC	42.8632037877204
58	1101	PC	9.26288791845172
58	1102	PC	12.3754878806476
58	1106	PC	18.2908578580591
58	1121	PC	4.50364221296384
58	1173	PC	53.3771788188536
58	1221	PC	7.27589909742212
58	1241	PC	168.011755434377
58	1247	PC	2.84339173318828
58	1271	PC	41.2609534602373
58	1274	PC	1.83190193187013
58	1416	PC	370.545142308265
58	1420	PC	4.0850968979598
58	1449	PC	253.268610991608
58	1502	PC	4.21044587154657
58	1516	PC	2.83304535863849
58	1640	PC	134.380345914585
58	1663	PC	3.23943819693941
58	1677	PC	30.0867935023341
58	1702	PC	37.2614386811928
58	1703	PC	947.435480030488
58	1719	PC	87.2949558870173
58	1729	PC	58.3294697189679
58	1804	PC	27.8532985118195
58	1805	PC	14.7557475670074
58	1828	PC	23.2841060746431
58	1833	PC	626.513741492944
58	1841	PC	8.33925138061848
58	1901	PC	22.9701345982079
58	1925	PC	24.8190130323704
58	1931	PC	3.59531235279379
58	1939	PC	546.53402021139
58	1971	PC	26.2152198754613
58	2012	PC	17.5433998021205
59	106	PC	35.2458344106006
59	118	PC	8.72600381013051
59	125	PC	13.4819770424624
59	128	PC	148.945862769055
59	135	PC	33.6828550935494
59	214	PC	12.0515763652419
59	230	PC	6.50494738539084
59	235	PC	1136.32259232818
59	237	PC	16.6326874797306
59	301	PC	25.5047675234978
59	402	PC	122.873375535601
59	412	PC	20.5175261931573
59	415	PC	16.3128813850506
59	515	PC	15.8975675497487
59	605	PC	302.442468670319
59	706	PC	33.1276514197714
59	709	PC	27.2117951794436
59	719	PC	210.863194994508
59	1102	PC	230.169028394171
59	1149	PC	15.9951023322125
59	1211	PC	212.062676816661
59	1504	PC	49.0911709251656
59	1702	PC	246.030902477432
59	1743	PC	1.3587744272706
60	101	PC	107948.417603939
60	105	PC	11.2866135120546
60	106	PC	52.1046673790952
60	111	PC	.765411214392707
60	118	PC	138.270724186222
60	119	PC	220.150333362706
60	125	PC	486.391887545959
60	127	PC	142.707518765215
60	128	PC	298.154330885816
60	135	PC	581.833045769368
60	136	PC	86.8532914114624
60	137	PC	44.4136893423985
60	211	PC	47.8488420214964
60	213	PC	176.386122282669
60	219	PC	1878.59886867943
60	221	PC	14.373050607192
60	231	PC	16.1679173571879
60	233	PC	28.7588600312018
60	235	PC	2691.06549549868
60	237	PC	38.9068712976155
60	301	PC	755.773927430996
60	402	PC	3328.13727138009
60	412	PC	7713.81799883226
60	415	PC	113.913518490578
60	417	PC	470.728950258434
60	420	PC	17536.6677192683
60	427	PC	157.323884166092
60	430	PC	56.2371636822206
60	437	PC	92.2709244510123
60	438	PC	52.4040392975234
60	439	PC	19.8213112920506
60	511	PC	53.3960636047583
60	513	PC	15.8050045284247
60	516	PC	68.8945305295075
60	517	PC	55.879845212805
60	522	PC	62.072442390063
60	528	PC	53.1661559336215
60	538	PC	71.0936034749886
60	542	PC	86.6642637039513
60	605	PC	75.1897425348022
60	612	PC	31.1208232289521
60	706	PC	49.691477129657
60	709	PC	24252.391748413
60	719	PC	1131.41244142357
60	720	PC	115.585927967852
60	805	PC	1.10188199327533
60	904	PC	42.300738038168
60	906	PC	1.98842007693523
60	1102	PC	140.916934568012
60	1149	PC	31.1483571732559
60	1211	PC	61.9283270893171
60	1260	PC	36.0003271263913
60	1271	PC	52.933333832415
60	1273	PC	48.3391923383533
60	1416	PC	56.8573765241779
60	1449	PC	53.719372905415
60	1502	PC	1.50175640494987
60	1529	PC	15.7745301722508
60	1624	PC	168.277753358669
60	1640	PC	53.2319444382682
60	1644	PC	18.2304850519223
60	1812	PC	19.5556964505839
60	1826	PC	956.862472179284
61	426	PC	26.4307471326241
61	1640	PC	53.9631778951667
61	1833	PC	1370.97886089758
62	101	PC	264.725513466707
62	104	PC	32.6669814419982
62	105	PC	728.537138040304
62	106	PC	22.2270145296423
62	118	PC	16.2468100918811
62	119	PC	24.3649201885817
62	123	PC	37.1047682171008
62	125	PC	23.7282795947338
62	127	PC	198.152049975349
62	128	PC	108.990945421838
62	135	PC	31.0322440535172
62	211	PC	272.349152990212
62	213	PC	446.137530345037
62	215	PC	.763021141098362
62	216	PC	1.79718636108883
62	219	PC	10.387737349549
62	220	PC	62.8477491208101
62	221	PC	1904.80744362681
62	231	PC	2.12735754699841
62	235	PC	315.63767544124
62	301	PC	364.155083316019
62	403	PC	9.82969243756082
62	412	PC	61691.1011920274
62	417	PC	18.4225111923125
62	419	PC	34.8148254226334
62	420	PC	15.5622598091269
62	425	PC	68.8531161822327
62	428	PC	313.81334969776
62	432	PC	18.035762109551
62	434	PC	8.09756749397922
62	436	PC	110.520102011288
62	437	PC	470.529728511631
62	502	PC	18.7669563499187
62	514	PC	108.648521485732
62	516	PC	50.6563453886433
62	522	PC	26.9978824722862
62	602	PC	358.701386704213
62	605	PC	7.73234790451624
62	701	PC	18.9643378634765
62	706	PC	173.07744899663
62	806	PC	16.0024318687515
62	815	PC	21.3669243938645
62	941	PC	24.13247975913
62	1120	PC	1468.432212601
62	1416	PC	49.7315084028651
62	1432	PC	18.6286176412144
62	1449	PC	18.608180257649
62	1504	PC	99.6751727790497
62	1519	PC	26.1339104798519
62	1520	PC	56.817725897165
62	1535	PC	740.945749128017
62	1621	PC	73.1631148880559
62	1634	PC	54.2744446062719
62	1636	PC	55.5947891495046
62	1638	PC	174.354790014408
62	1640	PC	54.1020196907803
62	1653	PC	54.8954600284985
62	1663	PC	27.0744834641564
62	1664	PC	28.315791998038
62	1665	PC	24.5728602954228
62	1677	PC	346.062604062786
62	1702	PC	1072.03319933014
62	1703	PC	121.093336987775
62	1711	PC	838.277091625313
62	1714	PC	128.279024016943
62	1719	PC	432.934484001891
62	1721	PC	138.497502515406
62	1725	PC	109.809879295433
62	1729	PC	55.4129962330195
62	1738	PC	355.59590401368
62	1743	PC	25.4090817899602
62	1804	PC	99.52482225224
62	1805	PC	290.533136630153
62	1812	PC	40.2038349273455
62	1828	PC	153.531813286031
62	1833	PC	26.9690711431736
62	1838	PC	2.06145574017765
62	1840	PC	235.5405963235
62	1848	PC	137.970498851791
62	1865	PC	18.825134634436
62	1866	PC	3.68693956818313
62	1870	PC	110.681245982531
62	1871	PC	26.4918014511842
62	1931	PC	13.7225662320374
62	1933	PC	72.6380792594872
62	1940	PC	10.6227903852304
62	1971	PC	5.98742676167942
62	1973	PC	26.6530921028655
62	2011	PC	9.17070343752282
62	2012	PC	185.733612070823
62	2020	PC	13.1840879349817
62	2021	PC	5.95042267589835
62	2025	PC	26.0169869922802
101	54	PC	36.4512184401268
101	58	PC	26228.2194620128
101	101	PC	53120.523314864
101	105	PC	6875.96015680228
104	58	PC	701.25358516
104	101	PC	246.059531692948
104	105	PC	740.975099378689
104	136	PC	1123.59865743906
105	51	PC	176.53897148467
105	58	PC	14474.2341176154
105	101	PC	1304.85224400192
105	105	PC	42990.4005998611
106	58	PC	5476.63120427999
106	101	PC	754.686309750882
106	105	PC	8528.24982997009
106	106	PC	12616.1123010505
106	5850	PC	11.053301159068
111	58	PC	330.520185501855
111	105	PC	134.908903067205
111	106	PC	233.912179517942
118	58	PC	14838.1935709366
118	101	PC	40481.6497988295
118	105	PC	5476.55929502474
119	60	PC	25853.3567161717
119	101	PC	6083.977825503
119	105	PC	19657.5743587412
119	125	PC	39850.4423443008
119	4002	PC	13.9395669182926
119	5101	PC	11706.4207246642
121	60	PC	7617.83983100436
121	101	PC	2095.69492750915
121	105	PC	6006.22857881569
121	221	PC	15586.8425502172
122	60	PC	4689.63758242559
122	101	PC	1800.26792182865
122	105	PC	13039.9540643446
122	122	PC	23802.2359663904
123	58	PC	3516.00156054214
123	101	PC	3149.63117232523
123	105	PC	9529.71057504964
123	138	PC	16315.1360055674
124	58	PC	1376.76533336328
124	101	PC	1067.0716041606
124	105	PC	4304.6188204785
124	124	PC	5539.76460072245
125	58	PC	7034.9470241492
125	101	PC	3265.3648336122
125	105	PC	12396.5727249759
125	125	PC	19509.2669623448
127	58	PC	1952.78903306694
127	101	PC	555.675066016948
127	105	PC	3098.46801532929
127	124	PC	4287.83147778916
128	58	PC	13973.0595930117
128	101	PC	4055.56594285925
128	105	PC	11215.3674209406
128	128	PC	33552.6903650287
135	58	PC	2973.67026618481
135	105	PC	10283.1928159551
136	58	PC	1668.8060001276
136	101	PC	542.707759766738
136	105	PC	2394.91423943122
136	136	PC	3607.12785877999
137	58	PC	12900.6988662346
137	101	PC	3613.0907317449
137	105	PC	15736.7183455875
137	137	PC	28638.6354813584
137	5810	PC	52.1945706422886
138	58	PC	4304.96758194205
138	101	PC	3549.8530011001
138	105	PC	7738.67598002877
138	138	PC	13576.4107479338
211	58	PC	3681.75914692797
211	101	PC	7417.40826920742
211	105	PC	6034.45355931641
211	213	PC	20158.7961326423
213	60	PC	8178.26790346801
213	101	PC	984.0581598606
213	105	PC	1085.59907018729
213	213	PC	9547.86890852133
214	60	PC	3618.5868720209
214	101	PC	5774.5548419939
214	105	PC	5230.80582169371
214	213	PC	13180.1213196804
215	58	PC	1108.47601126008
215	101	PC	4529.37679673819
215	105	PC	1739.21258072466
215	213	PC	6285.80321435077
216	60	PC	4837.93516107687
216	101	PC	784.687564888047
216	105	PC	185.785485247791
216	213	PC	5006.52964812068
217	60	PC	482.675662961871
217	101	PC	347.142159259405
217	105	PC	942.06752164638
217	213	PC	1288.28253500635
219	50	PC	11844.8684769843
219	54	PC	12765.7901047309
219	56	PC	1103.65531205945
219	60	PC	514.300411321911
219	62	PC	132.501060168813
219	101	PC	2596.83815293818
219	105	PC	752.531144371538
219	220	PC	16205.72654171
219	6030	PC	2659.54164992172
220	60	PC	367.077011134341
220	101	PC	2882.9863721783
220	105	PC	222.728474975991
220	220	PC	4213.81718932902
221	60	PC	43847.3298329683
221	101	PC	21885.3381237186
221	105	PC	27611.3995997753
221	221	PC	82915.9557128913
226	54	PC	21.9038603411305
226	60	PC	6925.66000116939
226	101	PC	11448.64688402
226	105	PC	427.907477949382
226	227	PC	16019.4349683099
227	60	PC	3601.4620280602
227	101	PC	5197.73459019214
227	105	PC	1586.12566260145
227	227	PC	8229.54383190238
228	60	PC	123.778595960276
228	101	PC	821.102049524895
228	105	PC	474.728265506541
228	227	PC	1446.91670681509
229	60	PC	12237.9402711541
229	101	PC	1903.59862701142
229	105	PC	1223.75273046936
229	138	PC	16600.5652355586
230	60	PC	129.71996856637
230	101	PC	844.448274875365
230	105	PC	47.6640400268202
230	227	PC	1528.12121587104
231	50	PC	16683.1465252933
231	52	PC	20538.4140887982
231	55	PC	89.9919904069594
231	56	PC	8234.02946733254
231	60	PC	4197.95108199277
231	101	PC	680.589202501328
231	227	PC	4152.9134277805
231	4003	PC	25.0207026771344
233	60	PC	1689.33027766585
233	101	PC	8241.71261605506
233	105	PC	320.069939865536
233	227	PC	10878.1232232323
234	60	PC	296.078401536981
234	101	PC	3876.34542513018
234	105	PC	181.929380849736
234	235	PC	6259.07273642725
235	60	PC	4863.63035223841
235	101	PC	1264.47761206052
235	105	PC	9045.27532711979
235	235	PC	14414.4976733245
235	5800	PC	24.3794320304521
235	5810	PC	110.300726838798
236	60	PC	76527.7013184692
236	101	PC	8951.87747007274
236	105	PC	1375.15450033357
236	236	PC	80411.1676418282
236	5800	PC	52.2840789336208
236	5810	PC	17.8241178182798
237	60	PC	6337.33637910027
237	101	PC	1024.97412255466
237	105	PC	29045.8954669774
237	237	PC	52254.7056988723
238	60	PC	3159.65775867938
238	101	PC	19472.593430454
238	105	PC	1037.96752481079
238	235	PC	29156.2669890807
239	60	PC	26350.3292992185
239	101	PC	3616.61733619599
239	105	PC	2692.72514538067
239	239	PC	33653.9898621036
301	50	PC	8657.53331924021
301	54	PC	6267.40788296419
301	56	PC	3549.35638860125
301	60	PC	408.260163574813
301	101	PC	1726.59418099282
301	105	PC	5360.62826434608
301	308	PC	17251.2207917227
301	4004	PC	14.8488104052999
301	6000	PC	8.94459385048447
301	6030	PC	1957.07124988478
307	5101	PC	3923.06747828266
402	50	PC	50934.9601888139
402	54	PC	1589.25414258763
402	55	PC	37990.6689346471
402	56	PC	2036.137941208
402	60	PC	57182.5101050871
402	101	PC	65331.1389503977
402	105	PC	14646.6581283344
402	402	PC	114063.085629689
403	60	PC	10185.5344911519
403	101	PC	18501.9712582612
403	105	PC	6562.5995603372
403	403	PC	32696.7598056136
412	55	PC	202037.564270597
412	60	PC	15191.3043691931
412	101	PC	20235.7479161933
412	105	PC	73236.6261557779
412	412	PC	119800.553883149
412	4001	PC	58.4544109952863
415	101	PC	1426.15344390117
415	105	PC	3621.71665814404
415	415	PC	51319.206568731
415	426	PC	33382.7812007455
417	60	PC	31855.6989954078
417	101	PC	46524.0183593359
417	105	PC	5353.79609607041
417	417	PC	67216.6993398352
417	3001	PC	65.4728503087672
417	5605	PC	4724.69018102286
417	5850	PC	.869973675347907
417	6010	PC	712.596414975982
418	60	PC	17402.1922708577
418	101	PC	25214.609090013
418	105	PC	13811.8756544144
418	402	PC	65098.6577929293
419	60	PC	23526.1195264147
419	101	PC	24111.6087167212
419	105	PC	17172.3550428377
419	236	PC	57786.2571784625
420	59	PC	99714.6392791743
420	60	PC	34515.446871963
420	101	PC	30271.0417187365
420	105	PC	8586.2274081687
420	420	PC	65985.3309084879
423	50	PC	4.84794747906667
423	57	PC	455.94946040622
423	59	PC	1211.01728027085
423	101	PC	16462.1065345342
423	105	PC	29956.7275638717
423	423	PC	85572.3742169682
423	426	PC	33492.3755351455
423	4001	PC	115.381150001787
423	4004	PC	45.5707063032267
423	4005	PC	513.882432781067
423	5101	PC	314.786925710757
423	6020	PC	601.820148123098
425	101	PC	41081.5045830412
425	105	PC	27927.866026422
425	426	PC	166308.631827083
426	101	PC	6708.94513787759
426	105	PC	308.1230215811
426	426	PC	98470.5054735383
427	54	PC	7709.52379782623
427	55	PC	2104.26327449947
427	59	PC	1311.65744110467
427	101	PC	16592.4639342972
427	105	PC	3491.89519596772
427	426	PC	119226.061713513
427	427	PC	159964.99257085
427	5101	PC	51732.4650530838
428	60	PC	92045.9067690859
428	101	PC	15644.2874536475
428	428	PC	119385.343466336
429	60	PC	25730.4637065185
429	101	PC	49351.877369798
429	423	PC	77396.75167578
430	60	PC	41015.9149391392
430	101	PC	6730.48353399015
430	430	PC	43613.138063995
432	101	PC	5553.13710172704
432	430	PC	40646.6822580132
432	1719	PC	47030.39323385
434	434	PC	7588.79455554863
434	1719	PC	7720.85802552555
436	436	PC	1431.73059836803
436	1719	PC	1868.20605116622
437	437	PC	17212.9392022459
437	1719	PC	28332.7208998573
438	438	PC	17090.3760696971
438	1719	PC	29752.6409007995
439	438	PC	1030.04629235041
439	1719	PC	5517.04599485024
441	1640	PC	49.7035903555141
441	1719	PC	168.88916310766
501	60	PC	50062.8577717718
501	521	PC	51031.5068576976
502	101	PC	13422.5962117151
502	105	PC	3621.08999626423
502	502	PC	174840.316078759
511	512	PC	3668.90893151143
511	1719	PC	3418.92494247099
512	512	PC	416.086026767017
512	1719	PC	1806.28342727989
513	513	PC	5750.5773407443
513	1438	PC	5792.81155459932
514	513	PC	669.297419443021
514	1719	PC	1145.19410375094
515	515	PC	4877.6130658777
515	1719	PC	7619.70513213921
516	519	PC	10503.6202131599
516	1719	PC	11514.5216553742
517	517	PC	10657.9040937982
517	1719	PC	15420.5591497808
519	519	PC	6163.14308618436
519	1719	PC	8964.34610595873
520	60	PC	18665.9783486121
520	519	PC	13056.4673364554
521	60	PC	23534.4632156256
521	521	PC	18832.7026670259
522	60	PC	28162.6104957186
522	101	PC	6104.13482158388
522	522	PC	29153.3887896088
528	60	PC	31161.9735377451
528	101	PC	5726.18394154633
528	105	PC	2890.32964222111
528	605	PC	52288.1114347047
529	60	PC	16948.1545846239
529	101	PC	3883.57421628178
529	105	PC	882.50376424495
529	529	PC	33706.9040130364
532	60	PC	14971.4942819099
532	101	PC	2215.66536892501
532	532	PC	18005.8740884214
533	60	PC	8160.97786965023
533	101	PC	14406.5719182916
533	532	PC	28880.7725982125
534	60	PC	12767.0064785185
534	101	PC	24229.6038281839
534	534	PC	38993.4553449232
536	60	PC	51898.9076446289
536	101	PC	8044.37164093481
536	105	PC	2044.09601916942
536	536	PC	63028.9662210271
538	60	PC	57217.7332944829
538	101	PC	1702.75373544916
538	105	PC	9942.72151034468
538	538	PC	67243.0184707472
540	58	PC	42384.4902361798
540	101	PC	9356.10679725239
540	540	PC	41544.7546022984
541	60	PC	10237.9719558359
541	101	PC	2115.7388012103
541	541	PC	13109.2260069
542	101	PC	4583.4618578495
542	542	PC	18476.6766238839
542	1719	PC	24840.7649464721
543	101	PC	2392.18511585209
543	542	PC	6564.82328432188
543	1719	PC	11159.0620536135
544	101	PC	744.330574741044
544	544	PC	1756.38619700022
544	1719	PC	3523.45763976383
545	545	PC	703.775008740299
545	1719	PC	1233.41515624857
602	101	PC	1278.09623194957
602	105	PC	54.0905468452551
602	624	PC	12631.2547536785
602	5820	PC	23.4885838016725
604	101	PC	4242.11174214301
604	105	PC	111.526106006865
604	624	PC	34778.9097346312
604	631	PC	32696.2308525235
605	57	PC	14633.0632292428
605	60	PC	59392.692042829
605	101	PC	58048.4342616147
605	105	PC	5907.21284053422
605	605	PC	124997.334287599
605	5101	PC	102167.587285956
605	5605	PC	.714206006366827
605	5870	PC	2732.03648268133
605	6020	PC	7111.58039113194
612	60	PC	2095.11691805093
612	101	PC	6787.15316422508
612	105	PC	133.57516676943
612	605	PC	7661.90227450003
615	58	PC	7820.81901136262
615	101	PC	3923.73214535242
615	616	PC	9107.12014187752
616	58	PC	28878.3334377174
616	101	PC	596.826677813112
616	616	PC	19244.7478210738
617	617	PC	14235.125775808
617	1719	PC	18791.0160001902
618	617	PC	1852.65441653774
618	1719	PC	3019.4660839343
619	617	PC	19223.1035282532
619	1719	PC	32335.5670561895
620	617	PC	8093.47157859979
620	1719	PC	16174.0070926786
621	60	PC	30116.4261870844
621	101	PC	5369.30912665627
621	621	PC	37121.9971068447
622	60	PC	20799.0599667351
622	101	PC	3069.20756630875
622	622	PC	24921.976057356
623	60	PC	39746.1322550582
623	101	PC	5296.41423541119
623	105	PC	993.430791473684
623	623	PC	46128.4730628344
624	101	PC	4998.468142073
624	624	PC	69001.3403011442
625	101	PC	2336.34068179605
625	624	PC	9085.55301736802
626	60	PC	17500.6077755905
626	101	PC	1155.62843932893
626	105	PC	3575.21898177006
626	220	PC	21330.1908323032
627	57	PC	108.918650595815
627	60	PC	5486.77702376418
627	101	PC	1137.32427206009
627	105	PC	78.3646820135628
627	220	PC	7001.40535199401
628	52	PC	13919.1918653175
628	60	PC	10445.4613781654
628	101	PC	1214.00934507486
628	105	PC	627.065595461911
628	220	PC	11673.9716770013
631	60	PC	17599.0826033012
631	101	PC	2725.62658564626
631	631	PC	21390.2581371644
632	58	PC	12878.8985353272
632	101	PC	1980.13088168031
632	631	PC	18143.288329639
633	58	PC	19891.3218074612
633	101	PC	2826.30288295392
633	633	PC	19581.1387927836
701	58	PC	1233.72427375017
701	101	PC	2170.19438648122
701	105	PC	326.642947093006
701	714	PC	1770.24822710083
702	58	PC	29493.0548024937
702	714	PC	22287.9765265798
704	58	PC	2014.78712331862
704	101	PC	2961.99019157546
704	105	PC	447.744890858733
704	714	PC	3659.38760423854
706	58	PC	54229.3921672069
706	709	PC	49766.5958189287
709	58	PC	57528.8984068885
709	59	PC	20675.2739653879
709	709	PC	56913.8423892472
709	4001	PC	217.356197391491
709	4002	PC	156.261482449018
709	4003	PC	29.0787345158887
709	4004	PC	69.4169116894448
709	4005	PC	40.6319017646256
709	5101	PC	23.4979672855666
709	5700	PC	3.09104676610695
711	58	PC	3107.81618481258
711	105	PC	686.575815747259
711	714	PC	3659.3440421066
713	60	PC	5998.89292399952
713	101	PC	721.381711805885
713	105	PC	899.859444435379
713	714	PC	7174.25109129757
716	58	PC	18884.9557216238
716	101	PC	3312.41154147698
716	105	PC	695.268287955413
716	701	PC	13309.0668013563
720	50	PC	210.541786878677
720	54	PC	13480.5292704173
720	57	PC	319.895452133883
720	4001	PC	17.9759449734585
723	58	PC	1971.39474278704
723	722	PC	1045.23289412114
805	101	PC	7254.15703111388
805	806	PC	10590.560362148
805	815	PC	3367.226900993
806	101	PC	7543.00520111845
806	714	PC	53135.2812177175
806	5101	PC	41968.8721974713
807	60	PC	27894.0528219131
807	101	PC	3212.60883117714
807	714	PC	37511.2843831453
807	5850	PC	12.5551388432832
811	101	PC	6305.5462082656
811	105	PC	154.583042184612
811	811	PC	7216.1468294744
811	5101	PC	648.535990860951
814	101	PC	2849.39288396322
814	714	PC	19449.4722031575
814	815	PC	14289.7831782531
814	5840	PC	1555.98001362897
815	101	PC	4006.53762422125
815	815	PC	3650.71106876072
815	911	PC	8148.7080562195
817	101	PC	2872.19102079732
817	815	PC	28916.3467133467
817	830	PC	25547.7708916318
819	101	PC	2221.47196049932
819	821	PC	17007.7804413579
819	5101	PC	13657.8417519807
821	821	PC	12918.0063845979
821	5101	PC	8052.32797670284
822	821	PC	13112.5431842242
822	5101	PC	11215.3261695785
826	101	PC	2234.4901540856
826	834	PC	13039.9999622951
826	5101	PC	11418.5252093133
827	714	PC	19539.3653292314
827	5101	PC	20666.6553316758
828	101	PC	3508.57508464896
828	828	PC	15110.5335426556
828	5101	PC	12284.2168829578
829	101	PC	1821.29660206152
829	828	PC	10995.5370872687
829	5101	PC	8997.46089291256
830	101	PC	622.605760074764
830	830	PC	13596.0565175861
830	5101	PC	8792.02743358934
831	831	PC	16050.2509885426
831	5101	PC	10763.3411712203
833	834	PC	9711.50142267341
833	5101	PC	9205.60715902156
834	101	PC	2677.46991208303
834	834	PC	10478.7424952638
834	5101	PC	9235.82917180861
901	815	PC	3469.01505261429
901	901	PC	3638.22176466952
904	904	PC	8221.19357464156
904	1071	PC	10445.3626811428
906	101	PC	1407.27266415325
906	906	PC	12410.5253983204
906	929	PC	14327.7198775687
911	815	PC	5976.38954370355
911	911	PC	6904.68344138123
912	815	PC	15568.4818732192
912	929	PC	21632.5910541969
914	901	PC	9484.56426934951
914	5101	PC	7733.63262736672
919	101	PC	1521.21823530242
919	906	PC	18123.2583648774
919	929	PC	29606.6542901881
926	1071	PC	7367.18448668436
926	1074	PC	5649.81775139691
928	1014	PC	27875.1580184183
928	1075	PC	40528.1979917177
929	101	PC	1145.96047834858
929	929	PC	37854.5890632634
929	5101	PC	22055.714021344
935	929	PC	7777.70500662093
935	1014	PC	5668.92270753328
937	929	PC	14248.2669205061
937	1014	PC	10731.1346471032
938	929	PC	6099.18668006117
938	1014	PC	4267.82795532984
940	834	PC	7483.36014736658
940	5101	PC	3176.41805194234
941	834	PC	91.9113171823946
941	5101	PC	308.38137328509
1002	50	PC	3390.10149922601
1002	52	PC	8449.90139840724
1002	57	PC	3463.73354084083
1002	59	PC	2882.13349317434
1002	1002	PC	23117.7891892921
1002	1071	PC	13106.634959884
1002	4001	PC	1488.91708025433
1002	4003	PC	30.0105428141165
1002	5101	PC	166959.630469591
1002	5605	PC	24.569284502028
1002	5810	PC	37496.7083741841
1002	6020	PC	1617.57411149287
1003	1032	PC	15370.5451761049
1003	5101	PC	8311.12425730775
1004	1034	PC	10229.5420843629
1004	5101	PC	4062.48421143377
1014	1014	PC	30756.3694752788
1017	1017	PC	9854.04937740839
1017	1071	PC	6125.11249790581
1018	1017	PC	4414.7966973927
1018	1071	PC	3333.02656985228
1021	1021	PC	45663.408208591
1021	1071	PC	24261.7229347963
1026	929	PC	4639.06724132543
1026	5101	PC	2885.51380646205
1027	1014	PC	12000.041460611
1027	1021	PC	22347.6805674632
1029	1029	PC	29078.1213868012
1029	1071	PC	14691.8153770794
1032	1032	PC	21645.6126762773
1032	1071	PC	9079.92385087493
1034	1014	PC	5052.07034366823
1034	1034	PC	10443.9245530627
1034	5101	PC	4056.16550886871
1037	1034	PC	12768.1533102142
1037	5101	PC	6455.13495671088
1046	1046	PC	487.967189657688
1046	5101	PC	356.027865770245
1071	1071	PC	8277.43208998583
1071	1075	PC	10313.0333358931
1101	1114	PC	2640.07206035929
1101	2303	PC	26.8310893124926
1101	5101	PC	3278.40373077457
1102	1102	PC	1087.70768261195
1102	5101	PC	1091.62079196381
1106	1106	PC	1.51893471110238
1106	5101	PC	68.5622527744562
1111	5101	PC	31.1394833436587
1112	1046	PC	9656.86405922535
1112	5101	PC	12356.5362343056
1114	1114	PC	4909.23736637913
1114	5101	PC	7067.68961015604
1119	1121	PC	3285.45525147584
1119	5101	PC	2948.92294953112
1120	1121	PC	61.3284980275489
1120	5101	PC	91.9992735009708
1121	1121	PC	22.3012720100178
1124	5101	PC	90.5582622729222
1129	1130	PC	1200.52037491751
1129	5101	PC	1420.38665717203
1130	1130	PC	741.544832645193
1130	5101	PC	2285.61179345354
1133	1133	PC	6544.81882192657
1133	5101	PC	8195.52273569946
1134	1134	PC	7125.15566377818
1134	5101	PC	7995.33813425551
1135	1134	PC	3534.02782543904
1135	1238	PC	2953.48670222232
1141	1133	PC	46.2772630274163
1141	5101	PC	254.941194877031
1142	1102	PC	80.6858765988896
1142	5101	PC	300.220326013492
1145	1106	PC	312.141083131538
1145	5101	PC	1326.18986080877
1146	1106	PC	8910.07101532655
1146	5101	PC	6822.92361181231
1149	50	PC	817.448150614762
1149	52	PC	48878.578500932
1149	54	PC	12512.0332494934
1149	55	PC	536.323325024414
1149	56	PC	15571.1634329992
1149	62	PC	162.25746849452
1149	1106	PC	808.832733662016
1149	3001	PC	68.2096469030447
1149	5101	PC	484.833073190797
1159	1154	PC	9112.50988358266
1159	5101	PC	13355.9268404641
1173	4001	PC	128.671478742569
1173	4005	PC	87.792297957847
1211	1154	PC	5858.99128531966
1211	1238	PC	4589.46490620078
1216	1106	PC	201.992490894079
1216	1238	PC	782.846657563443
1219	1219	PC	75.4217297267294
1219	1238	PC	184.633645651755
1221	1219	PC	6837.39880933762
1221	1238	PC	6756.53638145053
1222	1219	PC	2365.72825576175
1222	1238	PC	2294.73245310039
1223	1224	PC	104.399248395271
1223	1238	PC	326.010265750814
1224	1224	PC	8326.68198894538
1224	1238	PC	7243.96920597116
1227	1234	PC	1839.44958552026
1227	1238	PC	1723.36131484678
1228	1234	PC	4825.92917754355
1228	1238	PC	3425.077541409
1231	1234	PC	15061.8064736707
1231	1238	PC	13192.1659501937
1232	1234	PC	494.945548593619
1232	1238	PC	543.188644093453
1233	1233	PC	1158.60832039081
1233	1238	PC	984.193084210218
1234	1234	PC	4221.24915279037
1234	1238	PC	3574.89050141395
1234	5101	PC	45837.8972322017
1235	1234	PC	9090.42278428954
1235	1238	PC	9037.63277434697
1238	1234	PC	953.499122989372
1238	1238	PC	1419.55948118942
1241	1224	PC	5519.7989574498
1241	1238	PC	6261.63169935619
1242	1238	PC	3648.68114396007
1243	1224	PC	3255.18002641888
1243	1238	PC	1644.45922296215
1245	1238	PC	708.338075583348
1245	1245	PC	414.040943828704
1246	1238	PC	417.121743287887
1246	1245	PC	494.718039501209
1251	1235	PC	1917.57119605898
1251	1238	PC	849.621246696987
1252	1234	PC	34.1755958060707
1252	1238	PC	116.294310916669
1253	1238	PC	3001.54655365915
1253	1253	PC	5854.81168044173
1256	1234	PC	263.152087706744
1256	1238	PC	300.827432371218
1259	1238	PC	74.9665805909106
1259	1245	PC	47.9495945978095
1260	1234	PC	17969.528274832
1260	1238	PC	8956.58416059867
1263	1234	PC	12793.6342900026
1263	1238	PC	9076.72291154564
1264	1234	PC	294.764513827359
1264	1238	PC	524.766064136374
1266	1238	PC	240.277501893944
1266	1432	PC	153.973211819817
1271	50	PC	3587.89611144239
1271	54	PC	16403.8534585955
1271	56	PC	13870.2755444487
1271	62	PC	6999.57029823593
1271	1234	PC	6825.72087236746
1271	1238	PC	4738.27233734858
1273	5930	PC	1.36894245029758
1401	1401	PC	36.6238764483448
1401	1438	PC	230.717338031233
1411	1429	PC	209.771483399854
1411	1438	PC	410.832471267742
1412	1429	PC	6.03658945035552
1412	1438	PC	53.3679435715449
1413	1429	PC	13.6379803836543
1413	1438	PC	29.6216230393508
1416	52	PC	14016.6847999924
1416	57	PC	2531.51579351965
1416	1430	PC	857.613495506314
1416	1438	PC	1465.10109238864
1416	5101	PC	53421.8261146211
1416	5501	PC	3700.18074084014
1416	5810	PC	36825.3763602129
1417	1238	PC	1544.16157240838
1417	1420	PC	1296.64725964198
1418	1238	PC	314.277572831764
1418	1420	PC	523.672429059093
1419	1238	PC	233.553134516865
1419	1420	PC	345.974927089962
1420	1420	PC	4245.78002630576
1420	1438	PC	9167.7665405563
1421	1238	PC	52.1323960975146
1421	1420	PC	23.5202253065544
1422	1420	PC	269.344515607317
1422	1719	PC	264.341034458538
1426	1426	PC	1228.83373517567
1426	1719	PC	3142.95245694797
1428	1429	PC	4892.24662984753
1428	1438	PC	4591.35157109937
1429	1429	PC	2563.940312127
1429	1438	PC	2045.86676458449
1430	1430	PC	5736.44658984206
1430	1438	PC	4717.73716273394
1431	1431	PC	220.875830129242
1431	1438	PC	1017.00905768438
1432	57	PC	3701.18973687652
1432	1432	PC	2269.12093642102
1432	1438	PC	4205.28308415317
1432	5101	PC	95993.9842306177
1433	1433	PC	1621.79985427754
1433	1438	PC	1674.60908915796
1438	1438	PC	4777.58155709736
1438	2301	PC	85.4985439068443
1439	1438	PC	208.557457464008
1439	2303	PC	18.4852336246176
1441	1438	PC	2461.77656583794
1443	1438	PC	2410.28900050195
1443	1449	PC	1438.83971453193
1444	1438	PC	2958.1648285283
1444	1449	PC	1648.95345407769
1445	1431	PC	6802.01864509946
1445	1438	PC	10724.1451595707
1449	1438	PC	5713.04128825482
1449	1449	PC	3856.34608664389
1502	1438	PC	2644.74285360023
1502	1535	PC	2088.65878500726
1503	1719	PC	91.05939441389
1504	1438	PC	77.0325517667295
1504	1528	PC	19.8790457758474
1511	1438	PC	122.343021176457
1514	1438	PC	513.33449826291
1514	1528	PC	260.697188779202
1515	1438	PC	7.14382005534865
1517	1438	PC	31.6369173879726
1519	1438	PC	9600.73740733532
1519	1528	PC	14922.5620727959
1520	1438	PC	4400.12661266124
1520	1528	PC	3431.39569932283
1523	1438	PC	1277.21872867553
1523	1523	PC	1196.08880356125
1524	1438	PC	4203.50467665363
1524	1523	PC	5034.97959752981
1525	1438	PC	2411.78458370896
1525	1528	PC	4166.31667718801
1526	1438	PC	17.118344837051
1528	1438	PC	3197.32640789808
1528	1528	PC	6909.62499425495
1529	1438	PC	3680.44413996596
1529	1529	PC	3528.05333836007
1531	1438	PC	128.387586277882
1531	1528	PC	101.051816027224
1532	1438	PC	36.1387279893299
1532	1528	PC	34.7883301077329
1534	1529	PC	5033.73647916962
1534	1719	PC	4808.53838830935
1535	1438	PC	6091.81205873259
1535	1535	PC	7368.36823469432
1539	1535	PC	7972.85440248012
1539	1719	PC	4963.29414455767
1543	1535	PC	3443.1850267694
1543	1719	PC	4455.53509410567
1545	1529	PC	85.9815221052663
1545	1719	PC	49.5621383907328
1548	1548	PC	2062.558180983
1548	1719	PC	4138.94429173221
1551	1548	PC	2125.83666498209
1551	1719	PC	1486.86415172198
1554	1548	PC	68.1045601915936
1554	1719	PC	152.777428405527
1557	1535	PC	9529.40628452856
1557	1719	PC	11175.7564710042
1560	1566	PC	9374.91837368891
1560	1719	PC	5701.98917115483
1563	1566	PC	2831.32568039494
1563	1719	PC	3514.38390742923
1566	1566	PC	22528.5576172871
1566	1612	PC	18620.5664909012
1567	1566	PC	5970.05258147199
1567	1719	PC	6320.09888886629
1569	1612	PC	14214.3638350122
1571	1612	PC	2823.50445616385
1573	1719	PC	76.8945997272849
1612	1612	PC	5506.78528637686
1613	1612	PC	486.399496115508
1613	1638	PC	487.40278804923
1617	1719	PC	138.847190596967
1620	1719	PC	122.017228100365
1621	1719	PC	135.287345328274
1622	1612	PC	2843.2339994958
1622	1638	PC	3817.43211050887
1627	1627	PC	2192.86320157978
1627	1719	PC	2999.21637873912
1630	1630	PC	3265.19164368014
1630	1702	PC	4806.63140423648
1632	1630	PC	20.9643123189736
1632	1702	PC	18.6473605367458
1633	1630	PC	1917.3610641728
1633	1702	PC	3045.00428529449
1634	1635	PC	820.592659545689
1634	1719	PC	1946.32669185271
1635	1635	PC	15246.2291699583
1635	1719	PC	22369.2552236519
1636	1612	PC	7787.57559144794
1636	1638	PC	6290.33358480659
1638	1612	PC	14572.1142113326
1638	1638	PC	14626.2566105527
1640	1640	PC	50.6640412552
1640	1719	PC	302.369255900153
1644	1640	PC	3297.69975990936
1644	1719	PC	5736.8160178751
1648	1648	PC	23650.6359559359
1648	1719	PC	27355.1725129097
1653	1612	PC	22798.9204742086
1653	1653	PC	21448.5031096166
1657	1612	PC	7817.04640963143
1657	1653	PC	7362.01567830371
1662	1653	PC	2855.26824280158
1662	1719	PC	1864.77801075153
1663	1714	PC	2100.67623321075
1663	1719	PC	1778.16263866744
1664	1664	PC	12936.1337904397
1664	1719	PC	14348.6006390122
1664	5850	PC	67.2279812072866
1665	1665	PC	4376.42766069721
1665	1719	PC	5020.63456774468
1671	1653	PC	8283.92574973094
1671	1719	PC	9416.61945210648
1677	52	PC	.590198232338367
1702	62	PC	2944.41994130491
1702	1702	PC	49412.8810699489
1702	1703	PC	35873.2985559172
1703	1702	PC	9923.38628582036
1703	1703	PC	6915.16391059469
1711	1664	PC	5954.55027801758
1711	1719	PC	11608.9574960604
1714	1664	PC	14530.7340620007
1714	1719	PC	16898.2095288727
1717	1719	PC	1224.84475313685
1719	1719	PC	20831.4283180191
1721	1719	PC	13976.549492577
1721	1721	PC	9501.3911866512
1724	1702	PC	7547.07672411165
1724	1703	PC	2224.18063405025
1725	1702	PC	19940.5283622996
1725	1703	PC	12185.6887947502
1729	1702	PC	37135.4709363672
1729	1729	PC	17340.7660819895
1736	1702	PC	18878.6391220344
1736	1736	PC	13440.1339502488
1738	1702	PC	23003.3014371227
1738	1738	PC	12549.9373171792
1739	1702	PC	92.0955500049658
1740	1743	PC	968.521203059125
1740	1826	PC	1332.54969190214
1742	1702	PC	6835.65676448622
1742	1743	PC	4893.01800220564
1743	1702	PC	16610.127241188
1743	1703	PC	16701.3249771054
1744	1702	PC	16305.344849576
1744	1703	PC	12245.1727108379
1748	1702	PC	3130.94638656028
1748	1703	PC	1522.36817434734
1749	1702	PC	843.539144461669
1749	1703	PC	649.371735385446
1751	1702	PC	685.558922033195
1751	1751	PC	332.839667074043
1804	1702	PC	1688.94678728156
1804	1804	PC	216.895840748079
1805	51	PC	1.98514880147615
1811	1702	PC	2321.17277492319
1811	1751	PC	1530.76131388916
1812	1702	PC	3089.76623576204
1812	1813	PC	1030.97942237187
1813	1702	PC	11586.3668442342
1813	1813	PC	2450.70090651264
1815	1702	PC	6660.80127410541
1815	1813	PC	60.6023746483825
1820	1702	PC	49.289425274743
1822	1702	PC	2733.84370419214
1822	1832	PC	1169.60978739708
1824	1826	PC	22496.1085463553
1824	1832	PC	14013.590508012
1825	1826	PC	10838.7654089648
1826	1826	PC	27522.4058524925
1827	1702	PC	96.2863191413584
1828	1702	PC	3936.66600182263
1828	1833	PC	712.549381722752
1832	1826	PC	9861.81164091609
1832	1832	PC	5785.72765753237
1833	1702	PC	14757.380523297
1833	1833	PC	4273.00758782563
1837	1702	PC	3762.11869527072
1838	1702	PC	693.454429084582
1839	1702	PC	2341.30762056854
1840	1702	PC	4348.72977528153
1840	1840	PC	2057.08399268698
1841	1702	PC	8061.53615559513
1841	1840	PC	2588.86382135863
1845	1702	PC	1020.14851567554
1845	1840	PC	455.229592997633
1848	1702	PC	137.663545921976
1849	1931	PC	7379.54867920274
1851	1931	PC	99.1985601770169
1854	1931	PC	21.8418848096184
1860	1702	PC	357.423994483292
1865	1702	PC	1704.37229523705
1866	1702	PC	1345.23053023196
1867	1702	PC	189.469088765065
1870	1931	PC	6527.82895662574
1922	1931	PC	2892.40105789705
1924	1931	PC	10280.7572921637
1925	1931	PC	441.35865360919
1931	1931	PC	542.788903196395
1933	1931	PC	193.99070338357
1972	2301	PC	225.739788006589
1973	2301	PC	590.118852209006
2012	1702	PC	5824.77793695142
2030	1702	PC	3287.1493188921
3001	233	PC	3.83451467082691
3001	235	PC	95.2958453728768
3001	303	PC	38.9432721184391
3001	306	PC	47.9243572315372
3001	417	PC	5372.87005314636
3001	436	PC	2.38387477376264
3001	438	PC	3.45932105978299
3001	815	PC	185.003754396159
3001	1130	PC	59.8223132978595
3001	1271	PC	172.448150445157
3001	1671	PC	11.9037758664032
3001	1717	PC	1.02836830375036
3001	1744	PC	157.357430088181
3001	1805	PC	19.1425914382799
3001	1866	PC	19.3564327329614
3001	1870	PC	20.2964166162039
3001	1871	PC	19.0740970448526
3001	1901	PC	20.3592493771559
3001	1933	PC	3.99626973272259
3001	1938	PC	4.28563852410629
3001	1940	PC	6.7808811959054
3001	1941	PC	57.9365168148694
3001	1971	PC	2.15128529115986
3001	1972	PC	51.2596074906895
3001	2002	PC	33.3350287165414
3001	2003	PC	398.052906825946
3001	2004	PC	102.122234245433
3001	2011	PC	1.54984888094136
3001	2012	PC	503.475324856237
3001	2017	PC	75.3599680432639
3001	2020	PC	357.744788394944
3001	2021	PC	98.721231207326
3001	2023	PC	6.43435423921556
3001	2025	PC	117.773325045411
3001	2027	PC	13.5699668073314
3001	2028	PC	95.7254274719838
3001	2030	PC	595.784413783473
4001	106	PC	5.68165201727303
4001	119	PC	107.448143296091
4001	214	PC	7.30118506789963
4001	219	PC	22.8256860180879
4001	220	PC	5.05163753629984
4001	227	PC	6.19478359864353
4001	233	PC	6.20232748006252
4001	302	PC	231.672248228284
4001	305	PC	.539432930923701
4001	306	PC	21.6246359150993
4001	412	PC	8.7052932562396
4001	417	PC	596.425127101676
4001	604	PC	6.56894817979825
4001	626	PC	124.765845036148
4001	628	PC	6.50666979685934
4001	709	PC	24.5273100623799
4001	720	PC	31.3733233055597
4001	806	PC	2.52522303013612
4001	906	PC	.678739545492313
4001	914	PC	.651495488982802
4001	1071	PC	8.16626388192278
4001	1102	PC	14.0117605943502
4001	1119	PC	75.7926549969326
4001	1235	PC	8.35712006697059
4001	1238	PC	24.3531998535698
4001	1260	PC	1.47959459655587
4001	1401	PC	2.3115488720331
4001	1523	PC	.748064508393826
4001	1528	PC	1.44629167765659
4001	1674	PC	945.298681177524
4002	626	PC	9.1493036941965
4002	704	PC	39.7114101712726
4002	1569	PC	30.8091593287973
4003	106	PC	1.19510611397812
4003	219	PC	1.58159158893509
4003	704	PC	4.07123763995354
4003	901	PC	2.94567543261483
4003	1674	PC	41488.6664989569
4004	219	PC	3.94421606129492
4004	628	PC	3.83903361690642
4004	709	PC	59.3773344777851
4004	720	PC	37.0801974433208
4005	211	PC	1.38609740776557
4005	231	PC	58.3746910896365
4005	233	PC	32.3057861017167
4005	1119	PC	251.409329118074
4005	1529	PC	7.19539972769334
4005	1531	PC	2.2916405025541
5101	106	PC	62.0965381680927
5101	136	PC	4.11241939369629
5101	217	PC	8.17177886792797
5101	233	PC	9.96973814414996
5101	301	PC	1.04101091932644
5101	304	PC	3.96530522907072
5101	305	PC	230.32839776879
5101	412	PC	5401.38532410718
5101	417	PC	19.7153189952818
5101	709	PC	3.80218880655134
5101	722	PC	26.6862802524576
5101	1073	PC	16.0563739127661
5101	1102	PC	14.3126843118127
5101	1130	PC	11.3200883969749
5101	1432	PC	1.84038279711143
5101	1445	PC	1.92203556324859
5101	1504	PC	3.10870227700591
5101	1973	PC	1.047085761184
5102	106	PC	27.6441758495595
5102	217	PC	37.558025329331
5102	722	PC	8.11323721452431
5103	417	PC	21.3313287489934
5106	231	PC	48.5321168388571
5106	305	PC	175.287311343312
5106	704	PC	155.101642004376
5106	928	PC	2.35523260258236
5106	1231	PC	1.88997377408703
5106	1271	PC	3.74053274046781
5201	231	PC	.567295345866243
5302	104	PC	40.1408197941464
5302	1724	PC	1893.77234725042
5402	106	PC	67.2394128389001
5402	305	PC	.709780172268028
5402	1247	PC	1.22068347243089
5403	106	PC	11.8922854292577
5403	231	PC	20.9426531848955
5403	302	PC	130.022263823872
5403	602	PC	32.2920817311586
5403	1677	PC	7.85649207182612
5404	106	PC	45.4042363794146
5404	125	PC	32.7351863627508
5404	303	PC	58.3533938960621
5404	1102	PC	14.0963953898865
5501	106	PC	7.86614925839697
5501	1275	PC	36.2927586921287
5501	1677	PC	4.76151034656128
5605	104	PC	41.5744205010802
5605	233	PC	10.0464284375665
5605	306	PC	.586751609074903
5605	501	PC	.936962832031151
5605	709	PC	2.62654658935722
5605	1172	PC	.959457726384382
5605	1724	PC	111265.377128701
5700	220	PC	97.6137717090334
5700	303	PC	22.0031853403089
5710	532	PC	13.7605538068848
5710	625	PC	10.3272043775356
5770	1449	PC	4.32311258511038
5790	217	PC	21.7914103144746
5800	106	PC	22.3543619024432
5800	128	PC	11.5546352990491
5800	219	PC	.605300484654171
5800	220	PC	22.0889093792578
5800	229	PC	66.8883342353474
5800	234	PC	71.8033853302871
5800	304	PC	.709780172268028
5800	522	PC	26.9978824722862
5800	604	PC	21.5240988305203
5800	704	PC	23.0029738995011
5800	713	PC	471.465968711765
5800	720	PC	13.0263506122499
5800	723	PC	20.6842057191674
5800	1071	PC	17.7527475693974
5800	1149	PC	1.04763243345485
5800	1515	PC	61.0611850695132
5800	1525	PC	9.03721809148148
5800	1531	PC	22.916405025541
5800	1743	PC	39.9660851541192
5810	105	PC	46.2082608943001
5810	106	PC	157.185841843385
5810	137	PC	39.7385641484618
5810	231	PC	1323.99169787236
5810	235	PC	9.33256374707173
5810	304	PC	487.950209095194
5810	713	PC	617.610816854189
5810	906	PC	1099.36686945938
5810	1032	PC	4.15946259388158
5810	1072	PC	42.4093414157826
5810	1102	PC	63.5701353139646
5810	1106	PC	1249.24255536053
5810	1121	PC	21.0848136459088
5810	1149	PC	21.5138803298764
5810	1246	PC	21.404033994964
5810	1247	PC	20.9310320488247
5810	1275	PC	110.297760295846
5810	1424	PC	64.6526548235655
5810	1449	PC	22.0854664674117
5810	1554	PC	21.3709611954984
5810	1563	PC	19.8251491537116
5810	1621	PC	9.34115513706908
5810	1671	PC	22.8155704106062
5810	1673	PC	204.268793867479
5810	1674	PC	14325.8569815667
5810	1743	PC	902.343980158042
5810	1751	PC	20.9979745422363
5810	1805	PC	742.652787007601
5810	1833	PC	2.79650879751658
5810	1901	PC	1.02621736510735
5820	106	PC	113.241202275304
5820	135	PC	22.9655830183291
5820	211	PC	134.907151810608
5820	213	PC	66.8978944984002
5820	216	PC	7.88071024648577
5820	217	PC	137.898768396284
5820	230	PC	11.3249397965439
5820	231	PC	15311.3864792318
5820	233	PC	76.5081539696739
5820	302	PC	6838.40072905539
5820	303	PC	20.9905656278731
5820	304	PC	1983.7314803972
5820	306	PC	182.025491112043
5820	403	PC	22.5946402557822
5820	412	PC	23.4486013636083
5820	419	PC	11.1001124882644
5820	436	PC	1.35697487121874
5820	501	PC	20.4822732774098
5820	522	PC	20.1281691843801
5820	602	PC	45.2560561487771
5820	627	PC	22.7883441346299
5820	701	PC	204.187457296981
5820	713	PC	21.2975869369184
5820	720	PC	19.2739776293928
5820	805	PC	20.5375988326443
5820	941	PC	32.8794969288477
5820	1071	PC	4.38887370465657
5820	1149	PC	42.0923745584539
5820	1247	PC	96.4643576062617
5820	1272	PC	10.6365405363559
5820	1277	PC	23.0186630182635
5820	1401	PC	19.7192899929593
5820	1433	PC	.710433435706691
5820	1504	PC	62.2491358417548
5820	1528	PC	44.7000547841062
5820	1531	PC	57.2910125638524
5820	1532	PC	20.8354245226319
5820	1671	PC	22.5576552668341
5820	1672	PC	95.2302069312257
5820	1673	PC	23.5694762154784
5820	1743	PC	1369.69897366586
5820	1805	PC	2697.83808234577
5820	1818	PC	258.321747540207
5820	1820	PC	11.5691460974504
5820	1835	PC	19.3154143934368
5820	1851	PC	29.4205114028302
5820	1867	PC	90.5386165206031
5820	1868	PC	9.87747867920975
5820	1870	PC	31.9480631921728
5820	1901	PC	12.3146083812882
5820	1925	PC	375.166803740251
5820	2003	PC	155.164191788584
5820	2004	PC	4.40182044161349
5820	2012	PC	194.661785107579
5820	2018	PC	68.4247741885672
5820	2019	PC	1.53362692016681
5820	2020	PC	22.8956664572764
5820	2021	PC	43.3730027860403
5820	2023	PC	11.3959952465671
5830	2003	PC	287.592264320207
5831	303	PC	39.1230830954137
5831	1743	PC	269.272857500306
5831	1805	PC	10319.7621820658
5831	2019	PC	7.58788668059277
5831	2025	PC	18.7879813208538
5835	1743	PC	58.5903533039083
5840	106	PC	111.791401415724
5840	125	PC	6.14021270214602
5840	217	PC	8.17177886792797
5840	228	PC	.931978994083909
5840	231	PC	23.2118345683605
5840	235	PC	.97473443580527
5840	302	PC	2321.41649515544
5840	305	PC	369.719759866601
5840	306	PC	1908.93011397579
5840	308	PC	21.7665919495529
5840	516	PC	32.7032803906795
5840	602	PC	3.92219153289401
5840	624	PC	4.11227589286498
5840	625	PC	7.98534762277847
5840	722	PC	20.7106055359052
5840	906	PC	.573582714500546
5840	1017	PC	12.1868113565459
5840	1173	PC	13.2659716250085
5841	220	PC	1.58463915112067
5841	312	PC	16.7886670080464
5841	516	PC	109.695222978559
5841	937	PC	10.8177197938217
5841	1272	PC	3.35688835683009
5842	106	PC	250.002484711767
5842	125	PC	.775804994724151
5842	217	PC	13.1751018090552
5870	704	PC	23.0992206522186
5920	1172	PC	8.9092503164264
6000	626	PC	33.828472611736
6010	1805	PC	22.9711097259359
6020	106	PC	7489.26960656845
6020	231	PC	5438.3957429916
6020	302	PC	12599.9229807457
6020	303	PC	12353.0141181528
6020	304	PC	.823344999830912
6020	305	PC	71.2051468819286
6020	306	PC	271.079243392605
6020	709	PC	97.3850086531896
6020	814	PC	5198.91469670586
6030	105	PC	264.635693296144
6030	219	PC	1.11297185888025
6030	220	PC	28.4274659837405
6030	237	PC	467.466058640851
6030	303	PC	228.378868228961
6030	306	PC	18.1703724100615
6040	220	PC	247.530239278692
6040	237	PC	28.4701030720302
