50	106	PC	16.998781543146
50	213	PC	13.7380435397311
50	301	PC	4.80508939538779
50	706	PC	.975821685076461
50	805	PC	29.089759456514
50	1034	PC	2095.26944170365
50	1853	PC	59.8008679213298
51	301	PC	135.704518153403
51	423	PC	345.017129902607
51	1805	PC	53.792490237084
51	2030	PC	.911626547393385
52	106	PC	1417.34654094105
52	124	PC	7945.67169433879
52	125	PC	336.338172947782
52	213	PC	7.80484036144128
52	220	PC	83.2162042422361
52	229	PC	194.461362760399
52	231	PC	3.78865923815484
52	233	PC	246.622488656608
52	237	PC	27.285874038593
52	301	PC	969.144893020168
52	417	PC	907.347163317959
52	427	PC	126.135726858489
52	605	PC	23.7866335755265
52	626	PC	1.07382153744194
52	627	PC	32.2802804251066
52	904	PC	2.82569939613124
52	1003	PC	33.0854795240023
52	1102	PC	7.14677389488991
52	1173	PC	116.07730118293
52	1251	PC	79.3656508990833
52	1271	PC	30.4659067834608
52	1416	PC	117.022352404215
52	1548	PC	272.371456469272
52	1804	PC	88.2194213311814
54	301	PC	56.1383973575002
55	1130	PC	20.5538191469506
56	105	PC	1.07595489722841
56	124	PC	35.1079462304376
56	904	PC	90.3214628406235
57	418	PC	47.8786508013785
58	101	PC	98.2268646635876
58	104	PC	174.826701022552
58	105	PC	34.1999949476174
58	106	PC	113.836395541565
58	124	PC	978.495634561834
58	136	PC	34.3356750584679
58	213	PC	14.7918051458753
58	217	PC	32.9105274713289
58	219	PC	67.3428940161102
58	220	PC	210.64461963655
58	230	PC	96.0070176234259
58	231	PC	17.0122626608858
58	235	PC	2216.75151197232
58	237	PC	45.7049816391843
58	301	PC	1211.71326204721
58	402	PC	355.690132350281
58	403	PC	1.79408308062047
58	412	PC	157.48258761503
58	425	PC	4.01316299841802
58	427	PC	950.645357691836
58	434	PC	290.863115618514
58	501	PC	5.29534643974228
58	513	PC	4.53254425031224
58	517	PC	5.05648998097526
58	602	PC	268.457727195831
58	605	PC	2.6238215243524
58	617	PC	4.35608306814189
58	625	PC	1.58189066474485
58	626	PC	114.779143716263
58	701	PC	2.01904869050101
58	704	PC	29.9894297636316
58	706	PC	1843.64565339873
58	709	PC	187.255773761923
58	716	PC	2.05045283679945
58	722	PC	9.64026577951309
58	728	PC	1430.53052100024
58	805	PC	1486.15568682715
58	806	PC	51.7769400982636
58	819	PC	3256.24546605983
58	904	PC	15.3395110075696
58	906	PC	71.5322475588002
58	1002	PC	859.521155454713
58	1032	PC	.838581738376825
58	1034	PC	24.2055893249453
58	1101	PC	2.97612115484791
58	1102	PC	71.2771583117021
58	1106	PC	27.5012691209019
58	1121	PC	5.09787154230065
58	1149	PC	51.7683729282378
58	1173	PC	13.5066131890576
58	1221	PC	3.41259987605447
58	1253	PC	194.270597105079
58	1271	PC	1566.05220828318
58	1273	PC	29.5265413243041
58	1274	PC	12.0401263608237
58	1277	PC	33.5124974618069
58	1416	PC	56.3755524578042
58	1420	PC	4.22473472480343
58	1432	PC	21.4588807471344
58	1502	PC	1130.96536523429
58	1504	PC	6.19397177127209
58	1516	PC	1.70087031354535
58	1534	PC	2.34549338906675
58	1545	PC	5.99095571602115
58	1548	PC	123.895062636141
58	1551	PC	274.744092416489
58	1560	PC	8.87643185866052
58	1622	PC	62.8301612138843
58	1634	PC	2.99288936664639
58	1663	PC	1.69720177556413
58	1677	PC	168.840329036045
58	1702	PC	7.71255674569596
58	1703	PC	4.87109737678484
58	1717	PC	12.0774469984121
58	1719	PC	2293.22035415651
58	1804	PC	1516.67793252724
58	1805	PC	2.53422398450263
58	1833	PC	1.71424356754406
58	1841	PC	2.62516073510221
58	1901	PC	25.5416184729788
58	1971	PC	2.08938897071158
58	2003	PC	147.994972918945
58	2012	PC	6.50558844420751
58	2101	PC	32.7190760123687
59	106	PC	2245.32371101725
59	233	PC	27.6778124293971
59	301	PC	1.73339826175596
59	403	PC	1203.45920718354
59	529	PC	2.06928971975668
59	821	PC	.719904685407875
59	1034	PC	7.82575696874746
59	1102	PC	.564793659193383
59	1119	PC	5.98453080219181
59	1142	PC	.566060400316377
59	1173	PC	69.7765898346104
59	1271	PC	166.99379038241
59	1416	PC	2.20613458328499
59	1502	PC	67.3273821427724
59	1804	PC	9.38051614127097
59	1833	PC	12.1221509419187
59	1922	PC	9.71897886642744
60	301	PC	.725372972190103
60	914	PC	472.698941912971
60	1871	PC	130.012894485379
62	211	PC	175.454498893033
62	301	PC	2584.3884075686
62	428	PC	3.86279367325486
62	517	PC	46.9100688515037
62	520	PC	6.41987741970927
62	1271	PC	53.9642606855442
62	1634	PC	12.2938370485907
62	1718	PC	26.4435804218991
62	1721	PC	800.065513513654
101	105	PC	154016.82189395
101	106	PC	61383.6940721808
101	1037	PC	1974.99371562901
101	1401	PC	3615.93194225945
101	2012	PC	.951079926393893
101	4001	PC	125150.837389647
101	5101	PC	11377.2875620514
101	5831	PC	12777.9366354297
101	5840	PC	22470.2315815119
104	56	PC	1.85760156315421
104	1273	PC	485.252123212448
104	1277	PC	27.1415490410478
104	1401	PC	1004.02069440671
104	1671	PC	844.648548197995
104	1675	PC	8.63109501422873
104	2002	PC	1.21797825240434
105	58	PC	23.9995553086126
105	105	PC	20804.5187179127
105	106	PC	11973.0104003736
105	136	PC	10502.4591265284
105	215	PC	10945.749542605
105	306	PC	8889.14920382427
105	1263	PC	.694977963468478
105	1271	PC	6.74344645735624
105	1401	PC	1383.58496439321
105	1504	PC	5.78886835994534
105	1833	PC	28867.0490103395
105	1901	PC	73.8539794924251
105	5831	PC	5.08144430668893
105	6020	PC	21.5995997777513
106	50	PC	5.26144097150352
106	105	PC	127861.830334892
106	106	PC	177533.186077349
106	111	PC	42689.7037626009
106	135	PC	37356.4209977143
106	306	PC	18581.1288587416
106	516	PC	4635.21038138203
106	701	PC	957.654478437901
106	914	PC	29757.720395276
106	1037	PC	25.3487780580277
106	1531	PC	546.333096973369
106	1804	PC	2.01266878584303
106	1833	PC	19694.9592580623
106	1901	PC	416.290264405636
106	1928	PC	9.1573293750333
106	1931	PC	24.681727118455
106	1939	PC	4.84454622250604
106	1973	PC	4.97096008269772
106	1974	PC	2.06253206065981
106	2004	PC	5.98503013977965
106	2012	PC	1.98471851725611
106	2023	PC	9.46515593313945
106	6020	PC	5.39989994443782
119	125	PC	102899.385611565
123	106	PC	65.048358361932
123	211	PC	33333.4610592281
123	306	PC	110271.029584593
124	60	PC	19.852992974398
124	122	PC	19409.2328910038
124	124	PC	49222.439207955
125	52	PC	12.9305374106337
125	119	PC	10639.0662321725
125	125	PC	70454.7378934492
125	128	PC	4863.23445162299
125	138	PC	19067.0760560504
125	217	PC	5885.39032321832
125	235	PC	31730.0111504323
125	301	PC	10968.1953495417
125	306	PC	26806.7587011373
127	128	PC	86295.7871903362
128	125	PC	2427.35448271144
128	217	PC	4075.683424662
128	402	PC	2413.35203082992
128	1002	PC	3927.53369858685
135	106	PC	19169.5453074105
135	111	PC	12279.8912714443
135	415	PC	2.23358821420703
135	519	PC	8.89920521290855
135	605	PC	3.04042794077968
135	814	PC	8.28047231108007
135	1071	PC	1.77372726266265
135	1072	PC	2.41123965479526
135	1102	PC	1.61851936381936
135	1119	PC	1.00313434552841
135	1246	PC	17.7902432906021
135	1271	PC	1.16320924461634
135	1273	PC	1.56160841089743
135	1274	PC	57.1773565509086
135	1504	PC	.795222019874155
135	1677	PC	5.90347718762103
135	1804	PC	4.5653254548596
135	1805	PC	.966313987347789
135	1833	PC	.625946579440389
136	135	PC	83310.8900809909
137	306	PC	12759.8127583237
211	123	PC	33285.8788120637
211	211	PC	1621.86809556583
211	1271	PC	11519.7554561476
213	211	PC	174909.500372435
213	213	PC	848531.050992341
213	229	PC	19339.011834777
213	236	PC	80618.0750124631
213	306	PC	55303.6073865178
213	311	PC	922313.243931485
214	137	PC	12758.7617557007
214	214	PC	281741.912046258
214	216	PC	22534.4721081784
214	217	PC	33968.4537161049
214	303	PC	19088.6696524891
215	229	PC	22442.9885977296
216	216	PC	65450.4834794648
216	306	PC	63449.4416946363
219	219	PC	4345396.78888588
219	220	PC	25714.4892869778
219	229	PC	2917.73616777464
219	231	PC	49782.354642754
219	302	PC	15361.2236531819
219	307	PC	30160.9310475494
219	605	PC	423651.033629138
219	624	PC	5847.51346356764
219	625	PC	29613.4812044251
219	626	PC	193868.619029176
219	806	PC	4.09358844476309
219	1102	PC	40.5967365561806
219	1931	PC	2.82917728808491
219	6030	PC	46.1902812521581
220	60	PC	5.54283375025897
220	711	PC	102752.612036208
220	4001	PC	11.3267807686542
221	221	PC	83370.9621439811
221	236	PC	7092.76139192295
221	301	PC	3.72969967950058
221	402	PC	20921.3783508026
221	806	PC	1.8650385555153
226	219	PC	23073.0041373726
226	238	PC	81783.8234441488
226	301	PC	1.86484983975029
226	1271	PC	1120.51217868687
227	227	PC	46414.3315584512
227	1432	PC	10410.4451569332
228	58	PC	.923568334775445
229	229	PC	349409.926506989
229	301	PC	24435.1925393351
229	302	PC	3068.15309631971
229	306	PC	215546.429427117
229	307	PC	30974.1384562129
229	311	PC	41702.5666370329
230	52	PC	1281.86060641908
230	58	PC	3.96014907184016
230	230	PC	644759.358093397
230	231	PC	120041.084133501
230	301	PC	101143.11395941
230	306	PC	599888.426312079
230	806	PC	1.8650385555153
230	1271	PC	225.077164283235
230	1411	PC	3.70043806224051
230	3001	PC	3274.29831573501
230	4001	PC	2202.41151538626
230	4002	PC	7.89692951546713
230	4003	PC	1.28521456852087
230	5101	PC	43.6595940075665
230	5201	PC	5.1491895919475
231	227	PC	91876.5742644688
231	231	PC	695957.626971316
231	234	PC	216707.967181956
231	236	PC	149535.162355843
231	306	PC	153679.622533075
231	427	PC	2.3351114110613
231	1612	PC	.521421683749303
231	1972	PC	.944080649063026
233	104	PC	15662.2691000058
233	213	PC	143131.355055981
233	301	PC	1.86484983975029
233	303	PC	14303.2375319982
233	306	PC	295329.194460716
233	427	PC	8.61072332828853
235	104	PC	2.23024868472074
235	123	PC	.64279046696891
235	213	PC	1.62977241197405
235	226	PC	16607.3838271613
235	235	PC	3021077.11259449
235	238	PC	8575.54241353393
235	301	PC	2.47354709345126
235	306	PC	18010.6180522549
235	309	PC	202289.395106366
235	311	PC	18025.0906786742
235	542	PC	1.93758553456801
235	702	PC	.933030663210439
235	906	PC	.557808251864384
235	1074	PC	3.01920803065764
235	1102	PC	1.55263234852279
235	1106	PC	1.31891872868331
235	1120	PC	.767733770328095
235	1124	PC	.646902114046182
235	1127	PC	1.23851786599418
235	1172	PC	4.74800607427219
235	1173	PC	4.06876268701113
235	1274	PC	1.5160036582776
235	1401	PC	.697469014251772
235	1420	PC	.946019928336199
235	1430	PC	.805060408401159
235	1502	PC	4.51856382290731
235	1504	PC	.828906704203105
235	1520	PC	1.27895991394481
235	1532	PC	2.0030928652286
235	1640	PC	1.33744169017885
235	1703	PC	.775073510918506
235	1714	PC	3.35135716167583
235	1805	PC	1.70473976857773
235	1813	PC	2.93209475790764
235	1820	PC	.759680787858538
235	1824	PC	1.15863841208273
235	1833	PC	.848228906967289
235	1856	PC	1.59148126048283
235	1860	PC	.660196423597346
235	1866	PC	1.38510081195704
235	1901	PC	2.22707734316742
235	1942	PC	2.01325825635657
235	1971	PC	3.91452608232177
235	2002	PC	2.00047160989938
235	2003	PC	1.1277842997275
235	2004	PC	.730959858389134
235	2012	PC	4.73795566400881
235	2015	PC	.645181578349103
235	2019	PC	.646315580685584
235	2020	PC	2.2421529502821
235	2023	PC	1.28817371810041
235	2030	PC	2.56620381672923
236	236	PC	21864.5141791334
236	806	PC	1.86863264023166
237	237	PC	392694.369114564
237	417	PC	200476.001023779
237	806	PC	1.95574885614953
301	211	PC	36702.7591176034
301	213	PC	140688.591136366
301	214	PC	62531.9364245903
301	228	PC	194702.176686992
301	230	PC	315507.541172491
301	231	PC	1454805.95859386
301	235	PC	43843.3493943008
301	236	PC	289139.273640065
301	301	PC	274160.503709758
301	306	PC	130376.946559915
301	602	PC	325374.430262634
301	605	PC	5214.4154152618
301	1172	PC	.594907392811526
301	1449	PC	3111.17724627788
302	626	PC	12817.7305232351
302	702	PC	117383.012164767
302	1037	PC	841.706688938047
302	1106	PC	15.0549681409042
302	1111	PC	533.486530762707
302	1130	PC	1249.31653465561
302	1159	PC	388.821713173648
302	1271	PC	24.3592546566434
302	1671	PC	13.3266401332462
302	1833	PC	29678.0576413799
303	307	PC	13893.7682323332
303	602	PC	4409.97586565116
303	612	PC	16331.3310155143
305	306	PC	39653.7876706173
305	309	PC	59023.7643264879
305	704	PC	1.7544887979713
305	1072	PC	1.56519118919537
305	1102	PC	1.12760369144842
305	1221	PC	1.75513575003308
305	1272	PC	.573904039710518
305	1677	PC	1.27530078173355
305	1804	PC	1.41885520235573
305	1824	PC	1.00224805660475
306	213	PC	173686.703426283
306	228	PC	266957.598028709
306	229	PC	183538.629982852
306	233	PC	36728.9532181444
306	235	PC	178511.673975162
306	236	PC	141010.263864381
306	301	PC	36327.6674253243
306	303	PC	154351.219901332
306	306	PC	2536323.81613043
306	307	PC	82432.2899821767
306	308	PC	3926.4682156812
306	309	PC	4774.43787729146
306	311	PC	14489.2251137256
306	428	PC	2.83567018086613
306	605	PC	103695.702338366
306	626	PC	11166.8182866171
306	627	PC	176678.67439265
306	628	PC	33750.4743830667
306	1002	PC	.88793496009771
306	1102	PC	1.5830451081076
306	1172	PC	6.54938506307815
306	1221	PC	.964832401089069
306	1443	PC	1838.62230571763
306	1805	PC	8.6871223124368
306	1971	PC	87.8357782022256
307	229	PC	14958.3019554971
307	306	PC	420446.831378868
308	306	PC	46916.0490921323
308	311	PC	24692.6574169476
309	104	PC	6.47536865976608
309	213	PC	1.15218201736933
309	231	PC	2.20199351062471
309	235	PC	5.84382002110468
309	306	PC	27036.8798997424
309	309	PC	19968.2396496532
309	720	PC	14.0763611881954
309	805	PC	1.29915319010472
309	806	PC	1.8664825526842
309	906	PC	28.188307246653
309	911	PC	1.13253372295887
309	1017	PC	1.23978501600307
309	1034	PC	7.90260212133973
309	1071	PC	.546340320756875
309	1075	PC	1.20588629356247
309	1101	PC	1.18899191584724
309	1127	PC	4.44690013870306
309	1173	PC	10.0390622536945
309	1504	PC	4.39131964397406
309	1804	PC	5.56747500581669
309	1805	PC	.503853094121334
310	310	PC	144814.446403441
310	1101	PC	.602359030713792
311	213	PC	384415.824722568
311	311	PC	28355.9523722834
402	60	PC	66186.0691864769
402	101	PC	321.737146520187
402	105	PC	240.140470003312
402	106	PC	465.546449719263
402	128	PC	8378.05532709545
402	221	PC	51105.8102775804
402	237	PC	3088.3095757262
402	305	PC	.621287181965229
402	402	PC	138988.670329272
402	1520	PC	5.98294101262936
402	1971	PC	.581036082009071
403	403	PC	16925.8375850605
403	412	PC	204162.839666652
403	602	PC	.809354714123061
412	101	PC	521.675832674678
412	105	PC	448.143520397653
412	106	PC	385.667566039064
412	221	PC	1246.0716087257
412	237	PC	3731.21897676983
412	403	PC	458737.466790838
412	412	PC	543359.925096417
417	237	PC	976494.737830052
417	306	PC	3.62136973879455
417	417	PC	1369458.49588864
418	50	PC	3.98754910438852
418	51	PC	.729151836231044
418	54	PC	4.99013287920621
418	55	PC	.911439795288805
418	56	PC	.865867805524365
418	58	PC	.911439795288805
418	4001	PC	38.9048076619027
418	5810	PC	11.2580326026545
419	402	PC	108699.171682858
419	419	PC	344443.915583305
419	1173	PC	.903684816084895
420	60	PC	.874982203477253
420	309	PC	4757.11247082821
420	420	PC	34210.9275933958
423	101	PC	9099.20325554211
423	111	PC	4802.63742672834
423	301	PC	4186.36666367432
423	402	PC	5.0024700651534
423	420	PC	4871.13457214266
423	423	PC	71.9603896514045
425	51	PC	513.140604747597
425	101	PC	439.345450967635
425	105	PC	63.1491927846069
425	106	PC	541.014414353535
425	221	PC	565.277914331031
425	237	PC	1460.3628057527
425	427	PC	4428.10574621289
425	538	PC	4095.50144891963
425	619	PC	9895.68007371306
425	631	PC	2293.28838797877
425	1263	PC	3949.99314214451
425	1702	PC	3708.66334627184
427	101	PC	873.537555572046
427	105	PC	456.614413014501
427	106	PC	987.666002709534
427	221	PC	1100.77427575973
427	237	PC	4191.47962161395
427	402	PC	1.28784614798685
427	423	PC	67.9697966655425
427	427	PC	117398.476490351
427	1271	PC	4643.19051902476
428	1046	PC	.820523912202354
429	101	PC	215.753625670854
429	105	PC	83.155782766865
429	106	PC	226.94447856645
429	221	PC	452.091233406039
429	237	PC	933.88949519155
437	101	PC	507.168118932401
437	105	PC	435.59563922572
437	106	PC	416.301976209171
437	221	PC	640.349903454981
437	237	PC	1728.50525444222
438	101	PC	676.208754135362
438	105	PC	195.663699326085
438	106	PC	429.561527237745
438	221	PC	733.819520544436
438	237	PC	2115.26166312553
438	438	PC	11195.5259240394
441	101	PC	252.540408576785
441	105	PC	95.0700950673184
441	106	PC	299.466161212211
441	221	PC	355.06964585687
441	237	PC	1301.13449260166
501	412	PC	4340.31177944087
501	501	PC	24043.2629781404
501	502	PC	289850.692799084
501	522	PC	8399.7313327764
502	502	PC	160766.975181241
511	101	PC	193.070068675857
511	105	PC	119.555181263756
511	106	PC	285.411164643856
511	221	PC	191.263065025688
511	237	PC	787.510061321144
511	511	PC	20637.6137637892
512	101	PC	426.1432633583
512	105	PC	268.754708394547
512	106	PC	305.623149482907
512	221	PC	742.730128538047
512	237	PC	1905.08551090561
515	515	PC	34043.6628928923
516	101	PC	1036.99785184919
516	105	PC	729.07089216323
516	106	PC	1132.37522191275
516	221	PC	1968.28278054389
516	237	PC	5261.47699030971
516	516	PC	463193.670896574
517	58	PC	17.2039669023711
517	309	PC	.662525821053164
520	101	PC	628.171968182435
520	105	PC	548.770829827773
520	106	PC	951.866039527756
520	221	PC	954.803970771078
520	237	PC	3143.89132828475
520	402	PC	68.9400790196008
521	402	PC	35.1718619356717
521	423	PC	5.67468120083604
521	428	PC	3.48354849294989
521	517	PC	2.39714037320213
521	521	PC	3076.46440339625
522	101	PC	290.632217230917
522	105	PC	112.627891234228
522	106	PC	276.474626767364
522	221	PC	530.127460478709
522	237	PC	1467.49705862416
522	522	PC	3149.89924979115
528	101	PC	143.378059815631
528	105	PC	36.8410020632491
528	106	PC	206.321636823026
528	221	PC	196.533386172434
528	237	PC	645.866698077037
528	528	PC	795395.892979123
529	101	PC	186.408578038516
529	105	PC	74.1777288445641
529	106	PC	266.322377308153
529	221	PC	202.099726075422
529	237	PC	1010.47100063355
529	528	PC	249201.420157474
533	101	PC	663.212207091196
533	105	PC	443.422234903496
533	106	PC	599.083914473479
533	221	PC	895.446383563279
533	237	PC	3144.84891589876
533	533	PC	9962.63333290731
533	534	PC	10393.8065272944
534	402	PC	1.58978054273768
534	423	PC	36.5831926003483
534	533	PC	38911.7692954422
534	534	PC	89166.8319957065
538	402	PC	2.70772378461875
538	423	PC	36.368528317568
540	540	PC	38662.2298918893
542	101	PC	1148.59112760327
542	105	PC	420.996519744663
542	106	PC	902.625641645405
542	221	PC	1858.54621572083
542	237	PC	4696.12444536582
542	542	PC	1084001.1814103
543	101	PC	397.038050468183
543	105	PC	33.9234342630244
543	106	PC	177.27082872748
543	221	PC	390.605920517172
543	237	PC	954.50554845945
544	50	PC	14.4833763325387
544	101	PC	433.642485074317
544	105	PC	297.807861239224
544	106	PC	473.045673243222
544	221	PC	305.309052739148
544	237	PC	1321.40014583932
544	805	PC	13592.1311540602
545	545	PC	404843.233004901
602	106	PC	1282.9541066564
602	302	PC	84728.4841488831
602	602	PC	999728.037892695
602	624	PC	85822.9273215581
602	625	PC	88781.7356471844
602	627	PC	73.0668578738711
602	702	PC	875.825786397262
602	704	PC	13399.5018353266
602	709	PC	1027.64983744032
602	805	PC	9513.12351952705
602	806	PC	270.878421044169
602	1037	PC	79456.3725943044
602	1071	PC	846.547135949427
602	1101	PC	550.123266485134
602	1149	PC	827.98107268457
602	1271	PC	8.79669149643858
602	1401	PC	1942.01567942792
602	1438	PC	115081.266185056
602	1504	PC	352.537397076279
602	1671	PC	152.264527153278
602	1675	PC	186.793805751816
602	1805	PC	653.83215710436
602	1833	PC	64745.2601705922
602	2101	PC	8849.24555474087
605	101	PC	1.47314684045113
605	106	PC	63.8974933696039
605	213	PC	30894.8114991438
605	215	PC	7.36842335733432
605	216	PC	1.61719464167305
605	217	PC	5.05543450191986
605	219	PC	36878.182214357
605	226	PC	21124.2432114517
605	229	PC	2.32535997647472
605	231	PC	9.79192968286453
605	301	PC	6530.88497969816
605	305	PC	4.43523830920709
605	306	PC	9995.36193339808
605	311	PC	9.40650931855226
605	403	PC	4.79926515262505
605	412	PC	19.6421777046846
605	417	PC	12.097487291553
605	502	PC	45911.6522869099
605	511	PC	22.7519836122298
605	529	PC	5559.2100617634
605	543	PC	4.42353320433739
605	605	PC	361638.639871055
605	704	PC	4.55989080550199
605	706	PC	14.862056828165
605	709	PC	8.94550142584061
605	720	PC	38.9515842522188
605	5101	PC	67.7704058272225
612	602	PC	3921.65281907603
612	5880	PC	1446.56830845364
615	605	PC	.792012370798581
616	720	PC	2.06293063555409
617	617	PC	251836.071000204
618	618	PC	136961.857763388
619	620	PC	5304.27404112675
619	1271	PC	8.14973324781372
619	1901	PC	8.96054035560564
620	1271	PC	3641.65828432583
621	621	PC	8660.26930637864
622	622	PC	.816748287230097
622	1246	PC	.57274555875097
622	1657	PC	.980591642941304
623	213	PC	.864883118810936
623	226	PC	5542.60509427258
623	418	PC	90513.7066499014
623	1154	PC	2.50425570228543
623	1172	PC	1.89449304905355
623	1246	PC	7.63765904950541
623	1503	PC	.924892264043806
623	1850	PC	.593901110302362
624	213	PC	.714047880568526
624	219	PC	5240.1105114359
624	602	PC	244120.439420678
624	604	PC	112353.54374035
624	605	PC	.605641940443083
624	624	PC	1473277.73237154
624	625	PC	514011.36627963
624	1824	PC	.998285723612748
624	1833	PC	1.96416973464874
625	106	PC	32.1713415802896
625	219	PC	16219.5665811821
625	423	PC	2.95056193348532
625	602	PC	252226.484617592
625	625	PC	245824.194128837
625	626	PC	11658.6020267569
625	1411	PC	2.48733901950464
626	219	PC	83014.6759705825
626	220	PC	83736.2640446676
626	306	PC	10582.0420901655
626	602	PC	1423289.16963809
626	625	PC	39732.6425672864
626	626	PC	123738.066306059
627	58	PC	16.0344510721909
627	220	PC	1059480.05194607
627	303	PC	45162.2455884743
627	306	PC	24215.3129453428
627	627	PC	164812.391536542
627	701	PC	139.768927156066
627	1037	PC	934.648210721288
627	1102	PC	23.1518857108502
627	1420	PC	176770.457965069
627	6010	PC	14.8386961452057
627	6030	PC	1.46519465412243
628	105	PC	1320.88232433738
628	301	PC	10568.8551485678
628	602	PC	316559.962492349
628	628	PC	55154.8122018867
628	702	PC	711.193311922804
628	704	PC	10921.2844905323
628	1037	PC	84963.7100939632
631	502	PC	.747879680619406
631	631	PC	66236.626209353
631	1702	PC	2.61228934167067
633	633	PC	8291.69319019351
701	602	PC	697.131445446505
701	1037	PC	506.654770101114
702	702	PC	198584.132341389
702	713	PC	116798.082325098
704	101	PC	3.01666971640495
704	136	PC	4.57522629167693
704	216	PC	3.31914760329885
704	217	PC	2.44861044964586
704	220	PC	12.4429776607254
704	229	PC	2.41358466473986
704	231	PC	9.82567998068035
704	301	PC	7.88991191015377
704	305	PC	27.3837957340499
704	311	PC	4.73394714609226
704	403	PC	4.88852639864028
704	417	PC	6.16124386768099
704	511	PC	30.900492688392
704	528	PC	5.6404088967287
704	602	PC	492.245695208498
704	627	PC	5.96313578699533
704	706	PC	5.59442965455044
704	720	PC	14339.7527195066
704	722	PC	23475.8130315157
704	826	PC	11.4931884974844
704	829	PC	13276.8417189635
706	50	PC	9.32819000062207
706	219	PC	.758669593615421
706	706	PC	671361.769814669
706	1845	PC	1.10924453548368
709	50	PC	1.47408434577731
709	51	PC	108.934833152944
709	58	PC	137.238173894584
709	105	PC	5468.14552422566
709	106	PC	201.70299198293
709	220	PC	565.833808050991
709	235	PC	251.142979565318
709	306	PC	964.844323011142
709	403	PC	101.873240934075
709	501	PC	106.70684632296
709	602	PC	636.724524031859
709	625	PC	252.288565548418
709	701	PC	2133.89387250588
709	704	PC	93729.241594542
709	709	PC	469572.649928696
709	1037	PC	2985.6500477072
709	1071	PC	1149.17827252548
709	1101	PC	7.20795278041539
709	1102	PC	253.463043944676
709	1119	PC	2.06233423733671
709	1277	PC	316.877112932869
709	1401	PC	471.973526566227
709	1504	PC	202.956571604713
709	1671	PC	65.6888251044933
709	1833	PC	718.303825412128
709	1901	PC	682.764076457328
709	3001	PC	45.5123541758746
709	4001	PC	192790.575512922
709	4002	PC	930.51574327193
709	4004	PC	28157.774912495
709	4005	PC	22125.0847274014
709	5101	PC	93771.5493672657
709	5104	PC	22704.6762661067
709	5201	PC	3179.047152212
709	5302	PC	22.479786273104
709	5403	PC	22819.1020634477
709	5404	PC	14387.9845175027
709	5501	PC	957.694173397199
709	5605	PC	116046.987012726
709	5700	PC	9775.57459956548
709	5710	PC	227.101119521318
709	5720	PC	208.58293492749
709	5760	PC	45.8808752623189
709	5790	PC	1467.81948730776
709	5800	PC	314.809138095068
709	5831	PC	48.0920017809849
709	5840	PC	3196.92042490455
709	5880	PC	37637.7956007322
709	5900	PC	35.1016334838223
709	5910	PC	20.9135716557157
709	5930	PC	23007.4476629131
709	6000	PC	3334.01026906184
709	6010	PC	1945.23855479639
709	6020	PC	202060.019567154
709	6030	PC	33181.2074537762
709	6040	PC	375.43085681516
711	58	PC	13.28960981686
711	220	PC	103201.043188524
711	711	PC	159404.450116687
713	602	PC	713631.351064492
713	713	PC	312611.051733989
713	4003	PC	.929603372751821
714	806	PC	146536.885092725
716	50	PC	4.66350942483121
716	702	PC	16256.3919947005
716	716	PC	1420425.38799447
722	722	PC	130524.645382984
723	704	PC	6363.63123552264
723	723	PC	23335.9605786591
728	58	PC	25.8895276254302
805	101	PC	1.50389461195465
805	136	PC	4.51165007252276
805	215	PC	7.31345022139526
805	216	PC	1.6051293386136
805	217	PC	2.36947782047389
805	220	PC	37.5925594167356
805	231	PC	6.26623082260055
805	301	PC	4.66816538098662
805	305	PC	18.8557268330048
805	311	PC	14.0044961429599
805	403	PC	4.82312768630384
805	417	PC	12.1576374788719
805	511	PC	15.4303391697837
805	516	PC	1.69204024727888
805	528	PC	1.72946507433269
805	543	PC	2.2613753255432
805	627	PC	5.88027351888636
805	704	PC	4.43280671237184
805	706	PC	73.3183071626062
805	709	PC	4.39920943031006
805	720	PC	4.6741019985271
805	805	PC	14157.8124040062
805	806	PC	375579.700746057
805	906	PC	144.630744646595
805	1002	PC	364.766071235325
805	1037	PC	3829.22794394227
805	1071	PC	197.464780938153
805	1102	PC	4955.82817095392
805	1106	PC	188.382724128959
805	1134	PC	4069.32003207619
805	1135	PC	3575.55911130837
805	1263	PC	600.788403512268
805	1271	PC	587.79402620933
805	1273	PC	3300.72629189255
805	1274	PC	.737466456297754
805	1401	PC	163.889688564403
805	1504	PC	241.696290197266
805	1511	PC	1310.32903737692
805	1554	PC	50.6282666021868
805	1563	PC	28.2940470882036
805	1569	PC	145.519019514306
805	1677	PC	.573846826783206
805	1833	PC	17902.7277802366
806	51	PC	5.92516305232994
806	62	PC	54.9474162503549
806	706	PC	58014.676165129
806	709	PC	44626.7326960229
806	805	PC	37551.4875879501
806	806	PC	1988367.1958931
806	1037	PC	999.294134493707
806	1071	PC	279.782006243667
806	1101	PC	6652.94097323068
806	1102	PC	1313.92503721898
806	1106	PC	6392.63271642591
806	1677	PC	6603.32842077107
807	305	PC	1.23085911078662
807	604	PC	18466.8269339572
807	807	PC	352907.014238809
807	826	PC	48053.2970145286
807	827	PC	70664.7646594183
814	709	PC	1.62297222906404
814	805	PC	433169.647005582
814	814	PC	121302.979045088
814	1804	PC	2.4969064392545
814	1931	PC	5.3480864036386
815	704	PC	24.9207849013563
815	709	PC	1682.84585633417
815	805	PC	52719.1969040541
815	806	PC	17725.1306446957
815	815	PC	94606.1451459149
815	901	PC	14406.8030765409
815	4001	PC	376976.367089915
815	5101	PC	162394.859147026
815	5501	PC	18162.062044537
815	5831	PC	4064.66807923422
821	821	PC	527716.099518105
821	822	PC	.89511566071443
821	828	PC	279650.539066714
821	1411	PC	3.62441026468873
827	827	PC	3298234.96717479
827	828	PC	21201.7204596882
828	828	PC	326904.16278752
833	833	PC	87170.9131411657
833	1824	PC	66068.5083139492
901	901	PC	333057.220185033
904	904	PC	856308.411597866
904	926	PC	118739.543585881
904	1072	PC	81528.7460324481
904	1504	PC	2226.88845445878
906	213	PC	.881185336213347
906	302	PC	1077.9888998267
906	602	PC	288.593011005867
906	805	PC	2313.04674213136
906	826	PC	.650863018235897
906	906	PC	294516.737852234
906	1504	PC	684.936171037136
906	1838	PC	2.34390162508073
906	4001	PC	35619.4817274833
919	919	PC	119680.064381149
919	4001	PC	17.6361618397676
926	709	PC	3844.03609820176
926	926	PC	16925.8158658944
926	928	PC	4145.50413577473
926	1072	PC	248810.687005733
926	1671	PC	444.360788926714
928	926	PC	174084.070128368
928	928	PC	178534.083796755
928	1071	PC	528601.209827739
928	1072	PC	134355.530816382
937	926	PC	13168.0374062246
940	940	PC	166303.967432251
1002	704	PC	986.575156502573
1002	1002	PC	7288.49065520942
1002	1014	PC	9448.69075651771
1002	1071	PC	68747.514543431
1002	1101	PC	57.6073200648695
1002	1246	PC	14.6429411750276
1003	1504	PC	319.658023064877
1003	5404	PC	.807116068496776
1004	704	PC	12597.0599720077
1004	1101	PC	1006.51567175132
1018	1017	PC	15207.5854666174
1018	1018	PC	33057.7581760596
1032	1032	PC	1777594.38460188
1037	805	PC	89234.3917271872
1037	806	PC	4160.04187019983
1037	1037	PC	2059146.87073722
1037	1101	PC	1690.62813669806
1037	1149	PC	273.084031665098
1037	1511	PC	6236.07634168108
1046	1029	PC	229887.709422981
1071	602	PC	890.932330912472
1071	805	PC	672.774842944207
1071	926	PC	442.197537123221
1071	1071	PC	308548.787828071
1071	1554	PC	37.6799282974271
1071	1557	PC	139.494097442125
1071	1638	PC	191.43169461317
1071	1671	PC	178.511823156646
1071	1675	PC	181.518239161451
1071	1833	PC	4984.00997261168
1072	511	PC	3.49078424221848
1072	926	PC	4297.41690502237
1072	1271	PC	411.619108440815
1072	1833	PC	2591.74371214977
1074	1528	PC	.979640706922726
1075	1071	PC	58073.1475115843
1075	1072	PC	100.040562740533
1075	1073	PC	25829.6591698003
1101	51	PC	3968.16330265859
1101	105	PC	1761.96376398798
1101	309	PC	2.98636005108887
1101	602	PC	346.313332618716
1101	701	PC	1904.94553062386
1101	805	PC	2055.83631559317
1101	806	PC	5693.83387793428
1101	1004	PC	1940.29281887705
1101	1032	PC	338.457839501642
1101	1037	PC	11982.0374517391
1101	1071	PC	2157.10266899696
1101	1101	PC	1296.54232087185
1101	1102	PC	4101.9780836316
1101	1106	PC	5463.01863617845
1101	1149	PC	37.8879988012655
1101	1159	PC	1865.80143325291
1101	1172	PC	685.766628042968
1101	1173	PC	286.041695119527
1101	1221	PC	1168.03757820028
1101	1228	PC	1269.60936410979
1101	1251	PC	1122.0160975312
1101	1263	PC	496.397432988353
1101	1271	PC	3335.19624280386
1101	1401	PC	6985.93204308542
1101	1424	PC	1477.77856769154
1101	1438	PC	276.241821186589
1101	1439	PC	2333.3419237569
1101	1502	PC	3282.16102977759
1101	1503	PC	771.124233035895
1101	1504	PC	3102.76760929732
1101	1520	PC	1126.09618617561
1101	1531	PC	1166.8456019219
1101	1671	PC	1167.50207845658
1101	1702	PC	1811.25588149934
1101	1703	PC	1836.28319781026
1101	1719	PC	607.815973815335
1101	1750	PC	1143.60179240295
1101	1833	PC	4915.6611955857
1101	2303	PC	781.831972064883
1101	3001	PC	1347.16143983322
1101	4001	PC	122071.150791099
1101	4004	PC	7564.54629407376
1101	4005	PC	1548.82128626075
1101	5101	PC	111887.825789966
1101	5102	PC	6153.71927532729
1101	5103	PC	2124.33454661329
1101	5403	PC	2780.88007402346
1101	5404	PC	7597.69585787006
1101	5850	PC	1972.39904588022
1102	233	PC	1.82791091421881
1102	709	PC	13619.9426400519
1102	1102	PC	1029088.28128805
1102	1114	PC	103776.890763056
1102	1120	PC	169349.783031772
1102	1172	PC	20992.382479862
1102	1175	PC	313927.963105203
1102	1263	PC	4160.77173863099
1102	1277	PC	4516.83514509799
1102	1676	PC	.660453265424429
1106	106	PC	434.751689049897
1106	805	PC	3370.26077600777
1106	1101	PC	588.550367519783
1106	1106	PC	56314.2242794558
1106	1130	PC	435.304133009451
1106	1146	PC	295.348934637345
1106	1149	PC	3022.06976322182
1106	1246	PC	122.034492912026
1106	1263	PC	115.658583963784
1106	1271	PC	126.252873897043
1106	1273	PC	592.065858160991
1106	1401	PC	5604.48551907652
1106	1503	PC	110.561463136145
1106	1504	PC	98.9879524460627
1106	1554	PC	705.383280218766
1106	1563	PC	592.90061791161
1106	1569	PC	126.999590138794
1106	1671	PC	192.349378917262
1106	1833	PC	13334.4112239587
1106	1871	PC	5796.56203445869
1111	805	PC	512.594533265757
1111	906	PC	13716.5506023067
1111	926	PC	2791.79113667518
1111	1003	PC	4971.05726151477
1111	1004	PC	1776.35768175742
1111	1032	PC	763.252278496241
1111	1037	PC	45346.4894805018
1111	1106	PC	8718.34230789245
1111	1173	PC	293.376097558489
1111	1224	PC	817.135108898245
1111	1228	PC	101857.893633022
1111	1271	PC	182.592504288354
1111	1401	PC	541.178041490107
1111	1502	PC	266.798559300362
1111	1833	PC	35758.3392221048
1111	4001	PC	434736.17903967
1111	5101	PC	418070.327923198
1111	5403	PC	44396.4741354196
1111	5404	PC	263024.293120575
1111	5605	PC	133290.712740081
1111	5800	PC	32986.5784409743
1111	5810	PC	42224.256885545
1111	5820	PC	46190.2338652864
1111	5831	PC	110086.938903883
1119	231	PC	.93283927501591
1119	709	PC	6461.07843334384
1119	1119	PC	835183.068028717
1119	1121	PC	19367.8530361359
1119	5760	PC	45.7368811271562
1121	1102	PC	5628.24454220593
1121	1119	PC	18516.5146463936
1121	1120	PC	218892.283910093
1121	1121	PC	4881.03544425684
1121	1124	PC	57548.7212099246
1121	1173	PC	13105.449136754
1122	1106	PC	1479.09566681099
1122	1122	PC	152002.947510433
1122	1173	PC	15827.3389991724
1122	1175	PC	22378.3475420797
1122	4001	PC	146057.828409404
1122	5403	PC	43114.6707677204
1122	5831	PC	24894.5936581081
1124	805	PC	334.849490438459
1124	1106	PC	101.423702867039
1124	1121	PC	463066.635422416
1124	1124	PC	254501.459901775
1124	1149	PC	229.032150981229
1124	1263	PC	103.734086902122
1124	1271	PC	743.784397405072
1124	1833	PC	1066.34353828623
1124	2004	PC	4.50838948171057
1124	4005	PC	49.3239544215557
1124	5103	PC	5.18984902410116
1124	5930	PC	6.67266303098721
1124	6000	PC	6.49009155638936
1127	805	PC	895.921702095757
1127	1833	PC	2456.55035671272
1129	58	PC	55.0680051807305
1129	106	PC	1.26415884974511
1129	301	PC	1.1578618433538
1129	1102	PC	9008.01093362551
1129	1129	PC	4202763.0517411
1129	1235	PC	1.43127280193733
1129	1243	PC	4.65967596862861
1129	4001	PC	21684.3013331998
1129	5101	PC	935.377610718804
1129	5403	PC	23.1689688575945
1129	5605	PC	16545.4240405854
1129	5800	PC	133865.774842666
1129	5810	PC	22460.9251693064
1129	5850	PC	11410.2537829881
1129	5930	PC	62178.0056678737
1130	227	PC	.618304852839249
1130	231	PC	8.0356153146953
1130	302	PC	29013.3643610552
1130	1037	PC	2186.6731249923
1130	1102	PC	.66175855374151
1130	1106	PC	378.460669031637
1130	1127	PC	351.175837452707
1130	1130	PC	158318.525083908
1130	1149	PC	7886.23712379695
1130	1173	PC	15204.0778573761
1130	1175	PC	1156.21954413767
1130	1263	PC	46.5175277587989
1130	1511	PC	205.000740778625
1130	1675	PC	655.06804347196
1130	1804	PC	663.670057980007
1130	1833	PC	1141.66058017932
1130	4001	PC	204714.521514425
1130	5101	PC	19209.8554592087
1130	5201	PC	12953.3071089039
1130	5605	PC	21101.3700767427
1130	5800	PC	8175.86573046794
1130	5810	PC	187633.069477937
1130	5820	PC	32274.3736186291
1130	5831	PC	118667.751453582
1130	5850	PC	4860.84966632332
1130	5930	PC	12255.643118664
1133	2301	PC	21549.9441032217
1133	2302	PC	21549.9441032217
1133	2303	PC	21549.9441032217
1133	2304	PC	21549.9441032217
1133	2305	PC	21549.9441032217
1133	2306	PC	21549.9441032217
1134	1017	PC	.86475910426611
1134	1106	PC	140.566923244227
1134	1149	PC	248.639308362329
1134	1173	PC	4698.23468199188
1134	2302	PC	806619.579770172
1134	4001	PC	1401560.26057243
1134	5101	PC	3236799.90970218
1134	5201	PC	673912.214437215
1134	5403	PC	252084.819663922
1134	5501	PC	12012.4703599875
1134	5605	PC	1382020.29036648
1134	5810	PC	259348.341026533
1134	5820	PC	8726.62237154617
1134	5831	PC	146991.234599896
1134	5840	PC	399021.76634053
1134	5880	PC	24319.8835969177
1134	5920	PC	33803.2187871204
1135	104	PC	642.818759629691
1135	602	PC	2703.01420606794
1135	805	PC	34442.3224348653
1135	806	PC	15345.8858165069
1135	1101	PC	330.500905821461
1135	1106	PC	745.781942745432
1135	1146	PC	590.697869274689
1135	1149	PC	379.240127149405
1135	1173	PC	1359.13304983504
1135	1247	PC	1439.66833219039
1135	1263	PC	2142.45960934514
1135	1271	PC	4051.15412127541
1135	1273	PC	4219.9722498006
1135	1401	PC	418.457418242031
1135	1439	PC	392.453468859498
1135	1502	PC	1315.33153917461
1135	1511	PC	2913.71292386757
1135	1554	PC	2489.03554271602
1135	1671	PC	1141.60605409336
1135	1675	PC	319.749616901423
1135	1833	PC	213.601875907936
1135	2302	PC	17152.8935084003
1135	4001	PC	3033.30315005898
1142	1142	PC	62728.2267921811
1146	1172	PC	367.068702692214
1146	1221	PC	1098.99896976806
1146	1401	PC	270.846225399373
1146	1871	PC	12941.7649002008
1146	4001	PC	28.8491001509712
1146	5101	PC	1.84339298089273
1149	50	PC	26.4083056561257
1149	104	PC	30.3060041372377
1149	124	PC	9710.31114780988
1149	306	PC	4722.76755245625
1149	516	PC	5300.24699025397
1149	1106	PC	1270.2109481951
1149	1146	PC	179585.502796612
1149	1149	PC	239362.837889431
1149	1172	PC	244.712468461476
1149	1221	PC	514.425049678666
1149	1224	PC	728.543787455857
1149	1228	PC	735.512815735565
1149	1263	PC	2839.4182363109
1149	1271	PC	6663.98740678279
1149	1401	PC	2788.36189048654
1149	1416	PC	1105.04927146864
1149	1424	PC	40.281747774889
1149	1503	PC	1701.7251867705
1149	1563	PC	239.972424008494
1149	1820	PC	1071.48052103669
1149	1871	PC	21789.8429437767
1154	1154	PC	136640.509092651
1159	1263	PC	720.784295262303
1159	1273	PC	625.252327871071
1172	1172	PC	1206136.71589508
1172	1173	PC	83973.7045362567
1172	1671	PC	5.10390438778766
1173	58	PC	124.371024827567
1173	1102	PC	198875.987256968
1173	1121	PC	62299.2899731174
1173	1127	PC	103431.628604639
1173	1172	PC	3804485.40012514
1173	4005	PC	58.3858015211381
1173	5605	PC	.600539672788849
1173	5830	PC	1.85351750860756
1175	1172	PC	1763.15209399649
1175	1175	PC	143330.153901041
1211	805	PC	.875586562373059
1211	829	PC	12.2730334542695
1211	834	PC	1.46707624217443
1211	1211	PC	1170555.24877423
1219	1871	PC	354.11171411391
1221	1439	PC	191.21967599364
1221	1504	PC	1162.97530862712
1221	1833	PC	7507.19967122001
1221	2302	PC	12180.0284071409
1222	627	PC	.984324460213962
1224	1122	PC	1.63607183696002
1227	829	PC	6.2335388631989
1227	834	PC	7.7307840682835
1227	1865	PC	8.5646389692869
1228	834	PC	1.67655558107353
1228	1671	PC	1091.0649059599
1228	1833	PC	243.427572678727
1228	5403	PC	21599.0823220961
1228	5605	PC	50940.0343621772
1233	1233	PC	286149.833598399
1235	829	PC	5.18487868950969
1235	834	PC	6.04288015914902
1235	1235	PC	494205.68928359
1235	1421	PC	24410.1011222846
1235	5810	PC	23.6085543708767
1238	805	PC	1000.75812216624
1241	829	PC	6.17326196239687
1241	1241	PC	297617.697492725
1243	1243	PC	100700.083057055
1243	1271	PC	6702.1176594181
1244	1244	PC	538097.30136193
1245	829	PC	6.17326196239687
1246	1246	PC	21797.5853388814
1246	1271	PC	4136.56137439471
1246	1638	PC	1.01782719296361
1246	2303	PC	699.080186708511
1247	237	PC	9.44885166348322
1247	1106	PC	3459.21597657488
1247	1130	PC	1.5978642086739
1247	1172	PC	1095.2290205616
1247	1221	PC	614.411080419228
1247	1244	PC	906.626904428456
1247	1246	PC	25456.4322264402
1247	1247	PC	266011.624196829
1247	1263	PC	1.99283326695203
1247	1271	PC	65366.0355807713
1247	1401	PC	563.546501329336
1247	1421	PC	836.044170065771
1247	1428	PC	300.842534525296
1251	1235	PC	19227.7136708665
1251	1401	PC	3478.91196348432
1252	829	PC	6.17326196239687
1252	1252	PC	24106.1398610843
1252	1271	PC	217.726312912684
1253	1253	PC	2400.49215945479
1253	1256	PC	55792.8410483214
1259	1172	PC	1.47704520642157
1263	104	PC	1091.0477756582
1263	105	PC	5861.21562108027
1263	402	PC	2.35815863799872
1263	805	PC	1477.28544301517
1263	926	PC	941.281365079609
1263	1106	PC	1483.32646785295
1263	1221	PC	632.758731365897
1263	1224	PC	244.787121420667
1263	1228	PC	1092.33676178987
1263	1251	PC	958.778236448155
1263	1263	PC	329165.404267321
1263	1271	PC	7879.81106244038
1263	1273	PC	49.3605872495592
1263	1401	PC	5203.83652859269
1263	1411	PC	1620.52589595598
1263	1416	PC	2824.59961243287
1263	1502	PC	2906.13365890821
1263	1504	PC	1090.28358167532
1263	1520	PC	1938.76638113381
1263	1563	PC	123.673128118151
1263	1671	PC	1760.33223610112
1263	1833	PC	419.789502630582
1263	1901	PC	2006.02051205542
1263	2030	PC	43.6323555293569
1263	2304	PC	10590.5045300873
1271	105	PC	2.57210747120375
1271	106	PC	1435.9344178145
1271	302	PC	486.327678586398
1271	709	PC	162.644371265209
1271	720	PC	.71359332085569
1271	805	PC	219.48675853798
1271	906	PC	2701.82778088952
1271	1037	PC	748.873662683929
1271	1101	PC	804.566019162527
1271	1106	PC	5905.82381333755
1271	1122	PC	.829567029067985
1271	1146	PC	178.267879389433
1271	1149	PC	4012.96023356095
1271	1173	PC	398.556031532755
1271	1175	PC	664.670342889708
1271	1219	PC	911.864699526314
1271	1221	PC	2639.70947337848
1271	1224	PC	587.782249638848
1271	1228	PC	2286.20936611534
1271	1238	PC	1957.34242934344
1271	1241	PC	2466.17347530839
1271	1243	PC	17143.8977873637
1271	1244	PC	3200.18819037478
1271	1246	PC	94591.9511098459
1271	1247	PC	73576.583510315
1271	1251	PC	2120.37494599111
1271	1263	PC	2076.13946844302
1271	1271	PC	361201.502271423
1271	1273	PC	259737.118128496
1271	1275	PC	15865.4281958542
1271	1277	PC	366024.87014329
1271	1401	PC	12423.4530083545
1271	1411	PC	69.3520354902701
1271	1416	PC	1740.96642778631
1271	1424	PC	294.493905229694
1271	1438	PC	1260.74222089301
1271	1502	PC	2025.5618406853
1271	1503	PC	689.112207573039
1271	1504	PC	4254.04425045674
1271	1511	PC	489.01255747002
1271	1520	PC	4.02860546729104
1271	1554	PC	2573.58731236373
1271	1563	PC	169.747430750403
1271	1671	PC	1602.34411416266
1271	1675	PC	1337.90275874409
1271	1677	PC	7.23734024264272
1271	1702	PC	773.851905714537
1271	1719	PC	1477.4765481227
1271	1833	PC	30603.067968263
1271	1871	PC	18.0676078711204
1271	1901	PC	676.878086889864
1271	1931	PC	3.27433150728401
1271	1971	PC	7.46594535187128
1271	2030	PC	18.4225501123951
1271	2302	PC	614.173406941818
1273	104	PC	755.224579366543
1273	1120	PC	2.23754506852438
1273	1263	PC	290.873608557921
1273	1271	PC	7907.83645852705
1273	1416	PC	695.999904500913
1273	1502	PC	2464.12113838848
1273	1833	PC	429.755553358928
1273	1971	PC	338.456189284831
1274	805	PC	5.9278171771802
1274	834	PC	6.91809862718851
1274	1142	PC	17.979316311233
1274	1502	PC	1.99300288270059
1274	1503	PC	4.4488750455287
1274	1504	PC	1.93828192297835
1275	806	PC	3.62073019261897
1275	6020	PC	90.3076231750968
1276	1247	PC	5447.5111702816
1276	1271	PC	36602.4870143
1276	1272	PC	439229.844171987
1276	1276	PC	1243667.73414858
1276	1277	PC	3457.22396693446
1277	834	PC	.737930520233441
1277	1276	PC	4182.12576645298
1401	101	PC	742.393365579154
1401	104	PC	222.002881523442
1401	105	PC	123.788853251905
1401	805	PC	622.615407758359
1401	1071	PC	5.11021106835059
1401	1102	PC	2339.74167768574
1401	1106	PC	6018.37661540633
1401	1173	PC	749.734595978332
1401	1221	PC	76.0811430514522
1401	1246	PC	64.7367528584971
1401	1251	PC	546.192822539882
1401	1263	PC	7805.27064381939
1401	1271	PC	9268.98916668794
1401	1401	PC	34048.3874560684
1401	1411	PC	12924.7209703933
1401	1416	PC	12658.7421710336
1401	1421	PC	881.769527817222
1401	1424	PC	1808.93741311298
1401	1428	PC	122.073095529209
1401	1438	PC	6107.40265870038
1401	1439	PC	5167.57364619173
1401	1502	PC	5249.7077447826
1401	1503	PC	15382.9932138069
1401	1504	PC	12392.600426275
1401	1511	PC	1742.26682496767
1401	1520	PC	2602.06700088075
1401	1554	PC	526.528344400317
1401	1563	PC	405.80212061974
1401	1671	PC	624.495455172182
1401	1702	PC	2851.80708645617
1401	1719	PC	85.0578519191653
1401	1750	PC	1.36194819998889
1401	1804	PC	881.957640780506
1401	1820	PC	915.84921298937
1401	1833	PC	6016.44529503033
1401	1871	PC	38.1860996213205
1401	1931	PC	.941159051604456
1401	1971	PC	6145.3046136615
1401	2303	PC	322818.162666261
1401	5101	PC	7546.41499370975
1401	5800	PC	13411.9763844831
1401	5820	PC	76025.5668132286
1401	5831	PC	134714.25792391
1401	5835	PC	5233.95893263574
1411	231	PC	.951463090726101
1411	709	PC	1877.9923986023
1411	1149	PC	294.106006623319
1411	1263	PC	3076.77259488793
1411	1271	PC	7713.10274645386
1411	1401	PC	35294.8933617731
1411	1413	PC	8096.72010259779
1411	1421	PC	3.2336863451159
1411	1438	PC	2045.19639471047
1411	1503	PC	12232.6711364856
1411	1504	PC	11995.066300129
1411	1554	PC	8068.93169700866
1411	1563	PC	3208.94795106808
1411	1833	PC	1267.51599241344
1411	4001	PC	95267.3144328522
1411	5101	PC	41097.0929438989
1411	5103	PC	7096.789325472
1411	5404	PC	472183.481530361
1411	5501	PC	125767.491725358
1411	5605	PC	8462.39464091594
1411	5790	PC	56517.3556248726
1411	5800	PC	35532.0696870133
1411	5810	PC	184248.549658584
1411	5820	PC	65460.6176694183
1411	5831	PC	35407.8304747046
1411	5835	PC	193138.140871882
1411	5840	PC	219046.579249078
1411	5841	PC	67498.4930483959
1411	5842	PC	45186.2092006862
1411	5850	PC	3905.82187844378
1413	1134	PC	1158.88884776267
1413	1271	PC	289.348629376519
1413	1401	PC	7851.94971243619
1413	1411	PC	1863.72926664377
1413	1416	PC	4492.42437077732
1413	1421	PC	643.160397790637
1413	1424	PC	567.947502953499
1413	1503	PC	504.352228901068
1413	1504	PC	2308.72200779366
1416	1401	PC	652.36564101502
1416	1439	PC	85.1960294012686
1416	1504	PC	1758.11854743167
1416	1554	PC	154.059644235072
1416	4003	PC	10.0958547223545
1416	5831	PC	8.71662967304646
1420	1420	PC	291804.835981501
1420	1426	PC	1841.68530916674
1421	51	PC	20635.1335413639
1421	1421	PC	771173.891225237
1421	1671	PC	5223.26062968862
1421	4001	PC	9784.97114808857
1421	5101	PC	2753.81506256396
1421	5403	PC	11245.3032385737
1421	5800	PC	15299.0454753862
1421	5831	PC	6535.58300922741
1421	5840	PC	18852.5775962287
1422	1422	PC	146261.438564988
1424	602	PC	433.266853013086
1424	1173	PC	673.384828017522
1424	1247	PC	1314.79584856556
1424	1271	PC	8.6076942263066
1424	1273	PC	1900.86580830937
1424	1439	PC	229.531138929337
1424	1504	PC	52.9218666001715
1424	1554	PC	6674.85366945886
1424	1563	PC	5672.02115242318
1424	4001	PC	9841.8876026329
1424	5930	PC	1192.25071427478
1426	1420	PC	6745.89891239469
1426	1426	PC	9668.84787319688
1428	1503	PC	778.287408631167
1428	6020	PC	58.6572904276261
1433	423	PC	1.22786071640063
1438	805	PC	1104.62412696158
1438	1246	PC	.710254659933226
1438	1263	PC	13.064557076928
1438	1271	PC	119.141741004755
1438	1273	PC	214.455133808559
1438	1401	PC	3058.52899503557
1438	1411	PC	479.081303014474
1438	1428	PC	416.91899965016
1438	1438	PC	522.611016290287
1438	1439	PC	971.707885840487
1438	1504	PC	4996.75071203654
1438	1511	PC	837.806052106768
1438	1520	PC	1886.84799193335
1438	2301	PC	161940.933953598
1438	2302	PC	172399.552825773
1438	2303	PC	172399.552825773
1438	2304	PC	172399.552825773
1438	2305	PC	172399.552825773
1438	2306	PC	172399.552825773
1438	5402	PC	1163306.03037981
1438	5403	PC	500471.865490395
1438	5501	PC	350190.511375676
1438	5605	PC	25714.9854591213
1439	1246	PC	900.968090800868
1439	1263	PC	1674.12982856636
1439	1271	PC	7.61896254666884
1439	1401	PC	4852.49689478954
1439	1438	PC	468.581490303911
1439	1439	PC	908753.355607824
1439	1504	PC	628.564451840349
1439	1554	PC	278.978265656045
1439	1675	PC	581.208311754424
1443	1923	PC	.570576214090468
1445	829	PC	6.10882927383945
1445	834	PC	8.30634871054324
1445	1445	PC	1186640.94324779
1449	834	PC	19.1684970243305
1502	106	PC	436.834267728197
1502	309	PC	.531317073303264
1502	805	PC	660.437676182629
1502	829	PC	12.3383301744339
1502	834	PC	25.810427784875
1502	937	PC	1.47193970143221
1502	1135	PC	3.61488674987924
1502	1173	PC	1654.38559084432
1502	1263	PC	495.611218267763
1502	1271	PC	689.040629343151
1502	1401	PC	3474.18046299743
1502	1438	PC	189.491284701898
1502	1439	PC	253.114337236949
1502	1502	PC	1059888.63525458
1502	1503	PC	14214.5703258321
1502	1504	PC	23657.2476249984
1502	1547	PC	26332.1418089606
1502	1554	PC	44008.335299872
1502	1557	PC	1803.74161508837
1502	1563	PC	22016.4918036448
1502	1566	PC	872.310589435501
1502	1671	PC	1019.16810057031
1502	1675	PC	1653.21122410295
1502	1677	PC	2.2726239884175
1502	1703	PC	.945834736047896
1502	1714	PC	1060.16622976686
1502	1750	PC	.962564246061737
1502	1833	PC	5273.65326484004
1502	1870	PC	.594194768155846
1503	106	PC	473.125520497847
1503	625	PC	1.52112796545404
1503	805	PC	2186.86878832682
1503	1106	PC	58.1906881828354
1503	1173	PC	189.545574648899
1503	1263	PC	591.007517900292
1503	1271	PC	479.455712802294
1503	1401	PC	7321.20008429801
1503	1416	PC	548.388747553164
1503	1439	PC	246.470674876415
1503	1502	PC	10030.1609514745
1503	1503	PC	145996.551727236
1503	1504	PC	8413.53160488299
1503	1520	PC	200.345738630893
1503	1531	PC	35.9349903542845
1503	1554	PC	9017.6451148529
1503	1563	PC	16755.4602268117
1503	1566	PC	381.086260932146
1503	1569	PC	211.489161805905
1503	1638	PC	317.01500884441
1503	1671	PC	18278.1676221157
1503	1675	PC	65498.0954264866
1503	1702	PC	6622.27186037737
1503	1750	PC	512.671715818193
1503	1804	PC	113.450646802723
1503	1805	PC	60.6696150943113
1503	1833	PC	22746.9050495294
1503	1931	PC	294.811077796526
1503	2301	PC	25151.3707617521
1504	106	PC	333.977284391423
1504	302	PC	264.323165184547
1504	709	PC	32.4585266884958
1504	805	PC	502.562939757008
1504	1037	PC	390.338431186406
1504	1071	PC	487.964651455249
1504	1106	PC	19.6454525463991
1504	1221	PC	277.538717565219
1504	1247	PC	34.5529536097026
1504	1271	PC	1155.46684224474
1504	1273	PC	270.500159233031
1504	1401	PC	3460.94074667198
1504	1411	PC	643.81026319777
1504	1424	PC	9.80059904834019
1504	1438	PC	11.539755383128
1504	1439	PC	289.038079709905
1504	1502	PC	1581.66961678761
1504	1503	PC	7308.69440651824
1504	1504	PC	12866.2052482014
1504	1511	PC	3862.7364180275
1504	1520	PC	178012.804816678
1504	1554	PC	12084.6363147753
1504	1557	PC	539.065235799654
1504	1563	PC	9289.93095505412
1504	1566	PC	4114.51845621202
1504	1569	PC	41.9130652466862
1504	1671	PC	4073.68026357511
1504	1675	PC	618.520828668857
1504	1702	PC	41.0359151338393
1504	1750	PC	48.5781003583761
1504	1804	PC	444.271581428267
1504	1813	PC	136.855810666328
1504	1833	PC	1607.52400970181
1504	1860	PC	146.667172010806
1504	1865	PC	122.899900449633
1504	1870	PC	2328.4471601578
1504	1871	PC	2265.20538447421
1504	1901	PC	2271.57610764377
1504	1931	PC	99.1743823347245
1504	1971	PC	622.942821440161
1504	2012	PC	11.3395025137021
1504	2018	PC	427.769050336721
1511	51	PC	.919130044277953
1511	56	PC	15432.653008449
1511	57	PC	3177.80021508659
1511	58	PC	378.681578242517
1511	59	PC	1640.09565100958
1511	60	PC	26.5628582796328
1511	62	PC	33.0886815940063
1511	623	PC	3284.2994869195
1511	805	PC	2402.87458940697
1511	1130	PC	592.053306039775
1511	1263	PC	969.749585094229
1511	1271	PC	2038.88203202259
1511	1273	PC	2565.50928941163
1511	1401	PC	2711.72427525872
1511	1438	PC	551.468955691657
1511	1504	PC	61480.9645340319
1511	1511	PC	20058.7832242051
1511	1671	PC	1670.02548023996
1511	1675	PC	1246.54049867553
1511	1805	PC	219117.281749853
1511	1833	PC	180.71869818034
1511	3001	PC	5768.82780990614
1511	4001	PC	8717.94846997639
1511	4005	PC	26.4709452752051
1511	5101	PC	30362.5418826779
1511	5102	PC	55139.6591644849
1511	5104	PC	2803.34663504776
1511	5201	PC	123403.318874802
1511	5203	PC	50552.1524352874
1511	5302	PC	4982.42014402193
1511	5404	PC	290666.92602802
1511	5501	PC	117633.304468009
1511	5605	PC	32640.2380454031
1511	5700	PC	9521.17621567089
1511	5710	PC	.919130044277953
1511	5730	PC	22.0591210626709
1511	5820	PC	662.141283897837
1511	5831	PC	1169.96063336141
1511	5835	PC	532.727773663502
1511	5842	PC	7645.5994473173
1511	5850	PC	3152.89179088667
1511	5880	PC	49523.4620897315
1511	6000	PC	200.370349652594
1511	6020	PC	105793.706356481
1511	6030	PC	71554.4007869848
1511	6040	PC	105035.791721969
1514	520	PC	.877222432213558
1514	1247	PC	1.55032890077546
1514	1515	PC	2.62462754399908
1515	1515	PC	205682.857750078
1516	1515	PC	85857.5445233914
1517	106	PC	1199.77023272483
1517	1504	PC	1234.9848217811
1517	1569	PC	193.620186063156
1517	1671	PC	2593.22274005042
1517	1833	PC	7048.02922903328
1519	1519	PC	629076.403862342
1519	1520	PC	606731.887299598
1520	829	PC	11.9874816306565
1520	834	PC	18.8073684552357
1520	1401	PC	1176.31497027376
1520	1503	PC	417.734921658614
1520	1504	PC	12766.6511804993
1520	1520	PC	160939.131443315
1520	1554	PC	332.315147005234
1520	1671	PC	7578.53100545551
1520	1675	PC	1130.42518969283
1520	1833	PC	13108.5611908965
1524	1102	PC	.565040802622863
1524	1524	PC	1488.84237396995
1524	5930	PC	11518.9794231581
1525	1520	PC	1.55316391302137
1525	1634	PC	2.65354226533244
1528	829	PC	6.19502451056532
1528	1528	PC	1023470.59098026
1529	829	PC	12.3900490211306
1529	834	PC	6.47965447896649
1531	1242	PC	.913634035519248
1531	1401	PC	271.964969511163
1531	1504	PC	70404.9471267896
1531	1531	PC	13099.8458618344
1531	1824	PC	1.06003362923763
1534	1534	PC	1509769.9922605
1535	1263	PC	.614096876960614
1535	1535	PC	338946.845343209
1535	1851	PC	1.1411791986245
1539	829	PC	6.16916508721697
1539	834	PC	6.45260694621874
1539	1539	PC	714491.214735358
1539	1671	PC	.814372695389461
1548	1548	PC	41659.7518071006
1548	6030	PC	3.14129585781199
1551	52	PC	7828.43994038936
1551	805	PC	1.23258974816846
1551	834	PC	6.45260694621874
1551	1101	PC	151.750297008528
1551	1102	PC	2.04742854503751
1551	1234	PC	1.98971235037146
1551	1243	PC	.96981980853588
1551	1244	PC	1.89030494041774
1551	1256	PC	1.89543885107401
1551	1264	PC	4.54935962570008
1551	1271	PC	13.7319240614088
1551	1275	PC	1.00652846523415
1551	1411	PC	10.440825050873
1551	1428	PC	4.95052331339873
1551	1439	PC	37.0022486259129
1551	1622	PC	5.0530472791793
1551	1805	PC	61.3029037892117
1551	1813	PC	2.97851852476672
1551	1849	PC	1.50405807480344
1551	1852	PC	30.3478150644388
1551	1860	PC	1.04091513180507
1551	1865	PC	19.9368195266624
1551	1866	PC	44.4559336765091
1551	1874	PC	4.05797898421422
1551	1931	PC	14.6039661260878
1551	1971	PC	9.86124856347219
1551	2002	PC	136.68600897972
1551	2003	PC	7.47453318327387
1551	2004	PC	7.75835112160681
1551	2025	PC	4.06578828019931
1551	4001	PC	8983.00394426938
1551	5101	PC	9938.25180746366
1551	5403	PC	40158.9875717122
1551	5501	PC	33753.3158429459
1551	5605	PC	17421.3329050059
1554	1504	PC	1.44054988526376
1554	2301	PC	128097.608737252
1557	1106	PC	210.564451041772
1557	1502	PC	338.5599327694
1557	1503	PC	1010.20313126125
1557	1557	PC	272.158611837953
1557	1833	PC	650.14670128591
1560	1502	PC	53479.3736582485
1560	1551	PC	9667.01445186082
1560	1560	PC	389742.923485727
1563	1149	PC	107.657948282518
1563	1271	PC	128.189246679308
1563	1438	PC	192.910600036653
1563	1439	PC	568.784013034104
1563	1502	PC	14405.7719082474
1563	1503	PC	62430.042988732
1563	1504	PC	37089.378898838
1563	1511	PC	483.188410547011
1563	1554	PC	6136.62923040724
1563	1563	PC	32571.7654283717
1563	1671	PC	160.307551798645
1563	1702	PC	338.452776929779
1563	1719	PC	153.998546835086
1563	1750	PC	572.09145693818
1563	1833	PC	1595.18669181375
1563	1837	PC	55.0905937805045
1563	1845	PC	3933.33600368388
1566	829	PC	6.10423682787413
1566	1566	PC	651039.647425492
1566	1567	PC	185416.713711012
1567	829	PC	6.10423682787413
1567	1567	PC	53485.5904935611
1569	1569	PC	3471.14524496493
1569	1677	PC	45673.1563373709
1569	1833	PC	132.480518634417
1571	829	PC	12.2084736557483
1612	1106	PC	214.885655592702
1617	427	PC	1.04688260027927
1617	625	PC	18.5958903491929
1627	1627	PC	537812.165473391
1630	1630	PC	174766.42898337
1634	50	PC	30.8427070288084
1634	52	PC	109.873707659668
1634	55	PC	.948372007570311
1634	56	PC	.536036352104958
1634	58	PC	44.5322507902581
1634	60	PC	.948372007570311
1634	61	PC	.865904876477241
1634	306	PC	2506.65202208782
1634	427	PC	.878039225837075
1634	625	PC	59.2886273786507
1634	815	PC	3.86464068964746
1634	1276	PC	5933.61279217052
1634	1634	PC	11.8396012288958
1634	4001	PC	102.593692587063
1634	5106	PC	2.58277141918968
1634	5201	PC	.916301456589673
1634	5403	PC	4.28413115589245
1634	5605	PC	12.0844831661495
1634	5800	PC	21.8079746668342
1634	5810	PC	7.60530208969428
1634	5820	PC	22.5868309049354
1634	5831	PC	140.084166683429
1634	5880	PC	71.8380341966303
1635	625	PC	16.2408001731003
1636	427	PC	.870199649468822
1636	625	PC	27.2900367558749
1638	1271	PC	248.873966506903
1638	1503	PC	123.468790973592
1638	1504	PC	75.3654770673979
1638	1833	PC	60.167438228661
1638	5930	PC	6.83296590007318
1640	438	PC	4085.78898505099
1640	1640	PC	217390.888236382
1648	55	PC	82.1421306494818
1648	625	PC	6.31623555777947
1648	1677	PC	4807.75594302854
1653	625	PC	1.93960951136387
1653	1653	PC	140658.530795307
1657	1653	PC	13037.2559841133
1662	625	PC	7.2888191236496
1662	1672	PC	10995.6667778462
1662	1677	PC	36652.2225927538
1663	1274	PC	10.6313656623371
1664	1664	PC	26332.0199594601
1671	106	PC	1134.46624105732
1671	602	PC	1891.16177373695
1671	1037	PC	11024.2130973816
1671	1071	PC	1702.41174008223
1671	1102	PC	30.7015662170003
1671	1106	PC	1424.97140546685
1671	1238	PC	525.323230537221
1671	1271	PC	259.260348992904
1671	1273	PC	144.731546175908
1671	1401	PC	629.982075391886
1671	1438	PC	216.464568433994
1671	1502	PC	2041.01043982437
1671	1503	PC	2581.58556845811
1671	1504	PC	1197.60454627936
1671	1520	PC	72.2188794802147
1671	1531	PC	15719.4910803368
1671	1563	PC	813.706972553947
1671	1674	PC	60914.7517367943
1671	1702	PC	1296.59561104058
1671	1703	PC	3388.34861578248
1671	1719	PC	6374.95955624203
1671	1750	PC	572.688527932877
1671	1804	PC	5032.69925496373
1671	1805	PC	260.712645286352
1671	1820	PC	2.912746563054
1671	1833	PC	10970.1131080486
1671	1860	PC	521.306978231233
1671	1865	PC	.986257068008096
1671	1868	PC	43112.3480883831
1671	1870	PC	3.43411516915595
1671	1901	PC	865.874778454655
1671	1931	PC	285.837979654825
1671	1941	PC	7.2079153708188
1671	1971	PC	251.542883597148
1671	1972	PC	21.1276137408671
1671	2014	PC	60.0638588908035
1671	2030	PC	35.1052546093204
1673	1673	PC	480932.053749159
1674	1271	PC	4.34919504368338
1675	805	PC	30635.4595511534
1675	1037	PC	502.810982212687
1675	1502	PC	379.038065290559
1675	1503	PC	7861.39669878562
1675	1702	PC	464.368366263401
1675	1750	PC	344.964024828987
1675	1804	PC	643.882228870927
1675	1805	PC	94.8045982859463
1675	1860	PC	83.3698836305828
1675	1865	PC	64.1067094205263
1675	1870	PC	21.5858667775517
1675	1901	PC	73.6552661066144
1675	1931	PC	185.421042357787
1675	1971	PC	208.790535792099
1675	2012	PC	55.3901828458198
1675	2014	PC	12.0127717781607
1675	2025	PC	46.8778692124333
1676	625	PC	6.06151129052777
1677	58	PC	10.6997765222561
1677	305	PC	2.34225805034676
1677	625	PC	14.533177284288
1677	1121	PC	3.50318548976722
1677	1135	PC	1.1483315720832
1677	1449	PC	1456.7337513559
1677	1563	PC	10176.2011919326
1677	1620	PC	.627744828436772
1677	1671	PC	50408.850357165
1677	1675	PC	458125.232679032
1677	1677	PC	2626168.25527914
1677	1703	PC	10395.0196326145
1677	1751	PC	7151.600468257
1677	1913	PC	.638352595767713
1702	625	PC	13.1105990369164
1702	1401	PC	1227.93700976184
1702	1438	PC	228.590354199633
1702	1503	PC	2556.99411260523
1702	1504	PC	238.984279609906
1702	1554	PC	2261.47661991468
1702	1563	PC	1281.58792026399
1702	1671	PC	3384.23624799108
1702	1675	PC	10762.3470839013
1702	1721	PC	12147.8012790087
1702	1729	PC	6172.14661124098
1703	1563	PC	564.501221111155
1703	1804	PC	3571.69640154504
1703	1868	PC	15267.6530682675
1711	50	PC	437.91034313775
1711	62	PC	2559.1324321948
1711	1711	PC	589332.769357866
1714	720	PC	1.3676365178872
1714	1664	PC	5205.91816767529
1714	1744	PC	10319.3063383022
1714	1804	PC	290.411627651641
1714	1805	PC	49.5877999717972
1714	1871	PC	48.2149384619178
1714	1901	PC	99.2103034562787
1714	1931	PC	1.42233261226384
1717	1717	PC	34392.2619312227
1718	62	PC	27.4312937020589
1719	625	PC	39.4455421187717
1719	1271	PC	217.784579686469
1719	1401	PC	402.659608930626
1719	1554	PC	1696.05585054789
1719	1557	PC	299.006816089505
1719	1563	PC	88.0140359831273
1719	1640	PC	2929.0383055193
1719	1664	PC	9088.09054727902
1719	1671	PC	29905.9649255904
1719	1702	PC	43274.0885672065
1719	1717	PC	10697.5965970128
1719	1719	PC	323633.406373981
1719	1721	PC	5879.39354126399
1719	1868	PC	1357.66221932466
1721	58	PC	20818.0714701266
1721	219	PC	520.370224463707
1721	540	PC	67.7008250240135
1721	720	PC	.595638235967813
1721	1271	PC	48.0760661559533
1721	1674	PC	10491.0048768776
1721	1677	PC	41964.0195075104
1721	1702	PC	157404.920654901
1721	1719	PC	97245.3711645392
1721	1729	PC	19303.8901936003
1721	1742	PC	6348.86241371478
1721	3001	PC	97690.1865507149
1721	6040	PC	28200.5336037188
1724	1723	PC	36487.7814614826
1725	1749	PC	25973.2570189363
1729	105	PC	1.63625634755992
1729	219	PC	2.57308641542135
1729	220	PC	2.03650930392008
1729	226	PC	37.0683773558042
1729	228	PC	.815525415783808
1729	233	PC	.775536065930225
1729	305	PC	.824416980136512
1729	306	PC	15.3414099157389
1729	312	PC	1.66647903238058
1729	415	PC	.796291483521261
1729	418	PC	12.0727984020832
1729	419	PC	7.70341049430542
1729	427	PC	.696031132940928
1729	502	PC	1.56498604995618
1729	514	PC	1.64635989473117
1729	538	PC	4.48048429546499
1729	602	PC	4.23161779856212
1729	625	PC	13.8412702762095
1729	806	PC	2.40570241638336
1729	1253	PC	3.54045694303501
1729	1256	PC	.733200819960219
1729	1503	PC	9.6521386341774
1729	1515	PC	19.6626170312228
1729	1563	PC	.973788676775904
1729	1630	PC	35.3487046208249
1729	1702	PC	6893.16476125531
1729	1721	PC	6195.71469110451
1729	1804	PC	.816080085199289
1736	625	PC	11.6143728991639
1736	1422	PC	19924.0070772174
1736	1736	PC	14496.9602934543
1738	50	PC	52.1735272480547
1738	51	PC	855.601580222634
1739	625	PC	8.33199920608017
1742	1742	PC	221437.794555939
1743	1743	PC	205461.097560542
1750	1554	PC	468.059671332863
1750	1675	PC	.994882912352585
1750	1804	PC	1826.98772269147
1750	1868	PC	1503.28950333718
1751	625	PC	14.5603452606187
1751	1750	PC	7066.26551178211
1751	1751	PC	22203.6730773299
1804	402	PC	20.0598201087111
1804	1804	PC	507526.042813031
1804	2002	PC	1.44339126299933
1805	709	PC	1764.56003423818
1805	805	PC	10128.0689532782
1805	1238	PC	298.875925001616
1805	1503	PC	249.134542128226
1805	1511	PC	32074.0380714969
1805	1671	PC	2511.39826936065
1805	1675	PC	1403.42844464272
1805	1804	PC	4493.45502646977
1805	1805	PC	96366.381875903
1805	1850	PC	1218.58156663716
1805	1851	PC	3624.89400452124
1805	1868	PC	8556.11598885998
1805	1901	PC	6713.4757770219
1805	1931	PC	11433.7062768518
1805	1941	PC	486.604255131256
1805	1971	PC	1051.16403005631
1813	301	PC	45.9463791672758
1813	1671	PC	1112.89148047157
1813	1676	PC	1.99726243739859
1813	1804	PC	214.280823210949
1813	1931	PC	.960831491493838
1820	1531	PC	1.42856233246861
1820	1820	PC	53249.1226151267
1820	1931	PC	1.73044863806356
1824	106	PC	1436.24550711705
1824	805	PC	1343.58090269494
1824	1671	PC	1370.48456311339
1824	1824	PC	554872.527970061
1824	1833	PC	118078.752710594
1828	720	PC	2.01165404143934
1832	213	PC	1.79989912487459
1833	104	PC	1764.50922026438
1833	106	PC	1574.03680241011
1833	302	PC	740.86587790747
1833	805	PC	9164.0514406346
1833	1438	PC	803.039641866427
1833	1502	PC	111.004801262076
1833	1504	PC	168.065703545363
1833	1511	PC	363.265421382088
1833	1671	PC	3141.40165355558
1833	1675	PC	576.528559384758
1833	1804	PC	1422.21034225382
1833	1833	PC	92587.104974818
1833	1901	PC	1062.35197760533
1833	2030	PC	16.9096901644618
1833	5102	PC	18.2201440889236
1837	1401	PC	1.16731467960926
1841	1841	PC	56329.3748141539
1841	4001	PC	38.9417535430259
1841	5101	PC	199.291390736824
1841	5102	PC	64.1695562149674
1841	5605	PC	53.1690608638301
1841	5840	PC	22.1843322914602
1841	5880	PC	22.9176986482026
1848	1848	PC	4894.64202061823
1850	805	PC	1508.54162624823
1850	1671	PC	1165.58425560327
1850	1675	PC	590.917239849565
1850	1804	PC	1608.6628624109
1850	3001	PC	1.33323064436153
1850	5101	PC	489.771563705092
1850	5106	PC	1178.53286794782
1850	5201	PC	19.5426781094288
1850	5404	PC	1311.83224710144
1850	5605	PC	20.3266745397207
1850	5880	PC	19.7134675982989
1850	6020	PC	65.04354161765
1851	1401	PC	2757.96935164132
1851	1503	PC	194.56221385252
1851	1504	PC	2.5158209268072
1851	1554	PC	89.9808890309319
1851	1569	PC	176.729719268422
1851	1804	PC	111937.385872454
1851	1805	PC	21881.4128122165
1851	1868	PC	37372.4371177549
1851	1901	PC	9.45659862242054
1854	1122	PC	2.17559043835264
1860	1804	PC	2356.93649264048
1860	1860	PC	134492.054777243
1865	709	PC	14.1501519236875
1865	1401	PC	742.424995662339
1865	1804	PC	340.390992963119
1865	1805	PC	432.603989767195
1865	1901	PC	17.1997649993086
1865	2002	PC	31.014426217273
1866	214	PC	.824740732073501
1866	305	PC	.984821852052684
1866	1401	PC	523.039000962125
1866	1528	PC	3.78720910317661
1866	1805	PC	27085.6505776862
1866	1866	PC	290116.358418988
1866	1931	PC	1.81784636762799
1868	1805	PC	3382.41983882414
1870	106	PC	1525.56849729253
1870	1504	PC	556.176987240659
1870	1675	PC	245.389335924652
1870	1805	PC	2556.90383672438
1870	1833	PC	25656.4976638612
1870	1901	PC	99.7175789441249
1870	2014	PC	2.99416049362195
1871	213	PC	.818044708651302
1871	1703	PC	4758.87154029445
1871	1832	PC	1.46703470684013
1871	1865	PC	11331.927128558
1871	1871	PC	276313.258544839
1871	1915	PC	4.86427214361585
1871	1924	PC	10834.1985801877
1871	1931	PC	10627.8535274115
1871	1942	PC	10714.7175118768
1901	105	PC	1606.96097040653
1901	106	PC	5369.03543633658
1901	1106	PC	1169.03391828743
1901	1149	PC	188.366605413572
1901	1676	PC	.635694866428667
1901	1805	PC	2183.98945378386
1901	1833	PC	3701.56140376142
1911	1911	PC	358138.692215567
1913	1860	PC	3761.19021553907
1913	1901	PC	3645.14624303999
1913	1917	PC	3354.73607363749
1913	1931	PC	3352.78813364883
1924	720	PC	.86359926905823
1924	1924	PC	46205.853297994
1931	1677	PC	1.48724437763803
1931	1871	PC	.563949696797653
1931	1924	PC	40809.1285758791
1931	1931	PC	39132.7310426404
1931	1972	PC	11.8134257736287
1931	2014	PC	3.15679390826865
1931	2022	PC	11.0826767686264
1933	1933	PC	207865.168429744
1933	1940	PC	8209.69669835245
1938	1971	PC	1.9287311485228
1940	1940	PC	23644.4859658367
1942	1942	PC	.607114418774534
1971	105	PC	989.208947899156
1971	106	PC	2330.02297461923
1971	310	PC	.597279481850338
1971	1172	PC	.612973186522415
1971	1263	PC	5.30967634859034
1971	1401	PC	1301.70993448207
1971	1504	PC	102.274962462019
1971	1671	PC	50.3597748246841
1971	1805	PC	12155.0817650528
1971	1833	PC	5497.71083946124
1971	1901	PC	870.103050860571
1971	1971	PC	61208.0467117699
1972	1971	PC	1.9751471055021
1972	1972	PC	1171344.46539536
1973	1972	PC	95328.6882030718
1973	1973	PC	183342.346075185
2002	1106	PC	10.4241291023051
2002	1820	PC	1.61204613446436
2002	2003	PC	.901980810825712
2002	2030	PC	2.51741380966066
2002	2301	PC	64.649832309665
2004	2004	PC	457674.798768225
2011	51	PC	82.8011695558437
2011	4001	PC	138.918905733226
2011	4003	PC	22.3737379530741
2011	4004	PC	22.2820423057254
2011	5101	PC	472.360957751909
2011	5102	PC	27.4169985572506
2011	5106	PC	21.9152597163307
2011	5501	PC	67.9464746853602
2011	5840	PC	153.030865860186
2011	5880	PC	610.051141810663
2012	52	PC	29.7093897409672
2012	58	PC	3.7136737176209
2012	1106	PC	35796.025619111
2012	1120	PC	.966062815339704
2012	1146	PC	20024.9693969204
2012	1149	PC	180369.160720334
2012	1173	PC	878.857647573134
2012	1219	PC	1637.3504435695
2012	1263	PC	17.4896953971654
2012	1271	PC	1077.50369283229
2012	1401	PC	109.001878870432
2012	1504	PC	64.770833375402
2012	1551	PC	.990297803756472
2012	1554	PC	378.229389239414
2012	1563	PC	636.047613189318
2012	1804	PC	5.00835741357565
2012	1813	PC	6.67784209030605
2012	1820	PC	7.07703863738087
2012	1833	PC	3630.24973213055
2012	1871	PC	213.787186696534
2012	1901	PC	.954509790793443
2012	3001	PC	651.96063743137
2012	4001	PC	29.1592158568752
2012	5404	PC	2412.90310520106
2012	5820	PC	10.8200863871424
2012	6020	PC	45.8019758506578
2014	1504	PC	1.43764797370676
2014	1671	PC	44.733549041178
2017	2017	PC	1246553.45163098
2018	1504	PC	71.5516574828868
2018	1931	PC	1.04059908988893
2019	806	PC	1405.30323888184
2019	1149	PC	107.971729316236
2019	1554	PC	22487.107815723
2019	1612	PC	7432.67547423808
2025	1805	PC	28243.4212514156
2025	1833	PC	103389.602012648
2025	2030	PC	.956696101666657
2027	2027	PC	9883.87359922962
2028	1941	PC	37.4417939174533
2030	51	PC	.974923442247129
2030	623	PC	1860.03079438047
2030	1263	PC	464.933629779826
2030	1271	PC	124.00424110112
2030	2002	PC	7.50179766780206
2030	2003	PC	6408.30516716545
2030	2012	PC	3318.78352598869
2030	2027	PC	211.647795744823
2030	2030	PC	67592.1262524349
2030	5831	PC	118592.732740562
2030	6010	PC	242448.336060911
3001	302	PC	295.467915278273
3001	418	PC	4.70893437068635
3001	602	PC	1.58466865954633
3001	709	PC	2.43452793623301
3001	1551	PC	65.6512945428208
3001	2012	PC	8.78212060335509
3001	2030	PC	1.4418894577315
4001	104	PC	777.512145090365
4001	105	PC	49.9038128524035
4001	106	PC	21.5228731413008
4001	124	PC	229.234237151681
4001	125	PC	402.869766310819
4001	211	PC	201.306365597038
4001	213	PC	1068.60388471987
4001	216	PC	1.03668110006005
4001	219	PC	2630.56073113536
4001	220	PC	.986551785676099
4001	227	PC	157.057048106211
4001	228	PC	8.61412568699044
4001	229	PC	162.527813093377
4001	230	PC	8.10244346194534
4001	231	PC	206.918297196858
4001	233	PC	30.7510574845828
4001	235	PC	85.5401987461379
4001	236	PC	1.17109342225037
4001	237	PC	40.3707024487621
4001	301	PC	11.0204011054245
4001	302	PC	1677.49895381387
4001	303	PC	723.346790703538
4001	304	PC	36.4216253117408
4001	305	PC	2070.3958058736
4001	306	PC	6.5871160128213
4001	309	PC	14.7890986704345
4001	310	PC	2.40609051529538
4001	312	PC	1510.39672734467
4001	412	PC	3.00771848195612
4001	418	PC	68.5062748446518
4001	419	PC	18.1725700325238
4001	522	PC	2.61394759404437
4001	534	PC	1.10758560814901
4001	602	PC	87.9887273213098
4001	604	PC	.778837428282337
4001	605	PC	103.137638535865
4001	626	PC	4.90717321140289
4001	704	PC	3.21972405437762
4001	706	PC	121.420098243085
4001	709	PC	11.440252527015
4001	711	PC	111.046565908606
4001	713	PC	26.6144586912057
4001	722	PC	.587193582802367
4001	723	PC	6.10180550536694
4001	728	PC	28.4532464425527
4001	805	PC	1.46050654374774
4001	806	PC	1025.00772716768
4001	819	PC	26.5456735524473
4001	834	PC	8.02113803699086
4001	904	PC	83.1058375969312
4001	906	PC	61.3495138994568
4001	941	PC	9.84366628144756
4001	1004	PC	2.5333374618409
4001	1018	PC	801.670771074093
4001	1071	PC	155.343412640808
4001	1072	PC	7.69483914408601
4001	1073	PC	6.38671648959139
4001	1074	PC	30.7793565763441
4001	1075	PC	25.3929691754838
4001	1102	PC	31.1112964149354
4001	1121	PC	1.98515246974324
4001	1122	PC	2.87961082076166
4001	1146	PC	17.4612424526802
4001	1149	PC	27.6007904774973
4001	1172	PC	24.3883757660106
4001	1173	PC	23.5327158026947
4001	1224	PC	54.14776513143
4001	1247	PC	6.79824862353028
4001	1271	PC	29.6555136630208
4001	1273	PC	43.8709057681836
4001	1274	PC	1501.96920442462
4001	1275	PC	491.990882055431
4001	1277	PC	17.6702259344073
4001	1424	PC	8.90086284326911
4001	1438	PC	214.068653680905
4001	1504	PC	29.4951036727243
4001	1548	PC	56.526392597778
4001	1671	PC	3.39784133896336
4001	1676	PC	1582.35392997362
4001	1702	PC	.716872261619176
4001	1714	PC	30.1443892299811
4001	1804	PC	11.1491817994577
4001	1805	PC	65.5811002978108
4001	1845	PC	388.95720970726
4001	2003	PC	1.04174262368807
4001	2012	PC	2.49433011219553
4001	2028	PC	1.2529011471933
4002	214	PC	1.00495882170593
4002	219	PC	16.9173961959372
4002	220	PC	5.32350281040112
4002	230	PC	22.9044338146865
4002	237	PC	5.83093999090126
4002	304	PC	9.1178166895404
4002	306	PC	6.23050807118594
4002	722	PC	2.55661260965842
4002	1146	PC	16.1341880262765
4003	106	PC	8.63977953138935
4003	219	PC	18.0115509891394
4003	309	PC	2.1882760054897
4003	626	PC	5.43452324478581
4003	628	PC	16.6781459097658
4003	704	PC	.747180407539696
4003	1119	PC	17.504752596411
4003	1149	PC	1.1420671599211
4003	1677	PC	.949412357984173
4004	106	PC	24.5042198952191
4004	213	PC	1.35042176505867
4004	227	PC	30.5955288518593
4004	231	PC	12.2346369369909
4004	233	PC	312.565458236295
4004	237	PC	.589086430016153
4004	304	PC	25.3272685820567
4004	502	PC	30.3733711105229
4004	605	PC	20.627527707173
4004	628	PC	.620428268699827
4004	1074	PC	20.0086337317287
4004	1075	PC	4.13469356675555
4004	1504	PC	20.3414508087753
4004	1714	PC	30.1443892299811
4004	1845	PC	91.8796558363606
4005	233	PC	27.9166013993762
4005	304	PC	9.42174391252508
4005	517	PC	4.59533809471031
4005	1102	PC	8834.70292381496
4005	1146	PC	16.283855818728
4005	1149	PC	393.667847499535
4005	1430	PC	.645812341401628
5101	104	PC	.719883473370723
5101	105	PC	89.8084181932309
5101	106	PC	15637.2382579705
5101	211	PC	1.03234033639507
5101	213	PC	1.6450217839807
5101	217	PC	144.30752069186
5101	219	PC	1719.57367299652
5101	221	PC	25.7434659125777
5101	226	PC	.988174981307173
5101	230	PC	71.0257683195806
5101	231	PC	6.09692740693378
5101	301	PC	391.686208621506
5101	302	PC	5.68647834204336
5101	304	PC	1.20456489376261
5101	305	PC	207.293562436701
5101	306	PC	9.63449296861436
5101	309	PC	7.11493629007136
5101	312	PC	1.06374528044638
5101	403	PC	2.82615187729012
5101	412	PC	27.2666250107598
5101	417	PC	2.62816349008794
5101	418	PC	273.845711402581
5101	602	PC	39.341380309062
5101	711	PC	200639.926575559
5101	713	PC	85.6863474864403
5101	805	PC	19.9876740320861
5101	806	PC	24.2151902696221
5101	1124	PC	973.390781115236
5101	1172	PC	1.21218494803095
5101	1173	PC	25.6708323052318
5101	1246	PC	.71832226041472
5101	1271	PC	2.60991268111648
5101	1273	PC	26.4037858789994
5101	1277	PC	26.4037858789994
5101	1430	PC	54.4569632264778
5101	1445	PC	27.5897619833026
5101	1449	PC	25.9960413187758
5101	1502	PC	203.372258847853
5101	1515	PC	78.5265588385798
5101	1548	PC	75.147088165066
5101	1554	PC	54.1543666410424
5101	1653	PC	27.3281088939772
5101	1664	PC	52.8985090210541
5101	1676	PC	28.5182374286046
5101	1804	PC	1.06424008085732
5101	1833	PC	26.5299599738962
5101	1865	PC	53.887910203818
5101	1929	PC	24.7781017829811
5101	1931	PC	.934401388084373
5102	105	PC	1.52273235931564
5102	106	PC	71.5165867733593
5102	217	PC	9.62324392341326
5102	219	PC	2.07422709611785
5102	230	PC	811.358734993594
5102	301	PC	753.739513002006
5102	304	PC	1.43858885546082
5102	305	PC	27.2501148128064
5102	306	PC	1356.65007614415
5102	711	PC	256.581871407251
5102	713	PC	135.311724221531
5102	904	PC	208.758634672753
5102	1102	PC	2.50633390063848
5102	1172	PC	36.1175310602573
5102	1271	PC	2.06355741946641
5102	1548	PC	3003.44773831762
5103	312	PC	2.6563239288861
5103	713	PC	53.1736985416182
5103	720	PC	21.9104794440535
5104	418	PC	2314.72278265472
5104	602	PC	14.3838393391196
5106	105	PC	.995002100198845
5106	301	PC	45.8676834021046
5106	305	PC	7.58197112272448
5106	519	PC	5.11165852949547
5106	602	PC	241.636219715097
5106	713	PC	388.669059205455
5106	1074	PC	24.6275891752854
5106	1102	PC	1.76981914647065
5106	1246	PC	1.18242347393369
5106	1247	PC	21.8515134327759
5106	1277	PC	138.640186469269
5106	1673	PC	2.10980523996483
5106	1676	PC	22.7858965916201
5106	1850	PC	1.55071548933078
5201	211	PC	501.717403488002
5201	230	PC	60.124138763552
5201	303	PC	.91178166895404
5201	805	PC	48.5498054377682
5201	1074	PC	7.89285300472716
5204	125	PC	3.46684605445395
5402	125	PC	3.04216762139952
5402	302	PC	.638247168267828
5403	124	PC	1.41464371575587
5403	125	PC	1.64460806646799
5403	217	PC	.69832025478226
5403	219	PC	3.73049743236795
5403	412	PC	27.764293976427
5403	602	PC	3.96167164886582
5403	605	PC	26.8157860193249
5403	1124	PC	1591.13497172617
5403	1172	PC	1.53047391989245
5403	1227	PC	24.2850865480959
5403	1260	PC	51.8884178504461
5403	1271	PC	3.57974404705665
5403	1273	PC	105.615143515998
5403	1274	PC	79.2113576369982
5403	1430	PC	26.8657934023077
5403	1551	PC	181.982556059375
5403	1702	PC	.701141522335997
5403	1824	PC	1.50728457836785
5403	2012	PC	2.54767773223942
5404	104	PC	25.9957920939428
5404	219	PC	111.863067293636
5404	704	PC	2.46845510835618
5404	1102	PC	7.94085988321102
5404	1124	PC	1.24252279031005
5404	1127	PC	11.9237717990632
5404	1850	PC	12.1141320067053
5501	106	PC	1.12106806020628
5501	219	PC	22957.5454998324
5501	626	PC	10.8690464895716
5501	926	PC	16299.2004629057
5501	1002	PC	.914573392734007
5501	1224	PC	19.6049777654839
5501	1274	PC	1.94575591323703
5501	1275	PC	11.3810472440749
5501	1277	PC	1.00232833317586
5501	1520	PC	.632639379528317
5501	1548	PC	21.3131474939094
5501	1551	PC	217.853047653958
5501	1671	PC	1.04435359378259
5501	1677	PC	1.15511836888074
5605	104	PC	10.1753529284637
5605	106	PC	5.48384021071758
5605	125	PC	.674789529444658
5605	219	PC	298.887827642198
5605	220	PC	2.19347087818367
5605	228	PC	24.2364579150395
5605	231	PC	3.42569834235744
5605	302	PC	35.2697411366288
5605	306	PC	1.11845218058362
5605	418	PC	19.7326773628761
5605	627	PC	1.37285003225574
5605	904	PC	1.02330685274181
5605	926	PC	3.13636130119549
5605	1072	PC	1.20962871345032
5605	1075	PC	.853614155717275
5605	1106	PC	36.4967901918562
5605	1121	PC	10.422050466152
5605	1124	PC	152.454793947141
5605	1172	PC	2.44400460536505
5605	1272	PC	104.614846243274
5605	1674	PC	.841812290745967
5700	106	PC	66398.2678427454
5700	309	PC	9.66488569091282
5700	521	PC	8.91287761123365
5700	805	PC	77614.4875154403
5700	1529	PC	.60493872957944
5710	213	PC	5.09884648134279
5710	301	PC	10.8400709531203
5710	305	PC	1.09413800274485
5710	308	PC	1.88434878250502
5710	309	PC	26.3403593253389
5710	612	PC	2.49305125445132
5710	1074	PC	48.0157962590967
5710	1149	PC	28.2263750304777
5720	231	PC	67.2415646057018
5720	521	PC	91.7477951298691
5720	626	PC	49.353522208203
5740	304	PC	1.44264121843395
5740	602	PC	8.56711494067233
5750	428	PC	1.15275991334247
5750	628	PC	.641109210989821
5760	237	PC	2.02117585471059
5770	231	PC	.917597770274314
5770	233	PC	1.00994295960862
5800	104	PC	23.4961967002944
5800	233	PC	1.7573214240887
5800	306	PC	36.6667932716151
5800	545	PC	1.17588585822137
5800	1274	PC	3.0080005297537
5800	1276	PC	2.64139411812606
5800	1504	PC	34.9161003132629
5800	1653	PC	1.22813761788527
5810	1515	PC	.724860543125352
5810	2004	PC	22.2383632242065
5820	219	PC	63.0565037219827
5840	125	PC	1.58743981586451
5840	219	PC	10.2726096935237
5840	220	PC	162.408664696772
5840	228	PC	.607090762702183
5840	238	PC	3.34610903942652
5840	301	PC	1.13770090470599
5840	302	PC	1.81140624898869
5840	307	PC	23.7660957466587
5840	310	PC	1.11439981761049
5840	312	PC	.68383625171553
5840	604	PC	1.31390585904568
5840	620	PC	24.2941083088506
5840	623	PC	3.8489011921432
5840	626	PC	2.69713375852333
5840	1102	PC	3.66470683610188
5840	1124	PC	47.5382928317992
5840	1149	PC	2.70452713944506
5840	1172	PC	19.0146658514659
5840	1173	PC	.723384026957943
5840	1271	PC	1.92544530871473
5840	1401	PC	.922627715603753
5840	1503	PC	1.80336085957923
5840	1702	PC	5.13833362442711
5840	1865	PC	1.30125889685392
5841	215	PC	1.21418808299373
5841	231	PC	1.30808659917994
5841	305	PC	3.28241400823454
5841	1119	PC	22.3028901413239
5841	1130	PC	12.4062304977222
5842	105	PC	7.63108201872379
5842	229	PC	1.83925705645612
5842	304	PC	.976619476524105
5842	706	PC	.652243691484893
5842	1221	PC	12.8367472189549
5842	1653	PC	1.02344801490439
5842	1865	PC	1.33113965670761
5850	2015	PC	1.04934024244856
5880	106	PC	1.22418998559866
5880	211	PC	32.3122525291656
5880	219	PC	62.9527923671768
5880	231	PC	28.1315085304543
5880	302	PC	80.2367868679555
5880	305	PC	1.43858885546082
5880	306	PC	2.77789481807998
5880	403	PC	7.8399546521863
5880	418	PC	256.878598670108
5880	626	PC	55.1573917549955
5880	806	PC	700.740999760504
5880	1124	PC	1842.96406465909
5880	1503	PC	16.829422649644
5880	1551	PC	21.24309992911
5880	1634	PC	111.97675922535
5880	1841	PC	20.6380560935708
6000	308	PC	6.51012111633184
6020	106	PC	43.0018428886227
6020	124	PC	139.399198267914
6020	213	PC	53.3277537748682
6020	217	PC	6.99348708765739
6020	219	PC	5732.14628527909
6020	220	PC	55.091826707869
6020	231	PC	26.5083800301469
6020	304	PC	14.9572717338194
6020	305	PC	725.456045631052
6020	308	PC	.624063897861876
6020	309	PC	3615.67020823725
6020	521	PC	27.4497746034074
6020	612	PC	20.6156161425782
6020	619	PC	28.5665851699244
6020	626	PC	4671.64701233303
6020	627	PC	121.039611177214
6020	704	PC	.575461791306223
6020	722	PC	5.35435797926488
6020	901	PC	17.090949609028
6020	904	PC	1.21101402691339
6020	1072	PC	20.152270729085
6020	1074	PC	635.901506867268
6020	1102	PC	125.954941645037
6020	1121	PC	25.8069821066622
6020	1149	PC	26.0933819386356
6020	1172	PC	173.959390802846
6020	1173	PC	24.1816946154512
6020	1175	PC	1.48810428402777
6020	1243	PC	18.4935228059772
6020	1272	PC	90.0267545451268
6020	1275	PC	1.44814610244051
6020	1277	PC	184.249679984562
6020	1516	PC	1.96859989993675
6020	1551	PC	197.5234010218
6020	1636	PC	3.27027368871027
6020	1671	PC	36.3941403893933
6020	1805	PC	2.86893281264448
6030	106	PC	40.8403664920319
6030	231	PC	2.02381285999391
6030	309	PC	33.0581640440436
6030	602	PC	23.3322651759952
6030	1071	PC	19.4935924983512
6030	1172	PC	.715116780935566
6030	1175	PC	2.31172866900703
6030	1677	PC	100.057513505332
6030	1850	PC	4878.34799376583
6030	1972	PC	2191.57367240769
6040	1272	PC	20.9128139463936
6050	1124	PC	233.749599927079
