50	101	PC	26.8985981862399
50	231	PC	1.91487409521596
50	301	PC	82.2384379854588
50	423	PC	139.909512143982
50	605	PC	170.187402816367
50	627	PC	50.4434654558283
50	704	PC	1.09343371280234
50	805	PC	6914.19706500711
50	1833	PC	19.4204369581127
50	2012	PC	15.8893804831812
51	1933	PC	2.05275625754145
52	105	PC	2.80903760525217
52	106	PC	2.00119065822657
52	123	PC	3790.84522302649
52	211	PC	5.69066819514086
52	226	PC	4752.85102150819
52	229	PC	69.9169810775608
52	230	PC	13098.5227385824
52	301	PC	2088.63617186765
52	528	PC	7.70107859984763
52	602	PC	98.7059816038769
52	605	PC	731.190645088065
52	626	PC	3.13113336561913
52	706	PC	21.4049514330494
52	720	PC	10.2424005571647
52	805	PC	61.0818793011476
52	819	PC	16.2089189401245
52	1102	PC	28.6509999427696
52	1416	PC	6.73393062870801
52	1548	PC	21.0796751534878
54	238	PC	5.93779208110095
54	301	PC	88.2510457976017
54	1102	PC	.773967029083608
55	219	PC	728.00792562322
56	135	PC	21.7913196709556
56	301	PC	.623980055012171
56	605	PC	111.873695911012
56	628	PC	73.4107950602404
56	709	PC	1.06906382863299
56	806	PC	4.47399997190357
56	928	PC	4522.20279263281
56	2012	PC	133.399823492564
57	301	PC	3.78227910268916
57	418	PC	1.50801618830193
57	702	PC	587.200407677034
57	805	PC	4919.7742545104
58	104	PC	767.954350551075
58	106	PC	173.654691889445
58	119	PC	.952675000413531
58	124	PC	45.9354389375103
58	125	PC	33.8080819199343
58	211	PC	37.0654274913925
58	213	PC	398.146975406371
58	215	PC	1.59827600807795
58	219	PC	202.756979174975
58	220	PC	3.57492067123088
58	229	PC	1.2000920252045
58	230	PC	27.2357670487061
58	231	PC	1.70951701931128
58	233	PC	101.411474963091
58	238	PC	7.47643423544973
58	301	PC	1251.13227529546
58	402	PC	1534.70048314268
58	403	PC	6.26606428863645
58	412	PC	79.2911540592738
58	501	PC	5.71667100949807
58	502	PC	47.2233035475815
58	528	PC	15.9127492602879
58	602	PC	173.57367532823
58	604	PC	1.45540402181438
58	612	PC	.560937756864229
58	620	PC	8.26809859078086
58	626	PC	10.603638298135
58	702	PC	1.08852361622428
58	704	PC	20.2712443907559
58	706	PC	631.815302687177
58	709	PC	16.6441075116513
58	805	PC	12620.2452217125
58	806	PC	1.16856618313767
58	815	PC	.621730000097072
58	904	PC	1.40817862077431
58	906	PC	183.353826900666
58	926	PC	1.30025527037051
58	1002	PC	2.42000172377181
58	1004	PC	.577826400386458
58	1034	PC	109.578369670263
58	1102	PC	7.27041469052554
58	1106	PC	167.780839071999
58	1146	PC	3.73886086283306
58	1173	PC	317.913540050843
58	1221	PC	157.778391784417
58	1223	PC	1.09387324604369
58	1228	PC	18.4023553726216
58	1247	PC	112.841334284129
58	1273	PC	12.1514570317014
58	1275	PC	11.7347141483745
58	1416	PC	74.1858764371142
58	1504	PC	62.1902479355998
58	1548	PC	62.6066352058589
58	1551	PC	66.5679608231509
58	1638	PC	1.74317442511818
58	1677	PC	116.339555458363
58	1738	PC	7.04683267277146
58	1922	PC	1.01828484355034
58	1931	PC	5.04545763624853
58	1940	PC	2.04852988203047
58	2020	PC	59.9296800690914
59	219	PC	4.29121621109869
59	230	PC	22.755695876458
59	301	PC	18.0922216976349
59	402	PC	1424.38351804952
59	1173	PC	2.40993396701006
60	124	PC	98.9738577848023
60	128	PC	14.4717451401949
60	219	PC	1894.45628660365
60	220	PC	13.5357650878135
60	229	PC	.911689628302359
60	301	PC	116.324815110286
60	412	PC	8.21602596980705
60	1677	PC	1.11628189236189
60	1871	PC	59.2066023771091
61	1275	PC	11.4816916834974
62	301	PC	43.8716643465053
62	517	PC	3.12282060609178
62	1719	PC	31.8695817885628
62	1804	PC	12.8911950957973
62	1833	PC	43.7755751105
101	306	PC	92196.5241263104
104	58	PC	.908369714948292
105	58	PC	3196.97690967042
105	60	PC	43.7695844488325
105	306	PC	8515.09559069736
105	1003	PC	1.92539318974877
105	1276	PC	1.65052031115883
105	4001	PC	179.096632082187
105	5605	PC	6.04532552936378
106	58	PC	1882.76119299502
106	213	PC	8616.42167308575
106	231	PC	8494.17304401643
106	306	PC	51090.5735444017
106	412	PC	5481.62708354187
106	501	PC	12299.2575160219
106	542	PC	12590.1355888136
106	620	PC	11584.9584153947
106	709	PC	13883.0267424246
106	1071	PC	5109.10780994097
106	1271	PC	7680.19889894034
106	1272	PC	4825.20755174946
106	1504	PC	3622.46236917525
106	4001	PC	10.3106135143722
124	60	PC	33.9946256290418
125	231	PC	3.42224176339255
128	237	PC	5119.77981806422
128	438	PC	4813.45925895961
135	104	PC	9887.00377918149
211	58	PC	1.6088665700545
211	101	PC	18.0782692255328
211	106	PC	8.12976448547796
211	122	PC	49.7451524141003
211	214	PC	64.2213439952225
211	215	PC	11.9984806293833
211	219	PC	42.3696541094818
211	221	PC	3.86607060742624
211	227	PC	26.1007524313823
211	229	PC	3.41841517896979
211	231	PC	74.4939498450503
211	233	PC	51.3484763058271
211	235	PC	18.504718155097
211	236	PC	10.1754947411611
211	238	PC	35.3697595360635
211	239	PC	29.1158913844495
211	301	PC	16.298273530436
211	305	PC	11.1250097674811
211	307	PC	10.3541973016888
211	309	PC	20.7083946033775
211	310	PC	7.77504345159588
211	412	PC	33.6139305883807
211	419	PC	9.26818970785709
211	427	PC	20.3583356867388
211	517	PC	13.7323518914913
211	528	PC	1.7067828664947
211	534	PC	23.6786353197576
211	536	PC	22.755076332427
211	542	PC	5.61951093121581
211	605	PC	8.04014141987347
211	612	PC	4.85323612761436
211	617	PC	5.6917601034736
211	620	PC	65.6962578900821
211	623	PC	11.6105903851588
211	624	PC	17.2567341849408
211	625	PC	16.2427323867356
211	704	PC	4.37457028026238
211	711	PC	46.6753850096503
211	723	PC	59.6358073659855
211	807	PC	13.686896498732
211	817	PC	8.45803687082743
211	1519	PC	17.4578594443957
211	1634	PC	3.39157528933669
211	5700	PC	3.8838118060898
211	5850	PC	29.7343841276412
213	136	PC	8861.24612002709
213	306	PC	4257.80843273306
213	926	PC	.754394220247587
217	58	PC	2.09113124215929
219	54	PC	138.598095493682
219	58	PC	28.2773105002696
219	62	PC	102.014325033959
219	5820	PC	46.9422991325655
219	6020	PC	13.2549892970014
220	219	PC	374.582490199042
220	4001	PC	9.3275850608528
220	4002	PC	6.11496839568329
226	58	PC	3.6024927838989
226	226	PC	42257.159619375
226	306	PC	4783.46855698683
226	412	PC	6187.42715190132
226	805	PC	2019.16806071609
226	1173	PC	4774.72721514988
226	1671	PC	4941.92583775747
226	1677	PC	6504.20416044852
226	1719	PC	18517.8381123269
229	219	PC	1277.86905863218
229	302	PC	23948.0769655936
229	303	PC	786.332272934664
229	306	PC	47896.1539311872
230	52	PC	63.5494803591417
230	230	PC	513.53610522103
230	4001	PC	72.3246052652964
231	58	PC	62.8422729376329
231	516	PC	16071.6525325943
231	5104	PC	19.8375153298398
235	105	PC	1.87509977937562
235	216	PC	.680173244412182
235	228	PC	18.1773009157375
235	235	PC	3.19150986901192
235	236	PC	44.8568723320709
235	237	PC	6.16861462284603
235	238	PC	13.4256665156406
235	239	PC	.840125979183932
235	534	PC	.627534561187489
235	605	PC	4882.34145810612
235	1017	PC	.690344936096216
301	54	PC	30.8721097331762
301	58	PC	57.2652818741951
301	61	PC	1.25076714674604
301	101	PC	24879.5447504894
301	106	PC	12234.6366302908
301	125	PC	5555.28131055624
301	135	PC	17103.113653953
301	211	PC	5617.43151879176
301	213	PC	5741.94409687047
301	217	PC	2.73680612337142
301	219	PC	19196.4644786774
301	228	PC	.64773927629538
301	230	PC	1.75112662585892
301	231	PC	6532.86295986385
301	233	PC	14066.4714952708
301	235	PC	30231.4557531955
301	301	PC	26339.0092076109
301	302	PC	19.7083873420212
301	303	PC	14.6201058998221
301	304	PC	3.58125953919605
301	305	PC	48.7850021828313
301	306	PC	39573.1274368104
301	307	PC	5.43275184586979
301	308	PC	2.38336539570731
301	309	PC	55637.8570806575
301	310	PC	1.40869808915134
301	311	PC	6753.48149257472
301	312	PC	9.08565968820556
301	402	PC	6534.41592479233
301	403	PC	20417.3194178347
301	412	PC	11988.3376281617
301	427	PC	17785.3590247087
301	501	PC	22038.6766064088
301	516	PC	15891.0220128172
301	517	PC	5762.51542398235
301	604	PC	2400.04549724465
301	605	PC	53262.4812509446
301	616	PC	6636.92237769179
301	618	PC	33991.1326565481
301	619	PC	22197.4029539472
301	624	PC	30861.9931957031
301	1671	PC	12134.6802739583
301	1751	PC	12193.363527089
301	3001	PC	127.040220560528
301	4001	PC	59.7588747889777
301	4004	PC	32.3611182412072
301	5605	PC	176.109006934182
301	5700	PC	.85369821127111
301	6010	PC	354.508108953715
301	6020	PC	56.7590189814645
301	6030	PC	2.23351276204651
302	221	PC	16.1160338594633
302	307	PC	8.66713344432736
302	702	PC	13.6867211186659
302	709	PC	2.35042533089208
302	1102	PC	30.718276827966
302	1124	PC	22.7024012300472
302	1246	PC	14.2490570917147
302	1273	PC	39.7370931325778
302	1535	PC	15.1188859430327
302	1633	PC	5.65767784229008
302	1671	PC	50.7874198014761
302	1674	PC	10.3748620217023
302	1677	PC	17.6866695417592
302	1850	PC	5.23514193816993
304	545	PC	16028.0835695884
306	213	PC	14908.4296560722
306	1750	PC	5168.99357760495
403	106	PC	2.73574055768757
403	235	PC	14379.2693402352
403	403	PC	35.1185507986178
403	412	PC	10.8444515057814
403	415	PC	3.74591127716596
403	417	PC	6489.77144167438
403	501	PC	18529.3635123647
403	502	PC	6302.13625364463
403	542	PC	6267.60338979414
412	235	PC	5388.54197129841
412	430	PC	4728.74708225934
412	502	PC	4796.77022822131
418	135	PC	7224.24223031529
418	306	PC	3418.99629597848
418	311	PC	3418.99629597848
418	1271	PC	5612.52447796053
425	60	PC	.538884422124837
427	235	PC	.690657064242551
427	412	PC	2.47549376920546
427	415	PC	3.59375694106015
427	419	PC	.934230411958462
427	425	PC	9.76728909735368
427	426	PC	9.09976719784441
427	427	PC	14.5328094133025
427	428	PC	1.19506209752134
501	213	PC	9.57007172285929
501	217	PC	9.55505783254431
501	219	PC	11.5827770660828
501	226	PC	10.1874471394503
501	228	PC	8.64994321640738
501	235	PC	12.1976871775936
501	236	PC	2.84553968255474
501	237	PC	8.5811721772294
501	403	PC	23.6521217667181
501	412	PC	3875.54626965725
501	501	PC	20067.1578299588
501	502	PC	961.222482497135
501	515	PC	7.30219767401117
501	516	PC	9.30247145630884
501	519	PC	6.44633431398339
501	520	PC	253.141290150405
501	521	PC	11652.8281953438
501	522	PC	10144.0517463784
501	529	PC	6.61798800017634
501	533	PC	9.13477050844824
501	534	PC	9.19439464962698
501	538	PC	1039.4310053185
501	605	PC	28.6750719635154
501	807	PC	7.51530964961782
501	904	PC	10.5308908636142
501	906	PC	9.35817709243926
502	403	PC	8500.27640280695
511	58	PC	2.46180366840696
517	58	PC	2.66208904529669
517	4001	PC	1.30230402013502
521	60	PC	3.93978412736448
528	1173	PC	7668.331759967
529	226	PC	66156.4695591781
544	805	PC	9605.40717459601
602	52	PC	299.127183233838
602	219	PC	5892.05963672797
602	220	PC	5.64096020661055
602	301	PC	16701.2704252285
602	306	PC	5241.08670332121
602	602	PC	24.2293254467972
602	624	PC	1.47447254351014
602	625	PC	5.87868668257799
602	626	PC	10.5661083221216
602	627	PC	1.58327260995916
602	704	PC	14416.3432203484
602	709	PC	36842.3772020513
602	713	PC	1.74382108763735
602	806	PC	9123.05388676988
602	1573	PC	5996.72801876865
602	4001	PC	.888921975567365
604	417	PC	14.9947456452336
604	626	PC	1586.40910975322
604	1235	PC	23.1180013205715
604	1430	PC	19.3971594961263
604	1677	PC	232.6694897213
604	1804	PC	109.931166561546
604	1853	PC	48.3784120216994
604	1874	PC	1.93192256089577
605	226	PC	13147.6085621607
605	235	PC	1443.21281985994
605	806	PC	11297.7046943327
605	1003	PC	3.72043638143523
618	906	PC	.74448617347604
618	1102	PC	1.19159058443504
618	1173	PC	.82149773246677
618	1256	PC	.81546348862655
618	1275	PC	.934439223625934
618	1445	PC	6.52928341488129
618	1502	PC	.810469714917873
618	1504	PC	1.08466961854871
618	1515	PC	1.03930593001391
618	1674	PC	.750643987523313
618	1805	PC	2.07553769803862
620	1276	PC	1.10157469451838
622	220	PC	5.24734267228718
622	602	PC	22.4330057246495
622	624	PC	1.55136735474625
622	625	PC	5.72504906121978
622	626	PC	10.2992867471096
622	627	PC	1.58873544606366
622	713	PC	1.69983990732778
624	231	PC	1.73083594186921
624	624	PC	2193.36620990093
624	704	PC	12973.7260306062
625	602	PC	2290.46413054598
625	626	PC	1556.37646528491
626	50	PC	144.64735924649
626	58	PC	13.0375223083214
627	52	PC	.938306529765552
627	104	PC	2367.07119332219
627	106	PC	42997.1128248863
627	219	PC	23546.5028068854
627	602	PC	18103.321105045
627	626	PC	6376.76896736886
627	627	PC	19743.0976871485
628	5101	PC	43.0435774391397
633	529	PC	.684126473786475
633	906	PC	.603857776876439
633	1102	PC	1.48688550052598
633	1173	PC	.670753648815196
633	1275	PC	.641819117084434
633	1504	PC	.979522340004759
633	1514	PC	1.73391608603872
633	1515	PC	.600098203601831
633	1671	PC	.724632341122058
633	1805	PC	2.01763806336706
704	624	PC	14615.7922224829
704	806	PC	2706.13341713082
704	4001	PC	1.18469034839179
706	56	PC	4.42154668353428
706	58	PC	26.9073973373966
706	62	PC	3.981457738799
709	1102	PC	3406.16081895358
709	4001	PC	22.956476382518
709	5101	PC	21.285934673931
711	501	PC	10894.6794901893
711	502	PC	4237.85008770331
711	522	PC	4202.77407899848
711	805	PC	4368.07791081547
711	1432	PC	3824.64667038058
719	720	PC	1517.21804077627
719	4001	PC	1.77831859301196
722	4001	PC	1.08102994290751
728	58	PC	26.9442211062418
728	4001	PC	1.57893135682577
805	52	PC	4094.66032674356
805	104	PC	20820.9083549513
805	105	PC	753.990527426381
805	106	PC	10089.1654308997
805	217	PC	381.963729359912
805	219	PC	2841.21462983135
805	230	PC	22.6092364900862
805	231	PC	1089.98245210242
805	233	PC	6151.16788786723
805	235	PC	7196.65039945113
805	301	PC	252275.768533995
805	302	PC	78979.8263468378
805	303	PC	4.37990910628154
805	305	PC	42.704113786245
805	306	PC	1006.69945337654
805	309	PC	1296.49085329646
805	418	PC	5055.50015209109
805	513	PC	3055.63463189294
805	544	PC	5207.85593743598
805	545	PC	2560.14525704021
805	602	PC	115305.113137986
805	604	PC	1.19034821602915
805	625	PC	27.3843679423447
805	626	PC	19.5436756892187
805	627	PC	61727.5631736305
805	702	PC	1286.42086492829
805	704	PC	38.2857634977848
805	706	PC	64.4062518422392
805	709	PC	15.1074358498504
805	815	PC	1762.57896690626
805	906	PC	106.500431517168
805	926	PC	3.07610709284774
805	1003	PC	27.0288508551259
805	1004	PC	5.29324607571197
805	1017	PC	715.661301422366
805	1037	PC	34889.3627096178
805	1072	PC	1122.8306483196
805	1073	PC	4567.53530819743
805	1102	PC	4691.36265415127
805	1106	PC	5664.01899104853
805	1124	PC	69369.0349199287
805	1127	PC	3.91701787396249
805	1149	PC	3329.77564782981
805	1154	PC	5467.71183757275
805	1171	PC	80.4744406114517
805	1172	PC	3975.21278637145
805	1173	PC	695.128058437789
805	1211	PC	36.6478667540137
805	1263	PC	12236.5326140405
805	1271	PC	73242.5964860815
805	1273	PC	22066.6197457352
805	1401	PC	2232.19088826875
805	1424	PC	3098.60384654131
805	1432	PC	40.396964381275
805	1502	PC	219.44078086986
805	1503	PC	2894.94635288228
805	1504	PC	9379.69670859958
805	1511	PC	4476.37159238215
805	1535	PC	37.0487826892372
805	1548	PC	2219.97001296032
805	1554	PC	26.2389381295676
805	1671	PC	20090.4344992825
805	1675	PC	380.765475666432
805	1676	PC	8.52294814718466
805	1677	PC	4811.28171043253
805	1719	PC	596.321407547655
805	1804	PC	38.4812578810216
805	1813	PC	3278.81414440142
805	1833	PC	3763.35731789734
805	1850	PC	2745.58415139053
805	1913	PC	26.6840803731626
805	1972	PC	35.9571937489918
805	2004	PC	183.919271988612
805	2012	PC	37.6439395600177
805	3001	PC	1.55098779692032
805	4001	PC	44798.0017641086
805	5101	PC	3296.18670507145
805	5605	PC	129.12313965026
805	5730	PC	7.08355781780421
805	5760	PC	791.723808405347
805	5800	PC	20.1511651657589
805	5820	PC	2439.91592208372
805	5830	PC	60910.813103646
805	5831	PC	36106.6845471262
805	5840	PC	22.5360278321653
805	5850	PC	45355.6246898135
805	5870	PC	22.888259690688
805	5890	PC	14996.1254241756
806	58	PC	29.2780569694682
806	101	PC	14.6041265832948
806	105	PC	.926067010513556
806	106	PC	25.3529906923008
806	228	PC	356.408932815055
806	301	PC	314.169747458461
806	305	PC	.672372684569901
806	311	PC	1.40425172044583
806	402	PC	.985663509238913
806	423	PC	5.99825385851244
806	502	PC	13.1148857916028
806	602	PC	68.7304603810196
806	604	PC	.805214770571091
806	605	PC	1.15074136224898
806	625	PC	32.1615859762427
806	709	PC	11.7082627836341
806	716	PC	4.80019649585617
806	811	PC	.705881572671506
806	815	PC	.97079948005166
806	906	PC	64.6221774103618
806	1071	PC	52.7524327730161
806	1074	PC	14.0594575175525
806	1101	PC	1.54866382496421
806	1121	PC	2.74278994387457
806	1173	PC	208.859245866
806	1238	PC	17.2624120012584
806	1271	PC	151.156884217908
806	1272	PC	1.75934699345769
806	1416	PC	109.909325856557
806	1504	PC	3.2610212820551
806	1539	PC	3.7757512794638
806	1671	PC	8.86343992566469
806	1677	PC	2.32223218539405
806	1702	PC	.825727537643373
806	1721	PC	3.69107533507407
806	1804	PC	11.6268907827648
806	1812	PC	.611930166014257
806	1833	PC	24.8681022669705
806	1860	PC	2.03329729852533
806	1971	PC	47.4328938816488
821	1677	PC	186.499534370769
821	1804	PC	90.9077294014608
821	1849	PC	56.4346220993524
821	1853	PC	23.42267574706
821	1874	PC	15.5927591557253
904	231	PC	3.84537500416526
904	1134	PC	2.12387800350999
906	1134	PC	4.78105636611028
926	904	PC	7.90677962187466
926	906	PC	1.40515249384626
926	919	PC	2.30993418862985
926	926	PC	5.65253091337326
926	928	PC	4.22215565679326
926	1002	PC	2.72946219962399
926	1014	PC	1.99545904925683
926	1017	PC	1.47968922719225
926	1018	PC	6.66858390124056
926	1032	PC	15332.3523288814
926	1034	PC	.798615508713418
926	1071	PC	5.47502500573194
926	1074	PC	10.9787450906269
926	1122	PC	.608976583374301
926	1833	PC	10.7519035904759
926	5800	PC	20.5434301884958
926	6010	PC	76.8145650526364
1003	105	PC	289.479426287051
1003	220	PC	.902776696118127
1003	235	PC	1.01282724314642
1003	302	PC	97.4448743311377
1003	305	PC	1620.88628345361
1003	306	PC	2859.5641648809
1003	307	PC	159.754096578794
1003	412	PC	41.840890033703
1003	427	PC	.930719330352186
1003	502	PC	227.778332240494
1003	602	PC	1691.89056876261
1003	605	PC	1.60460310282714
1003	704	PC	.704860889837977
1003	706	PC	316.741995039064
1003	709	PC	135.325775804174
1003	716	PC	1383.74027923924
1003	806	PC	554.384832618951
1003	807	PC	664.123761406056
1003	1014	PC	719.123175493781
1003	1018	PC	632.654920507796
1003	1074	PC	1757.04386926826
1003	1106	PC	588.995247326087
1003	1149	PC	1550.81075318742
1003	1222	PC	294.047194383986
1003	1238	PC	286.355359108842
1003	1243	PC	391.213659261858
1003	1271	PC	637.491685787686
1003	1272	PC	486.952577700965
1003	1273	PC	723.976160529531
1003	1274	PC	151.821680645032
1003	1275	PC	.994183462359367
1003	1401	PC	305.807779378288
1003	1432	PC	1.77486968716127
1003	1503	PC	1.1142055542226
1003	1504	PC	273.790745570548
1003	1520	PC	1340.31512068583
1003	1532	PC	1198.07562275205
1003	1548	PC	1020.63418991968
1003	1677	PC	2253.8268683016
1003	1714	PC	89.0108768136627
1003	1744	PC	154.535498965829
1003	1841	PC	716.821378922611
1003	1870	PC	100.373604802163
1003	1913	PC	1070.42669362783
1003	1931	PC	957.93770626133
1003	1971	PC	53.7265974734286
1003	2012	PC	994.457897100705
1071	906	PC	31323.2537684223
1071	926	PC	120.440767222086
1071	1026	PC	14196.7009744572
1071	1032	PC	45211.3688170051
1071	1046	PC	30802.329483649
1071	1072	PC	149007.669003068
1072	306	PC	.873566752727607
1072	919	PC	1.12402537755478
1072	926	PC	1.36428470011596
1072	1002	PC	7.29060538026139
1072	1014	PC	2.00353181088786
1072	1017	PC	1.83977964131687
1072	1018	PC	13.9881889991816
1072	1034	PC	.59861408588745
1072	1046	PC	1.4515724717512
1072	1071	PC	6.2688260026787
1072	1072	PC	2.71168825131005
1072	1074	PC	5.9058325938655
1072	1638	PC	4.12428782985986
1072	1833	PC	12.4214973976938
1073	805	PC	22.7655931604532
1101	104	PC	5.64480068567497
1101	106	PC	11.7070104044429
1101	119	PC	2.62777680000489
1101	125	PC	4.89618964350695
1101	128	PC	6.95947028368929
1101	136	PC	5.87333480366652
1101	214	PC	.687122755974839
1101	220	PC	.709183870639892
1101	221	PC	3.10781732505009
1101	235	PC	62.603211590542
1101	237	PC	284.618895011209
1101	311	PC	17.0346860892164
1101	402	PC	880.100936462777
1101	403	PC	11.5375763615918
1101	412	PC	5.33438048291348
1101	415	PC	1.52468835874068
1101	417	PC	203.774694344022
1101	420	PC	.853877854228883
1101	423	PC	2.03794409482627
1101	425	PC	15.4163297694619
1101	427	PC	24.5936185121792
1101	429	PC	4.48961862345214
1101	430	PC	5.53083873491232
1101	432	PC	.826292716313446
1101	437	PC	7.76994430677307
1101	438	PC	1.62992861033381
1101	441	PC	1.35173401368324
1101	501	PC	3.86982514161671
1101	502	PC	4.30094566873269
1101	511	PC	2.40823671760731
1101	517	PC	8.63623158043505
1101	520	PC	4.64044429437806
1101	533	PC	1.2450725234188
1101	534	PC	10.5087937128116
1101	538	PC	.895286858522422
1101	540	PC	.977579215927962
1101	542	PC	4.12423093945506
1101	604	PC	12.5569095145604
1101	605	PC	1.0915150110687
1101	616	PC	4.08698042386972
1101	618	PC	.699364770995579
1101	623	PC	1.37989504655991
1101	624	PC	5.81689225751635
1101	627	PC	.976709775899763
1101	701	PC	3.4585569580228
1101	702	PC	14.4538542920573
1101	704	PC	11.8631624945013
1101	706	PC	11.4193168134525
1101	709	PC	19.4283760573172
1101	716	PC	23.8641658703128
1101	722	PC	1.94732865620381
1101	806	PC	12.1515297244996
1101	807	PC	6.12153279487067
1101	821	PC	4.19803606293376
1101	826	PC	1.91057764309481
1101	833	PC	6.31109659785129
1101	928	PC	121.692923697894
1101	1074	PC	121.104494533314
1101	1101	PC	27446.3255062552
1101	1102	PC	103.691732144198
1101	1106	PC	66.6012108999982
1101	1121	PC	.835854845738937
1101	1135	PC	174.693477665659
1101	1146	PC	1119.6039359753
1101	1154	PC	33.7313723768584
1101	1219	PC	5.43947622727168
1101	1221	PC	2.91422696392921
1101	1223	PC	1.17472514137913
1101	1224	PC	11.5651453617065
1101	1228	PC	2.19651435793732
1101	1247	PC	855.860490356112
1101	1260	PC	11.8035191245262
1101	1263	PC	124.494967849121
1101	1271	PC	531.195989914656
1101	1272	PC	24.1513468259106
1101	1273	PC	25.5637666597904
1101	1274	PC	6.00630361251197
1101	1275	PC	228.473783116343
1101	1276	PC	4.50472770938398
1101	1277	PC	6.00630361251197
1101	1401	PC	7.01090682796659
1101	1416	PC	1.24948920289748
1101	1419	PC	5.48012132813471
1101	1420	PC	6.16671792120706
1101	1424	PC	.857073647499749
1101	1426	PC	1019.47726896293
1101	1429	PC	2.81686620875068
1101	1431	PC	2.17687587400394
1101	1432	PC	8.93515535494372
1101	1438	PC	.771839546487181
1101	1439	PC	225.990791586047
1101	1443	PC	1.47917861117348
1101	1445	PC	.844383667451895
1101	1449	PC	.843902265823897
1101	1502	PC	7.06700238994096
1101	1503	PC	14.804747946938
1101	1504	PC	217.213786129285
1101	1519	PC	.688155653608346
1101	1523	PC	.855138937243057
1101	1528	PC	307.618172794529
1101	1529	PC	122.577568073185
1101	1534	PC	52.5343957621346
1101	1634	PC	6.08640691121348
1101	1671	PC	108.820041369332
1101	1677	PC	86.0465141411154
1101	1702	PC	1.26198291682287
1101	1711	PC	100.198869379452
1101	1804	PC	2.96844345400083
1101	1805	PC	6.41290635231131
1101	1824	PC	.823204240857624
1101	1833	PC	32.7935266906776
1101	1841	PC	1.05156556921781
1101	1901	PC	1.52743944156726
1101	1943	PC	2.35257680772285
1101	1972	PC	24.1158399578635
1101	2011	PC	1.75389471431434
1101	2012	PC	24.5133193228125
1102	106	PC	4.55062381356677
1102	136	PC	1.29592814136881
1102	211	PC	4.32612204886891
1102	213	PC	2.88095471496816
1102	214	PC	1.13453032333736
1102	217	PC	1.17357775897645
1102	219	PC	507.501721050634
1102	220	PC	.685628029803114
1102	226	PC	2.10054789351333
1102	231	PC	3.37593267069088
1102	235	PC	47.4121483329376
1102	301	PC	37.6759531604693
1102	302	PC	5.0512412672055
1102	303	PC	1.6502984512141
1102	304	PC	3.47055420974324
1102	305	PC	1.8571830547204
1102	306	PC	.852538881632967
1102	307	PC	1.56042673967616
1102	309	PC	.902922086995367
1102	311	PC	.717177022613044
1102	412	PC	.949798751094009
1102	428	PC	.785143161613438
1102	438	PC	.751131097463333
1102	544	PC	.727586353915969
1102	618	PC	1.94651184939421
1102	704	PC	.652704916351644
1102	720	PC	.763639637614035
1102	1071	PC	.647361790277746
1102	1101	PC	14265.6526712031
1102	1102	PC	44718.8494990639
1102	1112	PC	4736.98103350572
1102	1114	PC	15914.8720416325
1102	1119	PC	6753.68848530043
1102	1120	PC	10186.080639921
1102	1121	PC	13215.6774468033
1102	1122	PC	2633.64153946929
1102	1124	PC	34642.4895410745
1102	1127	PC	2008.29170213427
1102	1141	PC	164.162129387422
1102	1142	PC	1251.37175226063
1102	1172	PC	67423.51127942
1102	1173	PC	12877.3785427389
1102	1175	PC	9423.69252922679
1102	1224	PC	.941142984164733
1102	1231	PC	1.23515344712899
1102	1243	PC	.965503605715468
1102	1244	PC	.733000725122401
1102	1247	PC	.887234206834167
1102	1263	PC	.744519173418393
1102	1271	PC	16.2704926177428
1102	1272	PC	.967758243370435
1102	1273	PC	2.821358185889
1102	1274	PC	3.10711357271098
1102	1275	PC	14.5507404984116
1102	1277	PC	5.21385468723558
1102	1411	PC	.760234606289666
1102	1419	PC	1.01590541231008
1102	1420	PC	2.06002070249608
1102	1421	PC	.949091815878434
1102	1430	PC	.671632112657978
1102	1431	PC	1.7379149385037
1102	1504	PC	3.23863793842571
1102	1516	PC	3.37875434919168
1102	1624	PC	11.0940335506062
1102	1671	PC	17.2968516269268
1102	1676	PC	1.663015498895
1102	1719	PC	1.40489899763177
1102	1804	PC	10.7345745719197
1102	1833	PC	.931823579237536
1102	1870	PC	1.22548470968289
1102	1901	PC	.864516940218178
1102	1971	PC	23.3052189711152
1102	2012	PC	.940712852000248
1102	2030	PC	1.37843175200595
1102	5930	PC	27.2185022361731
1114	1101	PC	2895.08097249863
1119	1119	PC	3479.04884354452
1119	5760	PC	25.1886186207085
1120	1119	PC	1043.74960633026
1121	4004	PC	2.24507252923706
1124	301	PC	2371.96152059986
1124	1124	PC	630694.559165795
1124	1172	PC	375413.806313638
1124	4001	PC	98.5106848938586
1124	4005	PC	3.30995901243365
1124	6030	PC	2.21649041011182
1127	1102	PC	30211.7229059684
1127	1172	PC	75147.6369204948
1127	6030	PC	.630468383320695
1130	105	PC	588.561305092149
1130	235	PC	1.27071853916143
1130	302	PC	164.358961013587
1130	305	PC	1116.78312068273
1130	306	PC	3672.92611416531
1130	307	PC	321.171909327222
1130	412	PC	85.4624643111174
1130	425	PC	.789331489287134
1130	502	PC	459.548322526975
1130	602	PC	2532.72625365523
1130	605	PC	.988694363594867
1130	706	PC	721.10785860141
1130	709	PC	277.957036618216
1130	716	PC	2577.66102960757
1130	806	PC	1488.91978462039
1130	807	PC	339.055938007656
1130	901	PC	1.27215927764609
1130	1014	PC	641.839990246299
1130	1018	PC	1938.24976488345
1130	1074	PC	1794.93730606423
1130	1106	PC	1390.38047451042
1130	1149	PC	1568.46069147139
1130	1222	PC	437.072084562441
1130	1238	PC	862.570278074181
1130	1243	PC	466.231779185796
1130	1271	PC	152.402872971722
1130	1272	PC	490.624853850128
1130	1273	PC	1767.68472791667
1130	1274	PC	381.19768602052
1130	1275	PC	3.99295527185912
1130	1401	PC	1546.57395300714
1130	1432	PC	.88827373741717
1130	1449	PC	.741947761245414
1130	1503	PC	2.22502149721378
1130	1520	PC	1696.02212929285
1130	1532	PC	1184.46663533437
1130	1548	PC	519.393027570142
1130	1677	PC	4511.17075644414
1130	1714	PC	66.9840782192699
1130	1717	PC	249.54447718247
1130	1744	PC	469.768754354887
1130	1841	PC	724.861321977224
1130	1870	PC	601.543803530438
1130	1913	PC	216.271871601795
1130	1931	PC	1453.8233978894
1130	1971	PC	54.2187183178367
1130	2012	PC	664.372045280453
1141	706	PC	1958.36684812045
1141	1120	PC	2613.93879316198
1141	1122	PC	557.01047779521
1141	1141	PC	13870.1893652917
1141	1142	PC	1237.66812935105
1141	1146	PC	2133.11703588888
1141	1149	PC	2888.10260590509
1141	1224	PC	426.665187075357
1149	1004	PC	83856.4057051052
1172	1034	PC	14772.4141159633
1172	1101	PC	22042.5589510002
1172	1102	PC	3305.07761987104
1172	1129	PC	74682.4411486509
1173	4001	PC	4.96493851865047
1211	1401	PC	.563401921825518
1228	512	PC	9.84334428272256
1228	1444	PC	1.83227798241123
1228	1449	PC	26.9235280879032
1228	1804	PC	1.85313565886117
1241	512	PC	9.63595101447805
1241	1444	PC	1.88500861614521
1241	1449	PC	22.8973051790475
1241	1804	PC	1.91853249800289
1243	219	PC	1.29892088490838
1243	220	PC	.774400921052656
1243	437	PC	.591964847336435
1243	602	PC	5.07034093543595
1243	625	PC	2.30937610920794
1243	1002	PC	7.64854830717328
1243	1071	PC	4.04740221592691
1243	1401	PC	8.14577347631677
1243	1422	PC	.751023764387078
1243	1515	PC	5.2245943657198
1243	1516	PC	1.82627263097674
1243	1517	PC	9.03160388950644
1243	1519	PC	1.38539267419515
1243	1520	PC	1.70634325616288
1243	1524	PC	7.04794175544908
1243	1529	PC	.588313354725962
1243	1638	PC	4.41289651093251
1243	1663	PC	.94720708385675
1243	1671	PC	20.7998516435891
1243	1674	PC	10.5890153821908
1243	1677	PC	5.4302642985594
1243	1714	PC	2.46379592349316
1243	1721	PC	.675630791905662
1243	1804	PC	9.07465871555366
1243	1865	PC	.635779470635506
1246	928	PC	5731.3158232373
1247	1243	PC	5773.45836176301
1247	4004	PC	.583472587441685
1253	1263	PC	1979.87521995386
1253	1271	PC	3728.56851535124
1263	106	PC	.989765956540632
1263	119	PC	1.37274488432893
1263	211	PC	1.00012745320133
1263	220	PC	3.82399174815802
1263	309	PC	1.18868506272199
1263	425	PC	3.66204636775073
1263	501	PC	4.46964145900211
1263	514	PC	.557827433417376
1263	536	PC	.783785720292175
1263	541	PC	.900632021020738
1263	542	PC	.730932674208334
1263	709	PC	2.0646875755637
1263	805	PC	.917913811509985
1263	806	PC	.786835594503388
1263	807	PC	3.11641118585377
1263	822	PC	2.16188537777552
1263	1101	PC	2.28805939457413
1263	1102	PC	10.0057689169612
1263	1114	PC	.787930692349038
1263	1224	PC	.861265690569563
1263	1420	PC	.832516042042844
1263	1449	PC	2.28529878141849
1263	1511	PC	1.20341564518905
1263	1546	PC	1.1669911628128
1263	1714	PC	1.33318734971241
1271	709	PC	13.502254324501
1271	1106	PC	6011.65183399459
1271	1235	PC	32725.9121298429
1271	1241	PC	21296.8610360423
1271	1243	PC	10694.2256651331
1271	1271	PC	11099.0128793558
1271	1432	PC	6275.2258041865
1271	1443	PC	12000.4575643767
1271	1449	PC	30560.517598798
1271	4001	PC	13.5272994301303
1273	545	PC	5568.34438656818
1273	805	PC	49.5448600773502
1273	1171	PC	65.9701454122775
1273	1243	PC	.611544128870956
1273	1246	PC	7.1987534509128
1273	1247	PC	9.21540897032713
1273	1251	PC	3.47549717838454
1273	1263	PC	1.65349491182926
1273	1271	PC	35.9301252991511
1273	1272	PC	3.67930582202681
1273	1273	PC	15.3198944966261
1273	1274	PC	41.923292117832
1273	1275	PC	14.3442227963072
1273	1277	PC	31.1695564265468
1273	1420	PC	5877.85134958331
1273	1422	PC	5541.22914305394
1273	1671	PC	137.114173538625
1276	128	PC	3.59245649683618
1276	219	PC	.649460442454188
1276	220	PC	3.09760368421062
1276	437	PC	1.77589454200931
1276	602	PC	5.10437006923082
1276	625	PC	1.73203208190595
1276	1002	PC	11.4728224607599
1276	1071	PC	3.44669288460929
1276	1401	PC	10.2444662060228
1276	1515	PC	7.16537146474836
1276	1516	PC	4.87614792470791
1276	1517	PC	16.4722247095791
1276	1519	PC	3.10777275562696
1276	1520	PC	1.13756217077525
1276	1524	PC	6.4573321111377
1276	1638	PC	1.18202585114264
1276	1671	PC	14.3998972917156
1276	1674	PC	7.50540101265175
1276	1677	PC	2.81210115461112
1276	1714	PC	8.21265307831055
1276	1721	PC	1.21430939626288
1276	1828	PC	2.53861589988415
1277	1272	PC	3653.9971451357
1416	58	PC	19.012464110607
1420	105	PC	.868682584679665
1420	106	PC	1.38843568333794
1420	119	PC	2.6443263307974
1420	211	PC	1.01952955102124
1420	220	PC	2.27684959828882
1420	309	PC	1.92367537621553
1420	501	PC	3.3557709763158
1420	514	PC	.540326511287549
1420	709	PC	.959118466760466
1420	805	PC	1.24062680434226
1420	814	PC	.963375976913825
1420	822	PC	4.11978977175516
1420	826	PC	.775072725882372
1420	1101	PC	1.55535959709679
1420	1102	PC	7.14790521265249
1420	1224	PC	1.91821787803654
1420	1241	PC	.80711102796627
1420	1420	PC	1.91798902804607
1420	1449	PC	2.19718235164907
1420	1511	PC	.656321752169013
1420	1714	PC	3.28129493248722
1422	1422	PC	4120.25396494784
1426	512	PC	7.60518719716212
1426	1444	PC	1.83007126512154
1426	1449	PC	27.2496505752822
1429	306	PC	1.86915629387685
1429	616	PC	1.51014675432725
1429	819	PC	2.25772267257849
1429	822	PC	.743734484500699
1429	928	PC	.690848320850973
1429	1037	PC	.895128122883229
1429	1075	PC	2.95321512961209
1429	1120	PC	1.00380146174296
1429	1149	PC	.969633465847877
1429	1173	PC	1.24685255356519
1429	1224	PC	1.61775662520638
1429	1228	PC	.932552230841291
1429	1231	PC	.754846531011013
1429	1424	PC	3.02884000058931
1429	1554	PC	.702089354094037
1429	1632	PC	.77229608273437
1429	1703	PC	2.11394624258401
1429	1725	PC	.907780183730831
1429	1744	PC	1.29536632491954
1429	1804	PC	4.14345218159593
1429	1805	PC	.889464755291215
1429	1813	PC	1.89589095049854
1429	1820	PC	1.74646212616133
1429	1833	PC	2.69541746390289
1429	1834	PC	1.1873981399012
1429	1836	PC	.880094245818761
1429	1841	PC	2.61126632089054
1429	1868	PC	2.34843980233758
1429	1917	PC	.996884343304043
1429	1924	PC	.845925610232861
1429	1926	PC	.817088940645295
1429	1936	PC	1.28411112325126
1429	1938	PC	2.08482337788443
1429	1971	PC	5.89576964797326
1429	2018	PC	1.2230391762325
1432	1420	PC	5816.48120028837
1432	1422	PC	5475.02755917683
1432	1426	PC	6316.94520374527
1432	1428	PC	6060.65782332547
1432	1432	PC	13068.8630874025
1432	1504	PC	6350.13055176351
1439	306	PC	.901347382270154
1439	428	PC	.649011575513386
1439	821	PC	1.69805960410515
1439	928	PC	.684995616330184
1439	1075	PC	2.47915344403148
1439	1173	PC	.762770787190634
1439	1224	PC	1.20785233551989
1439	1228	PC	.812778938665846
1439	1231	PC	.751714811985407
1439	1424	PC	1.31238173486674
1439	1554	PC	.728716162087469
1439	1703	PC	1.68308440186186
1439	1729	PC	.720264259473596
1439	1804	PC	3.77445367314288
1439	1805	PC	.897320893287983
1439	1813	PC	3.75994593892006
1439	1833	PC	5.2137342296055
1439	1834	PC	1.19331682993993
1439	1836	PC	.569041528935545
1439	1845	PC	.790121874073032
1439	1848	PC	1.41001106767536
1439	1851	PC	1.06138493097855
1439	1859	PC	.840725936668421
1439	1860	PC	2.96011784786234
1439	1901	PC	.913775989972993
1439	1928	PC	.924930403782583
1439	1938	PC	1.47248681784211
1439	1971	PC	5.89602725232843
1439	2004	PC	1.74804809874009
1443	219	PC	.818001642871155
1443	306	PC	4.22986225636294
1443	428	PC	.973517363270078
1443	437	PC	.881463013585422
1443	602	PC	1.35034417993018
1443	605	PC	1.30220979615221
1443	618	PC	.859172645518813
1443	819	PC	1.08575954447417
1443	826	PC	1.85941618895318
1443	827	PC	3.05057887937577
1443	828	PC	.827089843638024
1443	928	PC	.684995616330184
1443	1037	PC	3.19571522797418
1443	1075	PC	6.98929414118427
1443	1173	PC	2.85814700847314
1443	1223	PC	.830464328850911
1443	1228	PC	3.11927460774967
1443	1231	PC	.751714811985407
1443	1412	PC	1.05285769471603
1443	1424	PC	1.36240525390874
1443	1428	PC	2.19611297565791
1443	1703	PC	3.46131392585626
1443	1729	PC	1.08039638921039
1443	1736	PC	1.11423509545392
1443	1740	PC	1.11235502048855
1443	1804	PC	4.3379141865822
1443	1813	PC	5.66039176460027
1443	1820	PC	1.7637293123895
1443	1822	PC	1.41551609634573
1443	1828	PC	2.2034295678969
1443	1832	PC	1.86123736714112
1443	1833	PC	3.07999958047869
1443	1834	PC	3.4675365855501
1443	1836	PC	2.26478528516347
1443	1841	PC	2.08006380189906
1443	1845	PC	.790121874073032
1443	1848	PC	.705005533837681
1443	1851	PC	.707589953985703
1443	1859	PC	1.36991383589118
1443	1860	PC	2.96011784786234
1443	1865	PC	2.38239279437043
1443	1866	PC	2.60221811319396
1443	1868	PC	1.90641584145615
1443	1901	PC	1.37066398495949
1443	1917	PC	.974068566662092
1443	1924	PC	1.26088857931425
1443	1928	PC	.924930403782583
1443	1936	PC	.871313872292092
1443	1938	PC	2.6441912674055
1443	1940	PC	.901546954641277
1443	1971	PC	15.8423948900717
1443	1972	PC	1.10382245363226
1443	2002	PC	1.55356782087946
1443	2004	PC	4.14278927439695
1443	2017	PC	.850552171196045
1443	2018	PC	1.86596830632712
1443	2020	PC	.826240012682929
1444	1502	PC	1.16322953344917
1449	1444	PC	1132.85452256724
1449	1445	PC	456.098711684533
1449	1449	PC	20384.0860108011
1502	1502	PC	19255.7507688441
1502	1547	PC	12550.5423931526
1502	1548	PC	12994.6949408538
1502	5790	PC	.547542158966862
1503	121	PC	22.9452921312441
1503	309	PC	4.87350766387463
1503	605	PC	.918823090664898
1503	1119	PC	2.88049772486897
1503	1401	PC	1.94641294423074
1503	1443	PC	16.5814990764938
1503	1648	PC	.590350670966788
1504	1535	PC	6235.99358450093
1504	2004	PC	6649.07054490696
1504	4004	PC	3.43412502719761
1514	1251	PC	12306.3713004951
1520	1502	PC	1.89857435207033
1520	5850	PC	11.0246771359706
1528	51	PC	.794754649151447
1551	135	PC	17217.0846360874
1551	417	PC	17684.0973827329
1551	436	PC	3449.07281045993
1551	814	PC	10558.7109701685
1551	826	PC	14705.4567305208
1551	828	PC	4519.5837990957
1551	1263	PC	12416.3600209312
1551	4001	PC	4.61165187365138
1554	1211	PC	7.01433007753927
1557	1503	PC	7113.94234514058
1563	61	PC	8.03873355202009
1617	1617	PC	2794.15680864707
1621	1825	PC	1.99347569135057
1624	1865	PC	.848106301448157
1634	50	PC	292.528019706246
1634	52	PC	51.6808123631789
1634	55	PC	2.10164924628686
1634	56	PC	2.66747788951794
1634	58	PC	75.6315305045173
1634	60	PC	64.288911559493
1634	62	PC	.88915929650598
1634	4001	PC	5.68792507552765
1634	5101	PC	50.4638317098803
1634	5102	PC	8.20451532685064
1634	5106	PC	17.9206014577614
1634	5204	PC	4.84995979912353
1634	5403	PC	31.9414759807461
1634	5501	PC	3.4758045227052
1634	5800	PC	20.9356597995499
1634	5820	PC	8.07159050272651
1634	5840	PC	.714021859315409
1634	5880	PC	18.0661002517351
1634	6030	PC	10.1040829148407
1640	62	PC	14.819321608433
1648	1825	PC	1.04478650169651
1653	1677	PC	1592.64363527569
1671	1621	PC	11726.7939141562
1671	1677	PC	83199.6384765889
1671	1744	PC	18356.6254439246
1675	1677	PC	1174.95001702939
1677	1675	PC	1174.95001702939
1677	1677	PC	1762.42502554409
1714	62	PC	.706836733687077
1714	1663	PC	3.53986467372705
1714	1664	PC	.957930036964102
1714	1665	PC	4.91407851182372
1714	1714	PC	15.6969923265486
1714	1717	PC	.679798489721899
1714	1719	PC	.90550259937307
1721	51	PC	80929.4401722214
1721	58	PC	5711.83182814191
1721	306	PC	9.02078192952303
1721	604	PC	5759.93557474358
1721	3001	PC	13582.3189328795
1721	5403	PC	94131.067247248
1729	136	PC	4642.04725943032
1729	627	PC	22190.8433605864
1729	805	PC	19842.4439578517
1729	1102	PC	3938.98088541719
1729	1228	PC	5240.0426146307
1729	1271	PC	5940.36015045692
1729	1432	PC	4585.8963818465
1729	1502	PC	11486.106290422
1738	50	PC	30.9427435184081
1751	104	PC	.5568855111638
1804	1804	PC	32.7444834610497
1804	1813	PC	10.3351030002139
1804	1834	PC	35.3426820164048
1804	1835	PC	26.4578913543012
1804	1849	PC	24.2566329671876
1804	1860	PC	9.93667959691209
1804	1865	PC	49.6043808152476
1804	1866	PC	9.35780599867099
1804	1871	PC	2.23049320622545
1804	1931	PC	179.797693981524
1804	1941	PC	76.1669620035632
1804	1971	PC	.951637597182396
1804	1972	PC	281.822163572163
1804	2002	PC	230.628156306193
1804	2003	PC	202.806281274522
1804	2004	PC	254.060011362875
1804	2012	PC	39.3648935770168
1804	2014	PC	34.4194416885998
1804	2018	PC	10.0473258095266
1804	2019	PC	117.958837759858
1804	2023	PC	33.5532815427966
1804	2028	PC	234.349748328574
1804	2030	PC	231.541285224856
1832	1677	PC	2.36100003574669
1833	51	PC	21647.7398736093
1833	1850	PC	6.07802229385908
1833	5850	PC	152.613457226692
1833	5880	PC	4.35485451819984
1841	4001	PC	23.7755417703333
1845	805	PC	218187.104083893
1845	1246	PC	5974.88752212215
1845	1263	PC	7036.50963554361
1845	1271	PC	8413.22689534918
1845	1273	PC	3025.92762261422
1845	1671	PC	1499.407289661
1845	1833	PC	785.390400603071
1850	104	PC	30.8501835205751
1850	136	PC	33.2320891719054
1850	217	PC	133.899817399971
1850	219	PC	44.6698498500176
1850	230	PC	23.5187313951007
1850	231	PC	516.706030832338
1850	235	PC	2.43830014959334
1850	237	PC	8.2337471747043
1850	305	PC	121.138491931503
1850	306	PC	13556.1731054041
1850	309	PC	37.9934361057896
1850	403	PC	.925038674900502
1850	602	PC	1282.5712953619
1850	626	PC	4.46831644661986
1850	805	PC	1032.29646475607
1850	806	PC	837.661586893876
1850	1124	PC	37.4102030303826
1850	1274	PC	10.1447738504341
1850	1502	PC	363.970302341605
1850	1671	PC	917.24997483425
1850	1676	PC	4.61026165361717
1850	1677	PC	8.45214636496481
1850	1804	PC	378.082385889748
1850	1805	PC	8.09346103869397
1850	1833	PC	4128.08346184075
1850	1850	PC	3844.65775909709
1850	1901	PC	32.2565916362217
1850	1931	PC	6.11066659201953
1850	1971	PC	5.87985745481113
1850	1972	PC	3.60378360133586
1870	1676	PC	2.90050071088006
1870	1972	PC	4.01970979583963
1871	5930	PC	38.5206582653242
1901	104	PC	787.901114738951
1901	217	PC	381.883031619082
1901	219	PC	2860.36836743208
1901	230	PC	46.8528803564252
1901	231	PC	1098.8087046157
1901	233	PC	5486.26898375975
1901	235	PC	812.11528383583
1901	237	PC	25.6297440018738
1901	302	PC	28.9163927590791
1901	305	PC	42.6950916586402
1901	306	PC	557.263433302252
1901	309	PC	445.825846585801
1901	403	PC	.957219190226853
1901	418	PC	6558.79351152328
1901	625	PC	19.4542642005399
1901	626	PC	28.6233125281177
1901	627	PC	2553.091525795
1901	706	PC	64.9279409748901
1901	709	PC	15.2298057266815
1901	805	PC	475.991431778619
1901	926	PC	3.07545720157833
1901	1003	PC	54.1194111513613
1901	1004	PC	10.6884690323628
1901	1017	PC	715.510103165085
1901	1072	PC	442.875623046402
1901	1102	PC	71.4579897294221
1901	1124	PC	1522.84232186405
1901	1154	PC	187.091090117505
1901	1171	PC	81.9543213016725
1901	1172	PC	97.2973677554102
1901	1211	PC	36.3751131338759
1901	1271	PC	158.025588000327
1901	1273	PC	52.2838945441081
1901	1274	PC	14.3916160500298
1901	1418	PC	1.1218231397122
1901	1432	PC	99.0417646974405
1901	1502	PC	52.432438709548
1901	1504	PC	23.7560011124863
1901	1671	PC	16262.7842962176
1901	1676	PC	4.26057374902246
1901	1677	PC	469.108536011686
1901	1804	PC	23.4363595998414
1901	1805	PC	8.15953395770119
1901	1833	PC	890.070215528714
1901	1850	PC	2557.33422461655
1901	1901	PC	43.6041825923951
1901	1971	PC	11.8557181753521
1901	1972	PC	11.5880084101022
1901	2012	PC	65.1895920275887
1913	1850	PC	6606.89411753312
1913	1860	PC	13119.8391160316
1924	301	PC	15.1095379307373
1924	403	PC	61.3009517416928
1924	716	PC	65.3103493971239
1924	806	PC	23.0398286503831
1924	906	PC	18.645477048266
1924	1130	PC	14.8022511560985
1924	1529	PC	10.8947025070561
1924	1531	PC	35.7102303260053
1924	1825	PC	23.0882893787352
1924	1837	PC	54.0193279447744
1924	1917	PC	64.2491491475239
1924	1919	PC	799.108880373761
1924	1920	PC	90.8582506496946
1924	1922	PC	10804.0730117948
1924	1923	PC	253.087711102398
1924	1924	PC	5496.53981973674
1924	1925	PC	1019.42514974749
1924	1926	PC	316.911356528457
1924	1927	PC	229.84472260164
1924	1928	PC	323.658670574358
1924	1929	PC	2805.68108700894
1924	1931	PC	3509.63635863577
1924	1933	PC	6295.1747119928
1924	1938	PC	1223.28130087485
1924	1939	PC	1490.61760449765
1924	1940	PC	72.5460826590019
1924	1973	PC	49.7491164620115
1924	2022	PC	71.288014544927
1971	3001	PC	14.6624740011948
1972	826	PC	.88096313783839
1972	1933	PC	12754.001988194
2011	5101	PC	43.2005678403411
2011	5880	PC	21.5553768849935
2012	58	PC	175.309880205652
2012	62	PC	26.9442211062418
2012	3001	PC	53.7986281421295
2012	4004	PC	17.89994422158
2012	5404	PC	64.8870732680516
2012	5930	PC	24.7886834177425
3001	101	PC	2.34974302877107
3001	106	PC	243.477837921662
3001	123	PC	1704.83424404815
3001	230	PC	5090.71602094763
3001	302	PC	1.68954599510988
3001	626	PC	8.75911224027194
3001	627	PC	6562.69967882663
3001	704	PC	703.469393656367
3001	1129	PC	11.1921520719385
3001	1271	PC	478.701493633816
3001	1273	PC	1.55109149687247
3001	1672	PC	1.22572129357384
3001	1677	PC	2.92531519439541
3001	1859	PC	.981800901240995
3001	1871	PC	144.84188919333
3001	1925	PC	.963801465822485
3001	1933	PC	26.4897931254437
3001	1938	PC	9.76476547482589
3001	1940	PC	1.02426494101524
3001	1941	PC	1.47293015080275
3001	1971	PC	2.31896477077869
3001	1972	PC	27.7540965389934
3001	1974	PC	1.54093372000485
3001	2002	PC	12.3919590818573
3001	2003	PC	5.21639984928044
3001	2004	PC	.817114842090466
3001	2011	PC	13.5854341486633
3001	2012	PC	16.0164955270466
3001	2018	PC	2.16946218683699
3001	2020	PC	7.55869838709261
3001	2021	PC	104.068276847473
3001	2022	PC	4.53312916433934
3001	2023	PC	1.22045268366492
3001	2025	PC	18.8596906503012
3001	2027	PC	3.72474736180531
3001	2028	PC	1.78011437704069
3001	2030	PC	39.9443706850036
4001	104	PC	2.47864901217411
4001	105	PC	2172.65877897492
4001	119	PC	179.953999180246
4001	213	PC	5.14188914194761
4001	214	PC	4.35467148618189
4001	217	PC	12.5136247860623
4001	219	PC	5.00153142295862
4001	220	PC	8.92768593209958
4001	226	PC	18.132161009583
4001	230	PC	59.2976553498392
4001	235	PC	74.5898263732765
4001	237	PC	1312.03995463878
4001	301	PC	1.25755980317838
4001	302	PC	2214.9148021461
4001	303	PC	21.6238421457466
4001	304	PC	49.3765550540571
4001	305	PC	13.0726488106481
4001	306	PC	2720.62450423543
4001	307	PC	3.71294798546558
4001	309	PC	38.4361047561771
4001	311	PC	15.0491189678064
4001	312	PC	33.8975831594646
4001	403	PC	50.2540086905629
4001	417	PC	3.47693768954438
4001	502	PC	1.33350347950912
4001	529	PC	64.7244051840747
4001	602	PC	55.6379814453072
4001	623	PC	2.97543130244592
4001	625	PC	37.3218055077438
4001	626	PC	30.2601977600773
4001	627	PC	178441.237680557
4001	628	PC	111.031647873178
4001	702	PC	203.207567810596
4001	704	PC	9244.05732777299
4001	706	PC	1.71453660978726
4001	709	PC	28.4635577048611
4001	805	PC	2180.81756424657
4001	806	PC	34.9685707327806
4001	819	PC	1.06055708032073
4001	821	PC	2.86128065117834
4001	901	PC	1.00980918768685
4001	904	PC	.666530827263572
4001	906	PC	2.30078110676665
4001	1002	PC	1.86234915264178
4001	1072	PC	180.796840618252
4001	1075	PC	1601.09488891451
4001	1101	PC	2.9975675751982
4001	1102	PC	1704.5415126899
4001	1106	PC	2.72594086333914
4001	1119	PC	3.10175249753111
4001	1120	PC	3365.08904262846
4001	1121	PC	55.3733658019571
4001	1129	PC	.599016589765724
4001	1149	PC	98.5528751105675
4001	1154	PC	.663352298972949
4001	1172	PC	59.5884988920508
4001	1173	PC	9.16282484604746
4001	1231	PC	43.606049849262
4001	1271	PC	336.576223625324
4001	1272	PC	5.51440136687973
4001	1274	PC	6.20542910709022
4001	1275	PC	4.28543510890538
4001	1277	PC	48.6717415420258
4001	1504	PC	37.4452032495946
4001	1535	PC	2.45007361022827
4001	1571	PC	.817871368587443
4001	1624	PC	33.5947232939344
4001	1634	PC	8.48983058218389
4001	1671	PC	1.86265860862738
4001	1674	PC	35.4364781124293
4001	1714	PC	109.275038024137
4001	1866	PC	1.38448585620207
4001	1931	PC	10.6963701888469
4001	2003	PC	80.3420897912669
4002	119	PC	28.8689394064706
4002	230	PC	127.909631817512
4002	237	PC	88.0934966677449
4002	529	PC	354.488509869224
4002	1119	PC	81.5700750371486
4002	1122	PC	3.14404069825218
4002	1149	PC	3.22973880841025
4002	1172	PC	5.6742894545748
4002	1221	PC	7.35511211224144
4002	1223	PC	4.9421984007998
4003	304	PC	4.60785271393603
4003	306	PC	1.10396471271384
4003	309	PC	13.7808928389013
4003	311	PC	4.26653029068151
4003	626	PC	1.05007521407959
4003	1072	PC	1.22739375175972
4003	1102	PC	238.223395014789
4003	1172	PC	1.39583713753983
4004	233	PC	21.5840996277419
4004	237	PC	109.853493658658
4004	627	PC	22.0315707194307
4004	904	PC	73.6093369950206
4004	1072	PC	5.42642964541288
4004	1120	PC	6.59110265549667
4004	1172	PC	12.4779380477046
4004	1173	PC	1.90341427846341
4004	1251	PC	1.21540158743308
4004	1931	PC	194.663846521741
4005	220	PC	7.26523029419305
4005	301	PC	.73490984256989
4005	302	PC	1.21276123512622
4005	304	PC	60.7980566422115
4005	517	PC	1.08881122893415
4005	626	PC	1.52738212957031
4005	627	PC	222.787238721794
4005	1124	PC	28.9694146474148
4005	1129	PC	2.76388356330501
4005	1231	PC	4.89428609821956
4005	1805	PC	1.22958063096665
5101	105	PC	14.2212930761286
5101	106	PC	1.53507147855357
5101	123	PC	30.2172162015398
5101	124	PC	1.15795585654974
5101	138	PC	31.8053930973149
5101	214	PC	2.2619077707478
5101	217	PC	1.31705390178936
5101	219	PC	.78851505169771
5101	220	PC	127951.584094689
5101	226	PC	1242.57719450056
5101	230	PC	29.9739754012621
5101	231	PC	.951523623956276
5101	235	PC	3.2024090934139
5101	301	PC	35.2319405078752
5101	302	PC	238.358247749504
5101	304	PC	1.06663257267038
5101	305	PC	66.7221339508228
5101	306	PC	48.189393000675
5101	415	PC	.675215094748758
5101	418	PC	485.943462135944
5101	419	PC	50.221317402828
5101	534	PC	8.19367665206776
5101	602	PC	115878.805694444
5101	626	PC	130.397067265962
5101	627	PC	123.372937610122
5101	713	PC	3.93073352900903
5101	806	PC	248.822573675506
5101	904	PC	.846388352080726
5101	1004	PC	2.56013534873928
5101	1018	PC	1.04168398023261
5101	1121	PC	8.08797303013564
5101	1124	PC	3899.37273508035
5101	1172	PC	28.4740201534357
5101	1273	PC	53.5174406803018
5101	1277	PC	49.3691479998382
5101	1432	PC	.652290356584375
5101	1511	PC	2.06219235730104
5101	1535	PC	121.980384140156
5101	1620	PC	9.23452785316756
5101	1931	PC	6.35727662167315
5101	1973	PC	23.7904605747734
5102	219	PC	1.84964343394105
5102	226	PC	826.591032359504
5102	230	PC	51.3861144227975
5102	304	PC	23.9992328850835
5102	305	PC	61.1500453911927
5102	602	PC	24.9635527713274
5102	626	PC	1.33009527116748
5102	627	PC	.631280168989332
5102	904	PC	2.65554345465328
5102	1121	PC	16.578191699869
5102	1124	PC	6044.62930737558
5102	1172	PC	13.8917518756521
5102	1277	PC	11.8878033708211
5103	226	PC	16.7983008893378
5103	306	PC	1.35995653015473
5103	418	PC	128.008391692566
5103	612	PC	1.01988683066223
5103	720	PC	22.661311232727
5103	1124	PC	1.50882367955285
5104	220	PC	14459.8842181591
5104	302	PC	3.22549689975522
5104	306	PC	1.15196317848401
5104	819	PC	25.0497571117049
5106	105	PC	204.195425920254
5106	214	PC	.701790241922679
5106	220	PC	17160.6395593981
5106	226	PC	1500.36025183301
5106	233	PC	.917869287199935
5106	304	PC	.702910865389779
5106	305	PC	37.3769386115154
5106	306	PC	37.6478632849736
5106	529	PC	21.0953774497913
5106	602	PC	11794.1988268171
5106	704	PC	29.4178011752953
5106	1120	PC	1.36673104664379
5106	1121	PC	8.48706792059812
5106	1124	PC	2216.21051464988
5106	1172	PC	41.1898849859481
5106	1173	PC	3.79836893791142
5106	1246	PC	106.231922515737
5106	1271	PC	3.30098635900551
5106	1272	PC	1.64889850010227
5106	1273	PC	53.0284056641529
5106	1276	PC	13.2889950040479
5106	1277	PC	307.877310014582
5201	211	PC	24.359901858661
5201	219	PC	1.44452481922583
5201	226	PC	5266.61121461967
5201	230	PC	217.728207493997
5201	302	PC	10.167141682694
5201	309	PC	6.53845767046942
5201	418	PC	4522.56293492271
5201	602	PC	485.95159344193
5201	928	PC	409.842896597451
5201	1121	PC	5.25124855871682
5201	1134	PC	6.56937849102863
5201	1228	PC	17.0146166678227
5201	1273	PC	2.80663574485492
5203	302	PC	1.43995397310501
5203	306	PC	7.05684110078722
5203	806	PC	4.39091140099679
5402	305	PC	24.3352221454747
5402	501	PC	2.16598312693205
5402	806	PC	9.3623775602525
5403	105	PC	1421.80518788918
5403	211	PC	479.682426835469
5403	214	PC	.994903232186792
5403	230	PC	58.9225742226655
5403	231	PC	4.35443014352872
5403	233	PC	.912418756990909
5403	301	PC	23.0904619331683
5403	302	PC	92.2434515171069
5403	304	PC	25.9405041673436
5403	305	PC	79.8737135718485
5403	306	PC	19.3060495653338
5403	403	PC	102.991940655765
5403	418	PC	128.272955936128
5403	805	PC	4.27123884059615
5403	1002	PC	19.4126225232999
5403	1074	PC	2.15446775574845
5403	1102	PC	680.66743670758
5403	1124	PC	43.0155572215988
5403	1224	PC	8.91191557523352
5403	1246	PC	21.6620903318977
5403	1271	PC	1.2799959987899
5403	1272	PC	45.9267667339897
5403	1274	PC	1.16943156035622
5403	1277	PC	143.999549863863
5403	1441	PC	36.6077267230965
5403	1504	PC	21.7952549467613
5403	1677	PC	1.86046982060314
5403	2012	PC	25.2111503666475
5404	213	PC	.603027836542547
5404	231	PC	2.90295342901915
5404	233	PC	1.65369086541841
5404	305	PC	991.36457854732
5404	418	PC	78.8401445813991
5404	1526	PC	2.35935770807168
5404	1721	PC	.985188256693461
5501	101	PC	508.624652355042
5501	211	PC	3990.68980213281
5501	304	PC	27.7420465825839
5501	305	PC	369.369526752888
5501	306	PC	52.1796654550349
5501	307	PC	58.3778673348224
5501	309	PC	32.2891012398777
5501	501	PC	1.09569527682046
5501	709	PC	26.641241318329
5501	1002	PC	2.55678442989804
5501	1072	PC	4.44386177498821
5501	1504	PC	24.4705961635656
5501	1674	PC	1.69740511279734
5605	106	PC	165.857691385122
5605	219	PC	751.785021369455
5605	220	PC	7.69259678208676
5605	231	PC	18.4305287704616
5605	301	PC	1.2276940911436
5605	302	PC	1576.06695570348
5605	304	PC	2.17593044824757
5605	305	PC	2.80737693126843
5605	308	PC	5.27983123471837
5605	309	PC	21.9555648758471
5605	502	PC	41.2334682461799
5605	602	PC	2.85491602883464
5605	604	PC	2.58399890948849
5605	626	PC	2.55836506703026
5605	627	PC	21.5021099325365
5605	704	PC	.924713970767554
5605	720	PC	26.6729181176165
5605	806	PC	1.08973856458508
5605	926	PC	26.7045092203234
5605	1074	PC	1.31117860892772
5605	1121	PC	3.67587399110177
5605	1124	PC	269.576497413443
5605	1130	PC	776.408779943498
5605	1172	PC	8.56219189595456
5605	1173	PC	8.63515610996233
5605	1273	PC	30.6922628613491
5605	1277	PC	1.19919890916529
5605	1535	PC	7.78665000431367
5605	1721	PC	2.09339472956664
5700	135	PC	12.3766233082612
5700	211	PC	120.976072951016
5700	220	PC	157.703576113877
5700	301	PC	52.230863818523
5700	305	PC	445.071640333023
5700	306	PC	17.81063069845
5700	307	PC	26.8492751192587
5700	309	PC	26.2604939391447
5700	521	PC	13.260863695156
5700	602	PC	234.724202129397
5700	624	PC	1.09707088159327
5700	626	PC	8.20861826440598
5700	706	PC	3.21074271495741
5700	1172	PC	1.9732061353404
5700	1551	PC	24.9988682180412
5700	1804	PC	.931319182148914
5710	105	PC	4639.66580461343
5710	106	PC	11559.142057894
5710	219	PC	27.1527221658991
5710	305	PC	234.233579590988
5710	306	PC	3.95934010975244
5710	309	PC	390.579515460439
5710	612	PC	3.01766515190061
5710	904	PC	1.32248180012613
5710	1121	PC	9.12666999504982
5710	1273	PC	442.257753734715
5710	1277	PC	677.655821877619
5710	1677	PC	14072.6199884985
5710	1804	PC	1.58928188080019
5720	301	PC	14.8805910213244
5720	302	PC	2.20792942542768
5720	709	PC	205.202640879224
5720	806	PC	71.8460481202401
5720	1149	PC	26.0462807129859
5720	1227	PC	774.097600521942
5720	1246	PC	93.6080814927961
5720	1277	PC	229.904929168031
5720	1504	PC	309.727922620614
5730	304	PC	1.27995908720445
5730	1017	PC	47.1719064154775
5730	1120	PC	6.80201794047257
5730	1515	PC	.787659985775051
5740	306	PC	1.33329071583797
5740	602	PC	2.65136625712614
5750	128	PC	3.42020564613174
5750	305	PC	10.0306127133922
5750	403	PC	1.29821773935838
5750	628	PC	.817370788230112
5760	230	PC	1.80921484872022
5760	502	PC	64.9179890625667
5760	627	PC	305.556750318347
5760	1620	PC	137.54774916541
5770	106	PC	28.7045448636963
5770	136	PC	1.19385888735325
5770	213	PC	6.86374898236106
5770	220	PC	5.82286839755178
5770	301	PC	18.9327281648992
5770	402	PC	.699287157461479
5770	806	PC	4.82552854112457
5790	301	PC	148.670447876515
5790	302	PC	7.38963046346038
5790	306	PC	269.641514473353
5790	901	PC	28.7938419790021
5790	904	PC	20.1017233619172
5790	1172	PC	54.1595383889224
5790	1173	PC	26.7810388979801
5790	2012	PC	37.1356007732589
5800	101	PC	1.30257493986222
5800	136	PC	1.56103095768104
5800	211	PC	39.7181228116384
5800	214	PC	12.1027299205827
5800	219	PC	.760276220645175
5800	227	PC	3.78139495586263
5800	233	PC	3.88077750882633
5800	235	PC	1.71557630004316
5800	302	PC	161.82949392555
5800	306	PC	35.2927385645175
5800	415	PC	5.05882155626813
5800	602	PC	28.4813103644435
5800	626	PC	5.75313935471482
5800	716	PC	6.71821772906406
5800	904	PC	1.32248180012613
5800	1101	PC	4.80559148403508
5800	1219	PC	1.68962393189779
5800	1221	PC	.771265228436429
5800	1273	PC	4.6564638494184
5800	1275	PC	4.25247840129534
5800	1503	PC	8.51262046620708
5800	1504	PC	111.049531207584
5800	1514	PC	3.61143594564303
5800	1525	PC	.627077208313631
5800	1620	PC	8.62613542990005
5800	1648	PC	38.3901629708365
5800	1653	PC	6.07327790055634
5800	1657	PC	.836901687531466
5800	1804	PC	5.63665307057135
5800	1818	PC	3.02928892853936
5800	1820	PC	2.84252886825351
5800	1833	PC	28.5236341289702
5800	1871	PC	4.42561416227017
5800	2004	PC	.866938917827689
5810	216	PC	3.49595700623965
5810	217	PC	1.88795645023846
5810	220	PC	7.90628002603362
5810	231	PC	94.1847112526213
5810	305	PC	10.2396726976356
5810	502	PC	4.22952742954377
5810	627	PC	1.39224607727868
5810	906	PC	1.04245917423294
5810	1071	PC	.761680519709046
5810	1271	PC	.915345975878822
5810	1438	PC	2.0255579555497
5810	1504	PC	4.50818929495702
5810	1515	PC	.833502630449789
5810	1662	PC	9.44791628593542
5810	1671	PC	4.87005335393176
5810	1672	PC	2.40766682666289
5810	1677	PC	33.9108928595347
5810	1833	PC	7.11552075432491
5810	1870	PC	11.2953705736688
5810	1871	PC	6.81451326622591
5820	119	PC	5.88070987909587
5820	124	PC	1.0633203457757
5820	217	PC	3.90923100971928
5820	219	PC	1.64111052770694
5820	220	PC	.630365569643221
5820	301	PC	1.59994885900557
5820	302	PC	.675178418500349
5820	304	PC	.721043619125175
5820	305	PC	390.248859362911
5820	306	PC	.913037482205843
5820	309	PC	.661312195055634
5820	502	PC	136.952160627807
5820	602	PC	20.5856669121199
5820	627	PC	20.7293544115835
5820	704	PC	21.6307361583054
5820	709	PC	1.83511954615642
5820	906	PC	2.31657594273987
5820	919	PC	.649243953657999
5820	1173	PC	2.85512141769511
5820	1272	PC	3.46151741865441
5820	1277	PC	1.9136152805829
5820	1502	PC	1.66301791010838
5820	1514	PC	.644899276007683
5820	1535	PC	3.767733873055
5820	1657	PC	1.27124306966805
5820	1818	PC	.606283247636038
5820	1865	PC	6.34358598911037
5820	1920	PC	9.04361049731193
5820	1971	PC	6.05135261712986
5820	1972	PC	.933637260928607
5820	2004	PC	2.68053527466262
5820	2019	PC	1.75609276143543
5831	806	PC	172.44500272658
5831	1216	PC	669.761823601733
5831	1648	PC	168.47968665104
5831	1867	PC	2.13754304194758
5840	101	PC	2.5402339717738
5840	105	PC	1.29647889473177
5840	106	PC	2.06685640871168
5840	213	PC	1.05529871394946
5840	214	PC	25.5092348265338
5840	215	PC	1.20584688895359
5840	219	PC	3.40495135960375
5840	220	PC	5456.70506438934
5840	221	PC	4.94631229318716
5840	226	PC	4.44863191666148
5840	228	PC	.648857954124922
5840	231	PC	1.67403647740104
5840	235	PC	6.90119159630695
5840	302	PC	1.70447885112726
5840	304	PC	4.05320377614743
5840	305	PC	8.85838351602749
5840	307	PC	8.95971361043117
5840	308	PC	9.75968803993395
5840	310	PC	1.13489705732128
5840	312	PC	25.5991817440891
5840	402	PC	41.2330048581632
5840	502	PC	30.7070145500079
5840	536	PC	3.15001893215955
5840	602	PC	2092.15553507884
5840	612	PC	.749916787251643
5840	619	PC	6.32637180893538
5840	623	PC	52.8865164690714
5840	624	PC	1.63573268445557
5840	626	PC	5.08809171913109
5840	706	PC	3.01809815205996
5840	805	PC	1.11684985980033
5840	806	PC	2.74192283992376
5840	906	PC	19.5045164488048
5840	911	PC	.740892371852339
5840	937	PC	3.18708486992312
5840	1004	PC	4.70381923774057
5840	1037	PC	1.113129269185
5840	1102	PC	2.49355519212632
5840	1149	PC	2.83800274648694
5840	1172	PC	12.6365559042432
5840	1173	PC	1.21607023346273
5840	1244	PC	4.29509388567755
5840	1247	PC	1.02177279690375
5840	1273	PC	3.06072132933232
5840	1277	PC	3.72091860113342
5840	1401	PC	19.7518000520115
5840	1503	PC	1.57230498783839
5840	1515	PC	.81995821270498
5840	1545	PC	2.65438568024391
5840	1551	PC	.787040639237483
5840	1674	PC	1.07250613187711
5840	1820	PC	1.63038074188619
5840	1833	PC	30.9665765266519
5840	1853	PC	.568980126209687
5841	105	PC	64.9319846444829
5841	220	PC	5691.80043779588
5841	238	PC	20.3711037449041
5841	301	PC	.878905239880391
5841	302	PC	1.40475509820689
5841	305	PC	5.11983634881781
5841	308	PC	1.96580383143151
5841	919	PC	1.21408619334046
5841	937	PC	1.53830788992078
5841	1149	PC	27.2548281380685
5841	1274	PC	2.42072332993737
5841	1449	PC	2.93640610489069
5841	1502	PC	.946593112175158
5842	304	PC	8.70905495585363
5842	626	PC	2.29107319435546
5842	706	PC	6.96731169145757
5842	709	PC	12.5257578324863
5842	805	PC	49.2721675636178
5842	806	PC	3.39065283584978
5842	1243	PC	2.68481357412878
5842	1504	PC	1.65626492030393
5842	1653	PC	1.0086737771903
5842	1751	PC	3.22813613667376
5842	1865	PC	7.87661926981204
5842	1924	PC	2.58785800695302
5860	231	PC	22.1011521062658
5860	304	PC	173.56885202036
5860	521	PC	27.7226954813532
5860	1516	PC	4.08883753993515
5870	627	PC	351.983173204783
5880	106	PC	14.041705726685
5880	220	PC	120.347471407088
5880	231	PC	13.9266502837352
5880	301	PC	6.76778367359355
5880	302	PC	14.5318021700612
5880	305	PC	154.037742982193
5880	306	PC	180.365434773416
5880	307	PC	49.8149410414246
5880	308	PC	4.02440469668533
5880	309	PC	248.074203853958
5880	418	PC	26.0382093403901
5880	425	PC	4.09754540383428
5880	502	PC	17.4552586607408
5880	602	PC	1553.16200266463
5880	612	PC	873.323093761773
5880	621	PC	2.70520938018984
5880	626	PC	631.183240270689
5880	627	PC	70.9327404822614
5880	704	PC	1.78994341709977
5880	706	PC	45.9671332024736
5880	709	PC	77.4847220465488
5880	805	PC	52.6132255011508
5880	806	PC	1238.60452222164
5880	1072	PC	1.74098404504925
5880	1074	PC	18.1845783505394
5880	1121	PC	62.5948828199044
5880	1127	PC	245.413657740195
5880	1149	PC	3.46519718605565
5880	1172	PC	154.511768959021
5880	1173	PC	25.152562237517
5880	1272	PC	55.1780334960077
5880	1273	PC	9.47239563888537
5880	1274	PC	16.6271905490648
5880	1277	PC	14.6178945044527
5880	1503	PC	23.313452995955
5880	1504	PC	.86270446394765
5880	1551	PC	10.2749585472457
5880	1634	PC	57.1281748002387
5880	1671	PC	.992615368992383
5880	1674	PC	8.00877538069047
5880	1721	PC	10.4252725576028
5880	1804	PC	.612403284735008
5880	1841	PC	64.9837463039488
5910	220	PC	8.65417137984761
5910	226	PC	4.28502563628766
5910	230	PC	18.9154689799767
5920	1216	PC	20.057619190043
6000	101	PC	25.96636318026
6010	1277	PC	46.298858594103
6020	104	PC	2498.95787462594
6020	105	PC	42154.5618161867
6020	106	PC	37059.633198953
6020	124	PC	2045.43598006486
6020	125	PC	703.281691177618
6020	211	PC	78.55561121265
6020	213	PC	339.935406142413
6020	217	PC	8.10660115876881
6020	219	PC	8809.9092396322
6020	220	PC	1430.41272963976
6020	221	PC	79.2850849186657
6020	228	PC	7.38724780771223
6020	231	PC	925.863665979621
6020	236	PC	382.842108872395
6020	238	PC	11.4361404228665
6020	301	PC	1131.33130463084
6020	302	PC	28.1932321608234
6020	305	PC	475.30320734022
6020	306	PC	2894.04189443047
6020	307	PC	8.87438300461754
6020	309	PC	24636.2834556412
6020	311	PC	4.49905619152365
6020	502	PC	127.19291385154
6020	521	PC	864.006573511305
6020	602	PC	1.27244703442392
6020	605	PC	55.3883420440023
6020	612	PC	1642.09778849017
6020	626	PC	4419.46746372727
6020	706	PC	8294.68196120926
6020	709	PC	3535.41115216878
6020	720	PC	224.247757948599
6020	722	PC	39.4462719719917
6020	723	PC	1.07606948518039
6020	805	PC	42.195621237593
6020	806	PC	180.169044106645
6020	906	PC	3.74021715846001
6020	1002	PC	56.817431775512
6020	1018	PC	48.4383050808166
6020	1072	PC	1558.79876965507
6020	1073	PC	26.4411951841855
6020	1074	PC	4449.16633575047
6020	1102	PC	143.248905485272
6020	1106	PC	647.956964282238
6020	1119	PC	1.07648436457357
6020	1121	PC	14.0733461373611
6020	1124	PC	34.0943857456293
6020	1127	PC	8.87822042963265
6020	1146	PC	22.8485941617576
6020	1149	PC	459.706436071916
6020	1172	PC	138.526261377059
6020	1173	PC	743.544466477061
6020	1216	PC	25.0150421148548
6020	1221	PC	50.3620871018754
6020	1244	PC	27.0999971358226
6020	1245	PC	131.662334939691
6020	1246	PC	.618916866625648
6020	1271	PC	27.6411096084197
6020	1272	PC	264.852859789476
6020	1273	PC	5352.83589185972
6020	1275	PC	197.891208643479
6020	1277	PC	19924.8419018841
6020	1432	PC	702.102940031392
6020	1502	PC	4.38563950109629
6020	1503	PC	24.6932514115645
6020	1504	PC	299.985000074009
6020	1516	PC	.753796656589938
6020	1520	PC	412.184947384233
6020	1551	PC	990.234829790768
6020	1671	PC	13.92069183416
6020	1674	PC	981.014792463916
6020	1675	PC	57.2094469835467
6020	1677	PC	37256.4881864044
6020	1804	PC	50.9205914608382
6020	1805	PC	462.117387138298
6020	1901	PC	24.1854298981113
6020	1931	PC	149.850091796581
6030	309	PC	79.1548032178687
6030	1504	PC	.837174368836992
6030	1671	PC	1.61313677386414
6040	106	PC	19.5608582305729
6040	309	PC	75.5261192056441
6040	521	PC	55.302069857765
6040	706	PC	26.8931809804832
6040	1274	PC	56.3878636011762
6040	1277	PC	107.651490728792
