50	106	PC	97.0030174827118
50	301	PC	3.95713244326053
50	1102	PC	27.1696520904065
50	1253	PC	15.8948670358701
52	128	PC	258.197330917302
52	230	PC	388.263188400014
52	301	PC	48.8714974559365
52	417	PC	654.686038034865
52	904	PC	1636.18086819556
52	1804	PC	13.6830867538799
52	1871	PC	2109.5333080413
53	5101	PC	3172716.47165735
53	5102	PC	1660580.6370802
53	5104	PC	51033.6546503311
53	5203	PC	94500.0164182242
53	5204	PC	92493.0028962025
53	5403	PC	2665662.04722131
53	5404	PC	284267.679255336
53	5501	PC	1020927.74830517
53	5605	PC	2044579.75868907
53	5700	PC	8470.49476866047
53	5790	PC	1360745.09164195
53	5841	PC	7315.38566264978
53	6000	PC	600594.445340302
53	6010	PC	4840587.76169134
53	6020	PC	251998.822413593
53	6030	PC	259774.053255638
53	6050	PC	101459.983894409
55	128	PC	16061.5567768109
56	128	PC	422.016289206411
56	214	PC	154.562666778372
56	301	PC	653.914616612688
56	425	PC	33.2570817678901
56	428	PC	21.3690249026966
56	502	PC	5.93293182358881
56	720	PC	471.07530804715
56	904	PC	5.04589177880578
56	919	PC	55.0654666012924
56	1871	PC	23.9797534709487
58	119	PC	4.43776158383803
58	211	PC	35.0995714374323
58	216	PC	188.107457672187
58	220	PC	16.3581916561847
58	233	PC	10.3371848475806
58	301	PC	.670666072052861
58	403	PC	1.93225050573243
58	417	PC	153.484747821136
58	502	PC	30.3733711105229
58	602	PC	4.03199132063319
58	626	PC	61.9143156560125
58	720	PC	57.1447620129979
58	722	PC	23.3727260123705
58	819	PC	363.001875955273
58	826	PC	4.54908250011232
58	1228	PC	35.590259564227
58	1273	PC	114.374091716243
58	1416	PC	67.8079234872148
58	1634	PC	1.12900490511352
58	1717	PC	85.5485829054188
58	1833	PC	9984.69328980646
58	1871	PC	169.451111254468
59	122	PC	31.0060254988414
59	128	PC	860.65776972434
59	402	PC	114.31904890912
59	722	PC	93.8742950485626
59	1102	PC	128.979416653055
59	1721	PC	2.68767898198669
60	128	PC	85.1534189126555
60	301	PC	54.5387270738575
60	417	PC	21.0253079207035
60	1228	PC	52507.2739102448
60	1805	PC	27593.5551771709
60	1833	PC	16949.3414433029
61	403	PC	2.21067880179138
128	101	PC	1.53519499319514
128	106	PC	12.3491996106252
128	136	PC	4.73701953324079
128	215	PC	7.67877738682021
128	216	PC	1.6853100103437
128	217	PC	5.26836668461143
128	220	PC	12.3880159509827
128	228	PC	3.30756662165882
128	229	PC	2.42330288823559
128	231	PC	6.57682851677318
128	301	PC	13.0722774304464
128	305	PC	15.7225720597437
128	311	PC	4.90135321637813
128	403	PC	5.06405631954526
128	417	PC	6.38247263082547
128	511	PC	16.1854420895069
128	528	PC	1.96276865826098
128	543	PC	2.31476559178424
128	627	PC	3.08700476233828
128	704	PC	4.65423772811458
128	706	PC	30.1166109593609
128	709	PC	4.621768829474
128	720	PC	31.1294940269487
128	807	PC	3.30987039020952
128	826	PC	12.0197927840897
128	829	PC	3.29918448936498
128	833	PC	1.71343091518868
226	5404	PC	30.5800741397435
231	55	PC	3.93216215260454
233	58	PC	12.1276650021018
233	62	PC	8.39607577068586
233	3001	PC	16.5114371650251
233	4001	PC	8.91617606911355
233	5101	PC	5.96121379718696
233	5104	PC	4.19803788534293
233	5403	PC	4.28404856173624
301	52	PC	10.294089699968
301	55	PC	157.436273000689
301	56	PC	5.88180347449648
301	58	PC	10.7879744679058
301	4001	PC	1.44617675904683
301	4002	PC	.555503661480223
301	5106	PC	3.43105202678961
301	5605	PC	5.89394052928512
301	6020	PC	473.093059465334
402	51	PC	16998.3521821362
403	5101	PC	9.34187340670704
403	5106	PC	2.48583223255849
403	5605	PC	4.3143939057152
417	5403	PC	9.72261130692132
426	101	PC	127.579251212146
426	105	PC	83.2177150927598
426	106	PC	200.421491736378
426	221	PC	218.55114765289
426	237	PC	1041.58280345897
502	55	PC	3.21248912155322
602	6020	PC	16.155234398149
605	52	PC	81.8873181370456
627	3001	PC	2.52715882004631
709	1135	PC	846.667189262149
805	1135	PC	1059.70296963579
806	1135	PC	1452.77883860535
814	5403	PC	19.5187478822474
904	5800	PC	2.26139555331154
906	1135	PC	2495.62845002267
1002	1135	PC	129.439373987768
1034	5605	PC	.678874293168955
1071	1135	PC	298.847536208352
1072	1135	PC	758.894794224362
1101	1135	PC	20301.9588218893
1106	1135	PC	15009.1565814335
1111	58	PC	19.5524183427376
1111	61	PC	87.9858825423191
1111	136	PC	3.85590229405184
1111	213	PC	1.33102108138517
1111	219	PC	4.92771925177932
1111	220	PC	14.2004046637064
1111	231	PC	7.06396300957468
1111	235	PC	26.5505438890488
1111	302	PC	2.75631687891099
1111	303	PC	10.1364551887488
1111	306	PC	21.7109887491033
1111	311	PC	4.75364795058563
1111	602	PC	6.58037451377932
1111	625	PC	2.88219756133534
1111	626	PC	.833334200425266
1111	704	PC	11.6271749848709
1111	709	PC	.679964623143456
1111	904	PC	10.1868571483628
1111	1004	PC	1.02362728748198
1111	1072	PC	31.6357633323744
1111	1120	PC	12.6542739898428
1111	1135	PC	857.375534282155
1111	1172	PC	4.82856142489319
1111	1173	PC	.896441783524474
1111	1273	PC	7.24776087951495
1111	1429	PC	1.10547773776827
1111	1671	PC	21.8998171949848
1111	3001	PC	158171.259653866
1111	5101	PC	178043.773970794
1111	5403	PC	28321.0489789031
1111	5501	PC	8600.40846768682
1111	5605	PC	2760.4967755736
1111	5840	PC	64106.9322056232
1111	5841	PC	11784.5179940861
1111	6030	PC	1.75971765084638
1124	1135	PC	618.248248005565
1124	4005	PC	8.34082878873401
1124	5403	PC	46.4315403493736
1124	5831	PC	52.2237825637722
1124	6020	PC	5.21950530423888
1130	1135	PC	9991.2308638963
1135	1135	PC	36107.4972071913
1135	5201	PC	1935.56262993736
1146	1135	PC	874.808640502307
1149	1135	PC	23467.7897164066
1173	4001	PC	3.62455348808208
1221	1135	PC	1023.07844607625
1224	1135	PC	5409.47149287434
1228	3001	PC	1741.0342407115
1228	5501	PC	736.323103639242
1246	1135	PC	87.3297240573461
1247	1135	PC	249.513497306703
1263	1135	PC	4771.44660899609
1271	1135	PC	2454.46427300604
1275	6020	PC	1.11264243424009
1401	1135	PC	5540.52027451801
1411	1135	PC	989.776830659592
1424	1135	PC	1234.03439971827
1502	1135	PC	2659.67410695795
1503	1135	PC	235.880756330741
1511	1135	PC	2776.65339417694
1543	5102	PC	37.6817726803324
1634	625	PC	1.98809310227688
1671	1135	PC	55286.549976047
1714	62	PC	16.9141940685634
1805	51	PC	1.12648386275994
1805	53	PC	486703.712088527
1805	5101	PC	9.56148601253899
1813	1271	PC	14.8329928694726
1813	1401	PC	1006.81665852819
1813	1504	PC	1.05164186666102
1813	1554	PC	70.5442866812208
1813	1671	PC	938.813529536326
1813	1675	PC	1181.97062187155
1813	1804	PC	5725.90641852778
1813	1805	PC	90261.9962085743
1813	1813	PC	612.29874345204
1813	1820	PC	4997.41454533231
1813	1868	PC	2053.07575812801
1813	1901	PC	306.313042392254
1824	1813	PC	3663.64561536874
1833	52	PC	.911007204446178
1833	55	PC	12242.5120124889
1833	213	PC	7.20948684427658
1833	529	PC	1.24328442296029
1833	720	PC	.607697203979256
1833	1127	PC	1.21740555888947
1833	1671	PC	15.0739402100057
1833	1675	PC	4.32712206683619
1833	1677	PC	22.2837527265031
1833	1833	PC	9.77223945954668
1833	5101	PC	79611.3098468212
1833	5103	PC	9115.77221654
1833	5106	PC	2971.56065075793
1833	5201	PC	11266.3714369536
1833	5403	PC	909652.954885473
1833	5605	PC	249502.895249001
1833	5840	PC	120750.242489587
1833	6030	PC	103.329170149899
1845	1837	PC	1510.01911354585
1851	1135	PC	562.766554589092
1880	1833	PC	4706995.17756169
1925	55	PC	1.75601466624013
1971	55	PC	3.51759219736319
2030	301	PC	1.08054690187041
2030	1130	PC	2.10199348701802
2030	1804	PC	1.10209742261058
2030	1973	PC	.855476475709109
2030	2003	PC	2810.49825184546
2030	2018	PC	5.07093057323789
2030	5403	PC	1579566.42674776
2030	5501	PC	360077.901555285
2030	5605	PC	68462.0371858388
2030	5840	PC	57537.9453983415
2030	6010	PC	175434.01411152
3001	305	PC	2547.97792625504
3001	403	PC	8.62604356323996
3001	1833	PC	17785.1106908283
4001	403	PC	1.88724142027929
4001	626	PC	181.442628852302
4001	702	PC	1.04510831407804
4001	706	PC	17.5831060668626
4001	713	PC	243.47009476856
4001	720	PC	408.014716584258
4001	1119	PC	14.3628739252603
4001	1146	PC	16.7129034904224
4001	1154	PC	61.5353847172799
4001	1671	PC	25.4442511939758
4001	1702	PC	.75844635829615
4001	1717	PC	116.748654317983
4001	1833	PC	7.56716089101593
4002	626	PC	28.6922699460821
4002	713	PC	143.280621004893
4003	1717	PC	28.1807096629615
4004	306	PC	1.18531616964025
4004	704	PC	9.05406846783397
4004	1114	PC	38.5980939642961
4004	1154	PC	262.475361697742
4005	1119	PC	176.962575820812
5101	106	PC	22.4622015706175
5101	135	PC	23.5248495852845
5101	211	PC	4.27182431200279
5101	302	PC	542.661043548403
5101	305	PC	242.8317726203
5101	306	PC	10.110645617957
5101	310	PC	7.99632523672693
5101	403	PC	2.09553928086475
5101	532	PC	21.363877559073
5101	926	PC	1.97566066217039
5101	928	PC	41.5554880321461
5101	1124	PC	11.9858230872235
5101	1273	PC	.648923814487716
5101	1438	PC	7157.52986002985
5101	1677	PC	50.3378432203208
5101	1824	PC	100.887581112088
5101	1833	PC	9412.87163444448
5101	1845	PC	2552.96913795418
5102	219	PC	106.215984024455
5102	302	PC	1.10325581943439
5103	532	PC	20.5478234701368
5106	106	PC	58.1975222511454
5106	231	PC	71.36871546578
5106	928	PC	626.486759800996
5106	1271	PC	1.99754795476892
5201	106	PC	2.14616125915628
5201	124	PC	74.3462390762208
5201	1172	PC	6.50322240235191
5203	720	PC	27.3566537095685
5203	1172	PC	6.47842066428478
5302	805	PC	12003.3876921537
5302	1149	PC	14533.5803348417
5302	1224	PC	80463.784090476
5302	1228	PC	106731.206645826
5302	1416	PC	56890.8415244823
5302	1833	PC	24482.9796891257
5302	1931	PC	40682.0108210362
5403	135	PC	478.113036626747
5403	216	PC	51.9385591461537
5403	220	PC	30.6065703932606
5403	302	PC	57078.2973600341
5403	305	PC	6.09171463935627
5403	403	PC	100.286920847478
5403	417	PC	283.67005433128
5403	624	PC	162.664498378137
5403	626	PC	8.62177048853334
5403	701	PC	3.49093518587624
5403	722	PC	62.1093418510545
5403	814	PC	1.03286506218833
5403	904	PC	94.8486369445681
5403	1124	PC	54.340711905332
5403	1127	PC	10.2995351119143
5403	1277	PC	196.647272984979
5403	1438	PC	14177.4565337385
5403	1612	PC	26926.2390015828
5403	1824	PC	100.485638557857
5403	1833	PC	84345.3885119895
5403	1845	PC	10076.0988381919
5404	302	PC	3262.11572210214
5404	602	PC	4.40240761980214
5404	1127	PC	590.648470016462
5404	1271	PC	3.97275424456329
5404	1277	PC	24.5758314719917
5404	1612	PC	2224.63186599199
5404	1824	PC	20.4990702658027
5404	1833	PC	1545.81199435133
5501	302	PC	5780.97235494153
5501	716	PC	123.027170207967
5501	1228	PC	32933.4796462905
5501	1438	PC	252.990227077433
5501	1612	PC	3235.05525240394
5501	1833	PC	36323.2865401125
5605	219	PC	24.8129416373098
5605	302	PC	12932.2856943319
5605	306	PC	31.272085063637
5605	1102	PC	47.6451592992661
5605	1135	PC	43118.7132492929
5605	1172	PC	8.96272809400891
5605	1173	PC	79.3862299298702
5605	1228	PC	17017.9626157373
5605	1438	PC	71.8875393626146
5605	1833	PC	19993.4166010508
5605	1931	PC	34503.6448025316
5700	106	PC	2.09102676439203
5700	304	PC	12643.8283669972
5700	1003	PC	188581.053320274
5700	1149	PC	44500.1504224245
5700	1224	PC	10802.6637383742
5700	1228	PC	9846.21654413034
5700	1612	PC	3324.10611651776
5710	1228	PC	41314.820733192
5710	1612	PC	59247.9891532015
5710	1833	PC	15275.1346465087
5790	1228	PC	15426.9090078061
5800	1504	PC	22.3755958896529
5810	302	PC	16216.9599080147
5810	305	PC	23.4023961698204
5810	1228	PC	14730.1953553564
5810	1833	PC	9179.85899599375
5810	1931	PC	4858.29536505868
5820	135	PC	50.0528714580521
5820	216	PC	102.727572717644
5820	417	PC	122.367292098494
5820	426	PC	144.480102871841
5820	626	PC	38.5448593102401
5820	904	PC	24.2202805382678
5831	302	PC	40.5236297312907
5831	305	PC	4091.27376239705
5831	805	PC	48234.8526183228
5831	1833	PC	33441.0247509269
5835	1135	PC	50580.670421514
5840	106	PC	55.1651250391121
5840	228	PC	4.26399221506027
5840	302	PC	21086.4707306771
5840	805	PC	15989.2364400306
5840	1135	PC	27501.2099968035
5840	1228	PC	69544.6855298231
5840	1438	PC	28007.4776964742
5840	1833	PC	48031.0639964328
5840	1845	PC	17299.7141319089
5841	305	PC	4058.64413573742
5842	106	PC	38.3450200993687
5842	1135	PC	88323.7124285125
5860	1149	PC	7907.38874967283
5870	1149	PC	14595.6383224974
5880	219	PC	25.9278387014731
5880	303	PC	1.41832704059517
6000	1072	PC	28477.8435260691
6000	1135	PC	902464.050367305
6000	1228	PC	26545.4755966979
6000	1438	PC	19.4607866982641
6000	1833	PC	33964.4710650427
6020	306	PC	1.69186154128139
6020	403	PC	.803883200651413
6020	1072	PC	2565.78255388233
6030	106	PC	9.80168795808765
6030	302	PC	15045.6639011708
6030	529	PC	1.55196728981751
6030	826	PC	125.129360359209
6030	1072	PC	135367.467611742
6030	1124	PC	294.105341068097
6030	1438	PC	13349.2404812764
6030	1824	PC	350253.846094432
6030	1833	PC	7006.97058233635
6030	1845	PC	15675.3451115961
6030	1931	PC	33401.6302578893
6040	605	PC	55.694324809367
6040	1135	PC	18045.2690505082
6040	1149	PC	223129.624737513
6040	1224	PC	85605.9450656476
6040	1416	PC	86471.7661102288
6040	1424	PC	357797.764770168
6040	1438	PC	13105.08545136
6040	1563	PC	734465.528745573
6040	1833	PC	164629.993189768
6040	1931	PC	7590.3623345595
6050	1438	PC	46.7058880758337
