50	301	PC	12.3981908475933
50	602	PC	11.6767316311233
50	625	PC	35.8236997129291
51	403	PC	25.6537210882297
52	104	PC	22.5361081988567
52	220	PC	73.8677397761357
52	301	PC	2.16166318263483
52	709	PC	89.6311417992415
56	104	PC	1.93593434991504
56	233	PC	2.00861418247749
57	1439	PC	7.33815230842164
58	104	PC	364.390844672357
58	106	PC	618.279622342018
58	111	PC	26.9581241955291
58	119	PC	209.646152672764
58	128	PC	.563682498036644
58	137	PC	1.78109279315029
58	215	PC	10.4547248311439
58	219	PC	30.7815982577372
58	220	PC	525.930792624262
58	230	PC	3.93927142810353
58	231	PC	20.8972325224667
58	235	PC	1.98993378550511
58	301	PC	312.979682825084
58	602	PC	2.71730100047847
58	626	PC	73.8767152402655
58	709	PC	6293.28779189473
58	1004	PC	6.05432334942293
58	1034	PC	2.16758899765858
58	1101	PC	1.24114985768126
58	1106	PC	1.64526510995944
58	1127	PC	13.2173254201163
58	1146	PC	4.5781885718641
58	1271	PC	446.827164485775
58	1416	PC	66.1497496088575
58	1438	PC	1.78495303937664
58	1439	PC	803.597101661302
58	1441	PC	1.66597641075872
58	1504	PC	8.49592957197371
58	1531	PC	4.66505071355292
58	1534	PC	2.74126917491775
58	1621	PC	22.1204216743255
58	1860	PC	24.3851910663151
60	402	PC	2.35933836204448
62	220	PC	14.9332328190172
62	301	PC	6.62565957711153
62	926	PC	1.24522125635872
62	1102	PC	.865435444044241
62	1173	PC	.594171825525647
62	1271	PC	2.52651829084903
62	1277	PC	3.64952782373544
62	1416	PC	1.72313061707089
104	4001	PC	5.37757746954707
104	4003	PC	104.30163494431
104	4004	PC	248.162878036423
104	4005	PC	1.31763902941979
104	5501	PC	1.2567644989995
104	6010	PC	4.11884927601788
104	6020	PC	74.1834700952399
105	58	PC	13.1747614288174
105	211	PC	69.7608882093429
105	231	PC	184.498462225329
105	309	PC	400.34463680666
105	412	PC	100.194527011759
105	519	PC	52.1853661765959
105	542	PC	3.86543031253694
105	602	PC	148.6317166961
105	617	PC	119.715121203932
105	709	PC	261.351220363427
105	906	PC	85.5499466422353
105	926	PC	5.9810534355338
105	1072	PC	62.5315631128069
105	1102	PC	128.50654880874
105	1106	PC	25.6533667246209
105	1122	PC	4.40483776884478
105	1124	PC	27.099120351268
105	1274	PC	409.75516078009
105	1276	PC	14.7072874597605
105	1439	PC	11.4693630867653
105	1502	PC	2.89872370939251
105	1528	PC	41.0644029592051
105	1531	PC	5.62964145586184
105	1554	PC	.886532311112523
105	1566	PC	20.7700814572823
105	1673	PC	5.47262505831446
105	1719	PC	13.6885624580526
105	1804	PC	3.78398953204834
105	1870	PC	8.52061585181247
105	1901	PC	.65635521624684
105	1931	PC	21.6036951718889
105	1973	PC	5.39846912389829
106	58	PC	69.1068113788111
106	211	PC	378.031138996933
106	230	PC	255.238135405629
106	235	PC	79.6888498809852
106	305	PC	28.6838303200186
106	309	PC	439.521687908866
106	412	PC	280.070207412632
106	542	PC	65.5252771136101
106	626	PC	306.555281240336
106	709	PC	271.36300220333
106	926	PC	136.784138061796
106	1122	PC	173.728004160253
106	1172	PC	28.4830629337035
106	1245	PC	5.39458118920769
106	1274	PC	4.34794631045831
106	1275	PC	6.1323217817358
106	1276	PC	263.386022736272
106	1502	PC	33.1198926707974
106	1514	PC	3.86971726604549
106	1531	PC	68.0774164521935
106	1534	PC	22.5804419824357
106	1653	PC	4.89584098384009
106	1671	PC	1.90649779957432
106	1673	PC	83.9408575949321
106	1674	PC	1.17987033634033
106	1677	PC	59.54439704374
106	1804	PC	1.1871898385958
106	1805	PC	2.33224746280442
106	1928	PC	14.854204160543
106	1971	PC	8.76926805402469
106	1973	PC	52.8314234012222
106	4001	PC	2.6134185003672
106	5201	PC	3.52762557128217
106	5810	PC	1.21568006646295
106	5860	PC	.88875805181027
106	5880	PC	3.82028929098622
106	6020	PC	21.4662476148139
111	52	PC	4.78637320853769
111	58	PC	173.72772891823
111	62	PC	208.336437283767
135	230	PC	1.6226691424262
135	1860	PC	1.3790301980335
137	230	PC	161.119829295308
137	235	PC	38.6166922328407
137	309	PC	50.0017353045506
137	1127	PC	.990108343038971
137	1172	PC	35.5006203065099
137	1274	PC	19.9123657877321
137	1275	PC	21.9121002105345
137	1674	PC	1.26335323143484
137	1677	PC	48.4133457301914
137	1805	PC	5.74557886766468
137	1971	PC	20.7245170742227
211	542	PC	1.63521757194319
217	52	PC	91.722708664942
217	58	PC	19.735833520701
217	4001	PC	2.47631078567027
217	4004	PC	15.3892745256232
217	5605	PC	1.21884762014746
219	123	PC	49.5265017113087
219	301	PC	19.1800881025934
219	4001	PC	1.56367772503373
219	5101	PC	.870197364102673
219	5403	PC	2.53026618177547
219	5700	PC	5.3550607021703
219	5860	PC	1.05762448867863
219	5870	PC	.923747971124376
219	5920	PC	.531043519631888
219	6000	PC	617.090420014594
219	6010	PC	2.06169837033556
219	6020	PC	10.3575799081144
219	6030	PC	35.5531405118256
219	6040	PC	1.44586638958598
220	58	PC	23.6979286273376
226	230	PC	3.408611820591
226	1547	PC	1.99148728245514
230	226	PC	289.239524134199
230	230	PC	1973.22438491276
230	231	PC	13.7742826549847
230	235	PC	24.54294176784
230	301	PC	25.9106859041559
230	305	PC	1.01643145731506
230	306	PC	19.0239007665476
230	309	PC	11.584546527599
230	312	PC	1.77043879292331
230	544	PC	6.37856762848702
230	626	PC	18.3965470669454
230	706	PC	.935867410328665
230	709	PC	3.00708167300825
230	1002	PC	.884193615965258
230	1071	PC	11.8703397587914
230	1072	PC	6.81991880639081
230	1074	PC	1.11031239001082
230	1101	PC	53.6350903087288
230	1119	PC	4.11567783174126
230	1124	PC	2.74107463271524
230	1127	PC	8.50720151696248
230	1146	PC	2.69330341625463
230	1149	PC	1.66911580422503
230	1238	PC	.815807854178873
230	1243	PC	2.79828758001804
230	1245	PC	105.854273795505
230	1271	PC	92.4053678853323
230	1274	PC	7.7270307928778
230	1277	PC	.994805658694087
230	1439	PC	5.5663179847869
230	1511	PC	18.2641034862788
230	1525	PC	140.209873789746
230	1528	PC	4.65711243694828
230	1531	PC	1.21315751711522
230	1532	PC	18.7247774145647
230	1534	PC	43.574958404508
230	1545	PC	14.1759625610522
230	1547	PC	69.5953834289
230	1554	PC	2.19766578205567
230	1617	PC	25.6647804046957
230	1620	PC	58.4697423998852
230	1671	PC	5.84149938665116
230	1674	PC	1.95818697097798
230	1677	PC	6.35253612147947
230	1805	PC	.723566508585633
230	1851	PC	2.72329167572183
230	1971	PC	.744354937198721
230	1972	PC	.721151853121455
231	230	PC	57.0056587445022
231	231	PC	2.99929224238037
231	235	PC	273.338507320101
231	309	PC	16.4051390390632
231	709	PC	1.08139283240873
231	1072	PC	23.6066418056356
231	1074	PC	2.50070358110546
231	1102	PC	.632594404048354
231	1127	PC	87.9848937378156
231	1172	PC	5.83727691621937
231	1245	PC	21.8095692182658
231	1263	PC	.746714854566159
231	1271	PC	4.57942512208854
231	1273	PC	2.30584703650965
231	1274	PC	13.6967867150689
231	1277	PC	27.7605175007219
231	1503	PC	.849836835249876
231	1504	PC	.6203144535286
231	1671	PC	.904941205111871
231	1674	PC	33.1559877864579
231	1677	PC	.585661322723758
231	1804	PC	13.0767418011519
231	1971	PC	9.34898663641237
231	2004	PC	.690941584353198
235	230	PC	48.4989856129613
235	235	PC	.90085695789929
235	301	PC	2.59246451900564
235	309	PC	1.02823916387395
235	1245	PC	24.816911946603
235	1547	PC	.947536296822985
235	1620	PC	.602452937493939
237	1523	PC	.603093135459441
237	6000	PC	33.7993581318649
301	50	PC	52.5812316379529
301	56	PC	22.3466542996007
301	58	PC	53.8579864340668
301	101	PC	8.62887645838147
301	104	PC	3.49420320455832
301	105	PC	8.29606510252976
301	106	PC	16.8731336628602
301	124	PC	4.76220054806411
301	136	PC	2.74148526350354
301	211	PC	193.771222675406
301	213	PC	68.8731719362516
301	214	PC	41.5657146760898
301	216	PC	5.14929182831272
301	217	PC	15.5712775831679
301	219	PC	36.9471988483634
301	220	PC	17.1557082115271
301	227	PC	.877709627960224
301	229	PC	2.34104897432523
301	230	PC	67.3457449386751
301	231	PC	53.1323678496737
301	233	PC	1.3837011433726
301	235	PC	89.4139061863756
301	301	PC	16.4483032630512
301	302	PC	5.01853791388423
301	303	PC	14.656825637468
301	304	PC	4.01080651229592
301	305	PC	11.7830053588275
301	306	PC	198.189561402129
301	308	PC	4.05899946514571
301	309	PC	101.281033716388
301	310	PC	2.2386403904416
301	311	PC	14.576187743173
301	312	PC	6.75459465317808
301	402	PC	2.34489942226302
301	412	PC	13.0209368477726
301	438	PC	.493152196873829
301	522	PC	4.88768534598529
301	542	PC	4.49754005198395
301	602	PC	21.2806133616431
301	604	PC	5.1804073190783
301	605	PC	4.0505883515026
301	617	PC	1.92298084404073
301	623	PC	1.89713519911562
301	624	PC	.679811619115952
301	625	PC	4.18916394214017
301	626	PC	25.270690932624
301	627	PC	4.31487347004612
301	701	PC	7.97376743138755
301	702	PC	3.21486160625522
301	704	PC	14.2670399603096
301	709	PC	30.4382585911912
301	713	PC	1.94848428071101
301	716	PC	3.36953550356441
301	719	PC	.976137189199556
301	720	PC	479.14134788235
301	722	PC	4.26050077832828
301	723	PC	.727468143093497
301	807	PC	2.85855174185776
301	826	PC	1.66630142382731
301	926	PC	12.018429117218
301	1004	PC	13.964370781741
301	1071	PC	21.4913174702715
301	1072	PC	.650551315724103
301	1102	PC	37.5162496839854
301	1122	PC	22.9170909037281
301	1124	PC	22.0296459273476
301	1127	PC	9.43702704710804
301	1172	PC	5.65130483174987
301	1216	PC	19.5501317366371
301	1235	PC	8.46883689096108
301	1245	PC	15.7333151223327
301	1271	PC	97.6922900012821
301	1274	PC	3.93940848483601
301	1276	PC	28.7049544718905
301	1277	PC	45.6864313138569
301	1401	PC	14.9488528872901
301	1420	PC	1.63657139242877
301	1439	PC	5.62616941122832
301	1502	PC	14.0004428636935
301	1503	PC	13.0388542411224
301	1504	PC	9.92240609772392
301	1515	PC	.623893687984464
301	1517	PC	1.07056759566732
301	1519	PC	2.32898292465009
301	1520	PC	.871552157800479
301	1525	PC	2.45235987542318
301	1531	PC	22.7332711298486
301	1547	PC	1.60577664169414
301	1671	PC	3.79339686328626
301	1673	PC	13.7818759347246
301	1674	PC	14.2123179482796
301	1677	PC	68.5610900259245
301	1805	PC	27.4125499291598
301	1833	PC	25.824046794329
301	1865	PC	13.9253485715778
301	1972	PC	.571174732017801
301	1973	PC	9.77811775465715
301	2002	PC	1.10360767216276
301	2030	PC	.715642122214056
301	4001	PC	4.06454938562403
301	4002	PC	1.77190334079033
301	4004	PC	11.3529784607416
301	5101	PC	.630010076725449
301	5403	PC	52.4345574169653
301	5501	PC	9.15483392741668
301	5700	PC	6.26269391894892
301	5720	PC	1.90873365432913
301	5800	PC	20.6672836888294
301	5840	PC	515.531339439966
301	5850	PC	52.3715564092927
301	5860	PC	1.83096678548334
301	6000	PC	59.3882936388224
301	6020	PC	115.071340513903
301	6030	PC	.841654086875405
301	6040	PC	4.15708211564308
305	211	PC	1.87616405319633
305	230	PC	.988124161244655
305	1677	PC	2.42901434025142
306	230	PC	26.6222607354004
306	301	PC	.63900584737984
306	706	PC	4.6342543360724
306	1245	PC	9.78737297304257
306	1246	PC	.922263402150723
306	1511	PC	4.65962736999104
306	1532	PC	10.1014711091355
306	1534	PC	2.7143284345159
306	6000	PC	246.973793983825
309	101	PC	33.1125054998721
309	104	PC	21.158557972525
309	105	PC	37.5605190176778
309	106	PC	87.5435418525194
309	124	PC	21.554732058511
309	136	PC	14.6896503555661
309	213	PC	75.6482401058296
309	216	PC	30.3066438098027
309	217	PC	33.0523193099163
309	219	PC	205.013176499675
309	220	PC	755.214308999501
309	227	PC	4.36337136278092
309	230	PC	42.3024297588421
309	231	PC	87.6064165735851
309	233	PC	7.69527229641682
309	235	PC	27.7832912624742
309	301	PC	45.5283186559688
309	302	PC	28.4826307320899
309	303	PC	83.6296126666612
309	304	PC	21.8684356575114
309	305	PC	70.2939947116456
309	306	PC	1658.31285503574
309	308	PC	22.7453071412548
309	309	PC	81.2875805244209
309	311	PC	77.1255628180032
309	312	PC	21.3340531371813
309	402	PC	12.6395311115155
309	403	PC	3.51295648533523
309	427	PC	3.36029068059613
309	502	PC	71.3157413941352
309	534	PC	1.7599468431033
309	542	PC	.646250172268811
309	602	PC	98.7261113741458
309	604	PC	27.329336373494
309	605	PC	24.6152642404815
309	617	PC	9.5118787461962
309	623	PC	10.7862155406828
309	624	PC	3.07790176793432
309	625	PC	16.0534324605057
309	626	PC	21.8789667111489
309	627	PC	25.2011221271066
309	701	PC	43.1644289837233
309	702	PC	14.0438448445407
309	704	PC	76.4684168031589
309	706	PC	27.593810906794
309	709	PC	33.1288549882744
309	713	PC	11.5808118995776
309	716	PC	20.5677740571012
309	719	PC	5.00341199052715
309	720	PC	15.8896332171111
309	722	PC	14.6921218707671
309	723	PC	8.9781203794872
309	728	PC	.75307151444094
309	805	PC	25.6967819111895
309	806	PC	39.2666457436452
309	807	PC	16.5691081067184
309	814	PC	11.3001598079347
309	815	PC	3.83196500684842
309	821	PC	8.09203776537814
309	826	PC	10.1246772274261
309	828	PC	3.79292475600615
309	1124	PC	18.1017654704254
309	1271	PC	40.6436450176553
309	1401	PC	7.89186225477588
309	1504	PC	18.1198547067037
309	1515	PC	2.90734279757794
309	1520	PC	4.10179305915468
309	1531	PC	22.9410621079945
309	1532	PC	5.29111045281999
309	1547	PC	2.36649826616231
309	1833	PC	205.345700334368
310	1271	PC	70.8083422530781
402	52	PC	6.42712971989347
402	59	PC	1.7633756328945
402	235	PC	653.034263149224
402	309	PC	885.826519398326
402	4004	PC	4.02862761800829
402	6030	PC	2.31874655754026
403	301	PC	.514235083957913
403	519	PC	.565797537476909
403	542	PC	.495405126307317
403	1274	PC	.797121125164916
403	1971	PC	.895662817198191
412	301	PC	20.1874001530906
542	211	PC	14.8389555234997
542	230	PC	6.37866745087076
542	309	PC	6.07253310544804
542	412	PC	16.8430849515411
542	542	PC	4.17867613015838
542	625	PC	4.60430764638152
542	626	PC	4.28451644755845
542	709	PC	2.22121270550403
542	1274	PC	2.14543186434006
542	1432	PC	7.52405731567444
542	1673	PC	1.20994066137686
624	1149	PC	7.23377867776969
625	211	PC	2.12075226762864
625	412	PC	.63445214162935
625	542	PC	.592779320735059
625	709	PC	3.76421426756443
625	926	PC	.629133331343739
625	1276	PC	2.32580484457029
626	58	PC	7.83150355895185
704	6030	PC	226.975458185179
706	309	PC	86.5059692477571
706	704	PC	74.6973535594032
706	706	PC	785.545736379695
706	709	PC	409.649073579923
706	723	PC	149.840277714541
706	805	PC	279.599869214604
706	806	PC	714.792583106827
706	1871	PC	140.65696394913
709	106	PC	16.326159559636
709	230	PC	6.3387827861466
709	235	PC	6.46294365775318
709	709	PC	1.34481812510149
709	1271	PC	1.53772029524676
709	1534	PC	47.6140299163177
716	1534	PC	5.09880921008283
716	1860	PC	1.45281587217852
814	211	PC	19.4432333655284
814	235	PC	3.31602601267353
814	305	PC	1.09990626353457
814	309	PC	.549953131767285
815	101	PC	1.15063701075443
815	104	PC	.572643558663039
815	105	PC	1.43427902401527
815	106	PC	1.95693875166106
815	125	PC	.838009671062451
815	213	PC	1.30252125075373
815	219	PC	2.08129791217616
815	220	PC	1.05034298454429
815	221	PC	.531751658966103
815	230	PC	.798562755415497
815	231	PC	1.80852751772916
815	235	PC	.915563596015132
815	301	PC	2.76182645304674
815	302	PC	1.83128658015757
815	303	PC	.715035974898833
815	304	PC	1.48369964791508
815	305	PC	1.32182344804215
815	306	PC	.937491611534026
815	307	PC	.616718528350244
815	403	PC	1.62914298355885
815	501	PC	2.18984090975678
815	502	PC	1.06367166022616
815	520	PC	.556204278384559
815	532	PC	1.99534646954082
815	602	PC	1.0125664010578
815	604	PC	.666520974153281
815	620	PC	.963751761802937
815	623	PC	.786654693331942
815	625	PC	.57504699787683
815	704	PC	1.96467643961034
815	706	PC	4.62017594685959
815	709	PC	1.92666885868012
815	711	PC	2.25356227694535
815	723	PC	1.09690710914751
815	806	PC	3.91612793600276
815	815	PC	1.15790415894446
815	834	PC	.523270704866685
815	904	PC	.952561872041048
815	906	PC	1.1764221598491
815	1018	PC	1.2904807513011
815	1032	PC	.543058699527821
815	1071	PC	2.50848811903242
815	1072	PC	.839989537952124
815	1074	PC	1.61205281486256
815	1102	PC	2.88635094686034
815	1106	PC	.720210104047235
815	1124	PC	.557209804066966
815	1149	PC	.857692709789792
815	1172	PC	11.9578619545999
815	1173	PC	1.96060071236867
815	1224	PC	.783447229094986
815	1271	PC	2.08981679632493
815	1274	PC	1.20868870449665
815	1275	PC	1.1389949571204
815	1277	PC	.755679346551034
815	1504	PC	5.52756190192406
815	1634	PC	.551821583299097
815	1640	PC	1.09170346097012
815	1671	PC	3.21626472175807
815	1677	PC	.894239492380701
815	1702	PC	1.52569071347138
815	1714	PC	2.3720909813513
815	1719	PC	.94345087370842
815	1804	PC	6.6513129346528
815	1833	PC	.958898135868474
815	1837	PC	.934399515049774
815	1841	PC	.638423478941134
815	1860	PC	.565942919811699
815	1871	PC	.883004717295929
815	1901	PC	.760326902921561
815	1931	PC	.556725949237782
815	1971	PC	1.65364021194878
815	1972	PC	1.80985050874538
815	2003	PC	.53622270458898
815	2004	PC	.995231150502288
822	4001	PC	1.04602185715726
822	4004	PC	.66759756753723
906	301	PC	18.7780670539057
906	5605	PC	.576287041926782
1002	58	PC	39.4439679988578
1004	50	PC	105.711169200425
1004	52	PC	2.31766266212869
1004	58	PC	318.257222831399
1004	135	PC	.67028374349612
1004	211	PC	14.125259178058
1004	235	PC	31.6705217101315
1004	309	PC	21.5825765343543
1004	709	PC	6.44114685181448
1004	814	PC	1.22906697469887
1004	1124	PC	39.465166952255
1004	1127	PC	66.0797444008781
1004	1146	PC	1.41791719019835
1004	1172	PC	27.3517945723566
1004	1275	PC	5.4829514011444
1004	3001	PC	8.4980964278052
1004	4001	PC	14.163494046342
1029	1004	PC	1.71619600443811
1029	1172	PC	1.63211718273826
1029	1401	PC	.787294063970163
1034	50	PC	4.31684025837109
1034	55	PC	2.73484031963081
1034	56	PC	4.50757783963765
1034	58	PC	441.547215762506
1034	3001	PC	7.82992266005039
1034	4001	PC	1.11202658326222
1034	4004	PC	1.12278813084218
1034	4005	PC	.545251744051155
1034	5501	PC	1.09656281023432
1071	235	PC	34.0724033940659
1071	301	PC	16.3052368523975
1071	305	PC	6.97678683736301
1071	309	PC	60.4877748508558
1071	706	PC	7.19919150149838
1071	806	PC	2.34935792632872
1071	815	PC	1.86472458549597
1071	901	PC	5.80375365365781
1071	904	PC	14.7274617336524
1071	906	PC	82.2002856760405
1071	914	PC	28.924692353246
1071	926	PC	35.7886576217853
1071	1002	PC	50.6555373770197
1071	1004	PC	5.34314115454764
1071	1014	PC	2.10359754890599
1071	1018	PC	7.52005025458925
1071	1029	PC	1.78720066400215
1071	1032	PC	2.16500919954009
1071	1034	PC	.572580778593819
1071	1071	PC	170.29221120772
1071	1072	PC	104.779058489471
1071	1074	PC	20.1339713107901
1071	1075	PC	1.39391617922486
1071	1102	PC	1.06216485766317
1071	1119	PC	9.12159231813027
1071	1124	PC	7.38319686316377
1071	1149	PC	.83839123939217
1071	1172	PC	27.6385529370529
1071	1271	PC	3.4930909404883
1071	1273	PC	.946315590709801
1071	1275	PC	4.63006708736677
1071	1531	PC	1.7980167866175
1071	1671	PC	6.3121528874541
1071	1833	PC	308.182177362808
1074	211	PC	8.70768895760628
1074	220	PC	6.73552509585552
1074	231	PC	6.76887481108331
1074	301	PC	136.753449886899
1074	306	PC	.604582107857815
1074	309	PC	104.843606234163
1074	706	PC	33.9858066865714
1074	720	PC	1.3823070436283
1074	814	PC	17.5465603306639
1074	1106	PC	3.5310759315057
1074	1119	PC	.841698809775015
1074	1124	PC	6.44391169022943
1074	1127	PC	156.781864404645
1074	1271	PC	4.36371701268101
1074	1274	PC	21.5987860086998
1074	1674	PC	1.3034701372672
1074	1931	PC	2.75020282000832
1101	50	PC	7.93046087981436
1101	52	PC	13.6436775195623
1101	54	PC	6.66346417120497
1101	58	PC	47.6433777757486
1101	214	PC	120.189414362786
1101	216	PC	.59632712732278
1101	219	PC	13.8967464609907
1101	220	PC	2.74633195291621
1101	231	PC	14.769242276219
1101	301	PC	373.287886212956
1101	309	PC	31.7806918807582
1101	706	PC	476.790174004564
1101	709	PC	1878.1756312773
1101	1034	PC	4.90606111309697
1101	1071	PC	77.7441538520101
1101	1074	PC	228.842215973578
1101	1106	PC	132.366925070629
1101	1120	PC	25.8146483816244
1101	1122	PC	502.338484981741
1101	1124	PC	6947.01905577435
1101	1127	PC	45.5941311446094
1101	1142	PC	67.3814313396523
1101	1149	PC	90.2440199243972
1101	1172	PC	237.275611974474
1101	1173	PC	472.178237874508
1101	1175	PC	1213.70682343807
1101	1246	PC	118.943173263571
1101	1271	PC	565.133604212252
1101	1273	PC	20.0212294386594
1101	1274	PC	32.2555847831885
1101	1275	PC	40.5408077444781
1101	1277	PC	210.709751749994
1101	1439	PC	.755838067844549
1101	1972	PC	3288.44824019367
1101	2025	PC	432.679390802033
1101	4001	PC	3639.76088417397
1101	4004	PC	6.84139117812388
1101	5102	PC	7.11316979308793
1101	5103	PC	1.05583059050783
1101	5605	PC	1.52508863073353
1102	231	PC	.607676434112002
1102	1102	PC	5.52498387845862
1106	50	PC	5.3305654009587
1106	58	PC	4.08937503512079
1106	61	PC	.841153439417336
1106	106	PC	22.6097345689796
1106	211	PC	20.32957234109
1106	215	PC	5.43423775673955
1106	219	PC	.747287799951123
1106	235	PC	18.2152526765389
1106	301	PC	941.967867396201
1106	306	PC	1089.70294900235
1106	309	PC	35.795942466349
1106	402	PC	1.24884028932585
1106	403	PC	20.3213492544448
1106	605	PC	9.84868189502218
1106	623	PC	5.74533788364761
1106	704	PC	141.735133690454
1106	706	PC	23.7717548601014
1106	806	PC	1.00213458812511
1106	814	PC	76.5192320765809
1106	1002	PC	2.45366081710863
1106	1032	PC	8.71599526112214
1106	1071	PC	21.3972563596556
1106	1072	PC	37.4451986293973
1106	1172	PC	5.06287149768637
1106	1274	PC	.702544277958531
1106	1275	PC	2.16515113754674
1106	1401	PC	9.03712824081446
1106	1422	PC	22.8258230500398
1106	1439	PC	69.2498351956365
1106	1443	PC	2.41201631383924
1106	1502	PC	5.61236420618646
1106	1503	PC	10.689480379063
1106	1504	PC	19.5414120824416
1106	1528	PC	57.2310623112438
1106	1531	PC	2.98296958949884
1106	1548	PC	.950902417621525
1106	1554	PC	7.53066106676373
1106	1671	PC	39.7449937908086
1106	1674	PC	.66755157529782
1106	1805	PC	2.78338254680266
1106	1919	PC	1.73355316679234
1106	1926	PC	8.2484274093334
1106	1971	PC	24.3140685775273
1106	1974	PC	6.48375162067393
1106	3001	PC	32.3355031478339
1106	4001	PC	7.65254012790842
1106	4004	PC	.556530589567982
1119	50	PC	5.97091716127307
1119	52	PC	.748212997425501
1119	58	PC	4.40252865151816
1119	1124	PC	163.165406100907
1124	135	PC	3.87628242391682
1124	226	PC	2.5590937104146
1124	301	PC	21.4616991566847
1124	309	PC	13.96368275053
1124	1071	PC	1.47054929381885
1124	1074	PC	27.9045938103324
1124	1106	PC	6.37415067861898
1124	1119	PC	18.2987092333963
1124	1124	PC	14.0989551197526
1124	1127	PC	4.80482517066413
1124	1146	PC	7.67229025203382
1124	1172	PC	5.17584529199816
1124	1224	PC	7.84060926724349
1124	1271	PC	60.7696179269292
1124	1273	PC	1.76898186286307
1124	1274	PC	.592832544681921
1124	1662	PC	.867573134041993
1133	235	PC	8459.68365757537
1133	305	PC	20.7660110299459
1133	602	PC	24.0490856390863
1133	1004	PC	.70048666369199
1133	1071	PC	2.08087205421896
1133	1074	PC	27.5551267811311
1133	1133	PC	4.78955939918793
1133	1245	PC	17.6364552529994
1133	5106	PC	.635537305529264
1133	5403	PC	38.8226986143062
1133	5605	PC	1.47605500744065
1133	5860	PC	2.03018861488515
1133	5870	PC	.74342172467775
1141	235	PC	35.4149184639716
1142	1124	PC	2.5543624048929
1142	1539	PC	6.38275487206016
1142	1702	PC	15.3376627149639
1142	2025	PC	2.63210617727347
1144	214	PC	39.9802092391862
1144	227	PC	46.4003714251221
1144	1014	PC	116.968350921612
1144	1121	PC	82.7859961215725
1144	1554	PC	50.0025820235237
1144	1841	PC	50.0416731632993
1149	105	PC	3.84498083236176
1149	211	PC	2220.5147266849
1149	213	PC	526.469190445607
1149	214	PC	593.304194662462
1149	230	PC	611.120147013949
1149	231	PC	.596711707241421
1149	235	PC	1385.44084971262
1149	306	PC	4.01509628399369
1149	309	PC	476.85090914001
1149	412	PC	30.3396086507921
1149	542	PC	6.47279619766425
1149	626	PC	19.3647277580469
1149	704	PC	9.97063277206112
1149	706	PC	.95036868058844
1149	709	PC	50.7740764847311
1149	926	PC	21.0285250424826
1149	1072	PC	103.812959880532
1149	1101	PC	8.65606153801212
1149	1102	PC	317.478802193873
1149	1122	PC	20.6054440207886
1149	1124	PC	454.31992157515
1149	1172	PC	455.754640578814
1149	1173	PC	4.14847409012004
1149	1271	PC	3.04502762760883
1149	1274	PC	57.2362421798942
1149	1275	PC	185.081215271363
1149	1276	PC	43.3029023147729
1149	1277	PC	359.550720023792
1149	1401	PC	.664275508835124
1149	1439	PC	9.47419768723424
1149	1502	PC	9.34297752556134
1149	1503	PC	2.60719033635682
1149	1504	PC	1.52245636815677
1149	1531	PC	9.46273522351966
1149	1554	PC	296.231931059047
1149	1673	PC	16.171056920693
1149	1677	PC	969.623911102467
1149	1702	PC	1.72482675048477
1149	1805	PC	137.701689669975
1149	1870	PC	.691839144777563
1149	1929	PC	1.20878707628638
1149	1971	PC	391.36477927448
1149	1972	PC	40.0807289638629
1149	1973	PC	11.1018847593942
1149	4001	PC	.937005808095126
1149	4004	PC	1.87205544540091
1149	5101	PC	12.6652277755989
1149	5104	PC	1.93660908144922
1149	5201	PC	2.92251915927791
1149	5501	PC	25.2365593533094
1149	5605	PC	14.7984320213771
1149	5700	PC	42.7041864167446
1149	5790	PC	.665098068376499
1149	5820	PC	.786380657315742
1149	5840	PC	1.1971765230777
1149	5880	PC	3.26876138899156
1149	5910	PC	5.32078454701199
1149	6000	PC	469.773436975241
1149	6020	PC	22.7130990350574
1149	6040	PC	.880276855204189
1173	5770	PC	2.94230234041326
1175	6000	PC	9.04856046421758
1219	230	PC	25.6633765376358
1219	235	PC	25.1902639441697
1219	1071	PC	1.24193735888462
1219	1106	PC	.950844141951705
1219	1274	PC	.574446093420089
1219	1275	PC	.853465634472506
1222	1149	PC	4.15205980774492
1223	831	PC	1.65469317143452
1223	1223	PC	.804009730773659
1223	1244	PC	83.8555451724567
1223	1245	PC	859.207969098282
1223	1271	PC	1833.07267689564
1223	1439	PC	1.08916041433542
1224	235	PC	38.5543619779553
1224	1071	PC	.988528164034404
1224	1275	PC	1.11286700603176
1238	230	PC	19.7425476895341
1241	104	PC	31.0011458324164
1241	302	PC	.76959972916015
1241	1141	PC	2.58347644547348
1241	1224	PC	9.21764712414269
1241	1241	PC	5.00064801599739
1241	1243	PC	1.70511084739256
1241	1271	PC	1.10829679333103
1241	1401	PC	.669059636123161
1241	1671	PC	50.5298309525216
1241	1833	PC	1.19070219083019
1243	1251	PC	11.3700762298843
1243	1439	PC	12.5818264789088
1244	106	PC	3.92030796099546
1244	230	PC	1.92776291498819
1244	1244	PC	7054.74447549217
1244	1503	PC	6.44520714058867
1245	58	PC	1.08891216443332
1245	106	PC	335.508118411113
1245	211	PC	5.41442267894118
1245	217	PC	4.77551273003034
1245	219	PC	.5893194869449
1245	226	PC	2.39279840511186
1245	228	PC	33.3250603900122
1245	230	PC	542.66547334654
1245	231	PC	141.984649552433
1245	235	PC	5228.98964578681
1245	301	PC	446.808174679493
1245	305	PC	38.5447736770375
1245	306	PC	50.9698355527384
1245	308	PC	1.37481698022256
1245	309	PC	107.91629206099
1245	310	PC	260.552766867579
1245	534	PC	16.937804413643
1245	709	PC	489.2061585089
1245	1072	PC	65.3033195728831
1245	1102	PC	5.19467762459184
1245	1124	PC	15.8705267682654
1245	1127	PC	100.132422796369
1245	1146	PC	1.15058041173761
1245	1149	PC	1.1279494386243
1245	1172	PC	23.4106462124703
1245	1173	PC	1.80426692760147
1245	1245	PC	84.2582802535241
1245	1271	PC	128.325115611298
1245	1274	PC	190.059310586054
1245	1275	PC	21.9670464202752
1245	1277	PC	11.7535327915097
1245	1511	PC	59.1427298793976
1245	1525	PC	14.0549799954374
1245	1531	PC	3.07638468644803
1245	1532	PC	189.893141922744
1245	1539	PC	3.78187323972932
1245	1545	PC	3.44002232513912
1245	1671	PC	27.0201459714824
1245	1674	PC	27.3082036052786
1245	1804	PC	4.0926963985024
1245	1813	PC	4.24206794390032
1245	1851	PC	.604659058968751
1245	1865	PC	3.94902634750585
1245	1901	PC	.595650969623217
1245	1971	PC	72.5021385576483
1245	4001	PC	1.9776999310789
1245	5700	PC	7.45757682344335
1245	6020	PC	10.8685206033845
1246	1401	PC	1.32784042308801
1246	1439	PC	19.5910305583904
1246	1504	PC	.91451859464209
1246	1750	PC	3.70011111297608
1246	1870	PC	1.35486540298061
1246	1901	PC	7.87393668814571
1246	1971	PC	3.12249716427099
1246	1972	PC	3.45374808374783
1246	4001	PC	4.80494755080578
1247	106	PC	10.9198213060592
1253	50	PC	1.00847000453825
1253	211	PC	19.4611934440135
1253	309	PC	142.022597987608
1253	1172	PC	40.7074789208687
1253	5730	PC	203.31265412505
1253	6020	PC	47.9121352350662
1260	432	PC	33.627871379941
1260	541	PC	70.481180167487
1260	543	PC	45.5341651070828
1260	605	PC	32.9895916231242
1260	706	PC	61.0123745486517
1260	822	PC	62.6374055667532
1260	826	PC	45.2335691401944
1260	1046	PC	44.2876341570156
1260	1130	PC	44.8934537698035
1260	1173	PC	49.1528567166235
1260	1243	PC	32.1567805226618
1260	1516	PC	62.3003382987833
1260	1644	PC	76.2488333000948
1260	1740	PC	42.5601132175042
1260	1804	PC	34.0153668591305
1260	1852	PC	46.2129024335591
1260	1929	PC	33.9252809428868
1260	2004	PC	38.0557688587688
1260	2015	PC	33.5681958698878
1260	2018	PC	37.7085014169945
1271	50	PC	7.3015975134029
1271	52	PC	3.50021495738567
1271	58	PC	30.3384663038423
1271	104	PC	.890951310805171
1271	230	PC	195.584314367373
1271	235	PC	1.91110966277327
1271	301	PC	225.622144180076
1271	306	PC	4.89324585965356
1271	402	PC	.826860317117676
1271	602	PC	83.9086797076742
1271	617	PC	5.11089955093534
1271	618	PC	1.3215377681319
1271	706	PC	.999194985389641
1271	709	PC	20.4785881382008
1271	1002	PC	3.22628499339622
1271	1071	PC	1.58786590884181
1271	1072	PC	.976949077471111
1271	1074	PC	20.4253064005428
1271	1106	PC	14.7320449339648
1271	1122	PC	4.63788913776655
1271	1124	PC	28.1309046059977
1271	1127	PC	56.0774915649431
1271	1173	PC	6.23682915339391
1271	1219	PC	1.13916833226919
1271	1221	PC	62.5752619942204
1271	1222	PC	3.51419138572252
1271	1223	PC	3.31185795147905
1271	1224	PC	21.1386009331729
1271	1227	PC	.635217668784691
1271	1228	PC	2.59200649482506
1271	1231	PC	4.90646016902578
1271	1232	PC	2.24688663414722
1271	1233	PC	7.95369249032811
1271	1235	PC	81.2564368000972
1271	1238	PC	27.2085108393051
1271	1243	PC	49.1797129612537
1271	1244	PC	21.952332926676
1271	1245	PC	46.6545607502529
1271	1246	PC	73.1031453720247
1271	1247	PC	42.2319616245551
1271	1251	PC	3.05270627131248
1271	1253	PC	6.63168409327538
1271	1256	PC	2.80099475755939
1271	1259	PC	4.70684099774824
1271	1260	PC	8.69384914384667
1271	1263	PC	27.536544089712
1271	1271	PC	514.68900431323
1271	1272	PC	137.344698651811
1271	1273	PC	237.639790473131
1271	1274	PC	103.909075531085
1271	1275	PC	172.92961224966
1271	1276	PC	74.0383429006754
1271	1277	PC	135.037317337817
1271	1417	PC	7.93304253539362
1271	1419	PC	2.15368102201829
1271	1420	PC	35.1333792019445
1271	1421	PC	6.33367435805192
1271	1422	PC	6.09381354872768
1271	1430	PC	.839036551595459
1271	1439	PC	29.4691070317864
1271	1449	PC	.986166721218306
1271	1504	PC	3.78690656091739
1271	1515	PC	50.9474036544661
1271	1520	PC	.728506501022008
1271	1523	PC	19.529869001277
1271	1532	PC	.939000999112014
1271	1653	PC	1.37740526413736
1271	1671	PC	1.89559743159712
1271	1702	PC	39.4384155225057
1271	1833	PC	64.1110294012632
1271	1971	PC	21.2645308429622
1271	1972	PC	4.13453985077079
1271	1973	PC	11.631378144943
1271	4001	PC	22.945635609095
1271	4004	PC	7.7881744805731
1271	4005	PC	14.4668357557641
1271	5101	PC	7.03084097521948
1271	5104	PC	1.55783109650461
1271	5106	PC	1.44893988006128
1271	5201	PC	368.346612163445
1271	5302	PC	1.03005204743693
1271	5403	PC	70.3731558808908
1271	5404	PC	12.5116988695339
1271	5501	PC	13.8085834473545
1271	5605	PC	15.4439136979043
1271	5700	PC	88.1086901338548
1271	5720	PC	.823060635999601
1271	5750	PC	2.89199374842291
1271	5760	PC	75.2762036266906
1271	5790	PC	9.70210928490591
1271	5800	PC	18.1877761518863
1271	5810	PC	28.0811808170305
1271	5820	PC	7.87057864436806
1271	5840	PC	20.8462914362235
1271	5842	PC	111.37315137668
1271	5860	PC	120.723080961558
1271	5870	PC	45.2869740170269
1271	5880	PC	4.2183083847417
1271	5920	PC	195.582358759524
1271	6000	PC	434.742786139279
1271	6010	PC	123.008815504918
1271	6020	PC	189.912167488871
1271	6030	PC	1220.59794218546
1271	6040	PC	10.4594427902595
1271	6050	PC	531.799195058536
1272	6000	PC	1742.02402262533
1273	52	PC	17.3156654183897
1273	58	PC	21.1945471284522
1273	226	PC	7.73317922092569
1273	230	PC	123.613222210299
1273	235	PC	19.5718260765479
1273	302	PC	.930561764017175
1273	303	PC	1.16093867640629
1273	305	PC	1.39936369053826
1273	306	PC	1.43859818653466
1273	309	PC	40.9990624237742
1273	311	PC	.905411446070765
1273	412	PC	5.60242339120669
1273	1072	PC	6.72212667984709
1273	1122	PC	12.5926089314075
1273	1243	PC	27.268194746072
1273	1271	PC	15.2373193103105
1273	1273	PC	.905964681197031
1273	1274	PC	96.9569642907089
1273	1275	PC	8.62526694615904
1273	1276	PC	4.13723871079978
1273	1439	PC	1.33611485667815
1273	1865	PC	2.02714477404489
1273	4005	PC	7.62729016078295
1273	5760	PC	5.39551072466961
1273	5841	PC	2.94300584981979
1273	5920	PC	9.20376029433642
1274	231	PC	1.77305230510882
1274	1271	PC	2.89103396044208
1274	1439	PC	1.12673072945452
1274	4001	PC	.611164214812576
1274	4004	PC	.906445801744495
1274	5201	PC	220.182944658167
1274	5501	PC	7.63317617248259
1274	5605	PC	3.6434412420769
1274	5790	PC	4.65975926221467
1274	5800	PC	38.671096866632
1274	5880	PC	24.7124201209368
1274	6030	PC	22.3374144001322
1275	1274	PC	1.36136292761207
1275	1534	PC	1.39347369787949
1275	5720	PC	14.2618063482267
1275	5850	PC	4.72352438896076
1275	5880	PC	8.84569458260835
1275	6000	PC	28.1498509535263
1275	6030	PC	.723979439055668
1275	6050	PC	27.468054598318
1277	5101	PC	1.92080181798238
1277	5403	PC	4.59697513741851
1277	5605	PC	7.69007428557911
1277	5700	PC	6.77872347408492
1277	5810	PC	.600373193363237
1277	6020	PC	1.51761001655707
1277	6030	PC	3.51198698078495
1401	230	PC	1.78692491455318
1401	709	PC	19.4677707320039
1401	1245	PC	5.20886807184031
1401	1432	PC	1.20136672233643
1401	1445	PC	.579554353922068
1411	230	PC	10.3183749542534
1411	1245	PC	3.48587055630329
1411	2025	PC	9.63912630334772
1412	1271	PC	.569776628170839
1412	1432	PC	1.81273994387341
1412	1445	PC	.665679734746571
1416	50	PC	2.41938887864644
1416	52	PC	.917070539532147
1416	54	PC	.591629006119645
1416	56	PC	.720164737803574
1416	58	PC	28.7208990243537
1416	61	PC	.675496292041074
1416	62	PC	12.6302309395804
1416	4001	PC	280.131016401146
1416	4004	PC	2.20805132215285
1416	4005	PC	8.03130246254983
1416	5101	PC	3.6268211409923
1416	5102	PC	1.28996682504719
1416	5403	PC	1.82408231480271
1416	5404	PC	36.0727074880159
1416	5501	PC	1.30933569629415
1416	5605	PC	41.1259243186592
1416	5710	PC	1.55919413537987
1416	5790	PC	2.45984664836327
1416	5810	PC	15.5609511598035
1416	5831	PC	23.680381986527
1416	5840	PC	11.5399734889357
1416	5860	PC	5.16664640512521
1416	6000	PC	2.84730414423729
1416	6010	PC	14.2753520085269
1416	6020	PC	9.87576715285576
1416	6050	PC	13.5812427473166
1428	230	PC	15.5704003083035
1428	235	PC	.765176392375974
1428	6020	PC	18.1022228389753
1438	58	PC	10.6317703175475
1438	305	PC	1986.87078641729
1438	5810	PC	7.81610367301018
1439	58	PC	62.4230021773131
1439	137	PC	39.925594086951
1439	226	PC	44.6453057371758
1439	230	PC	11.2995498401791
1439	231	PC	5.1033660891175
1439	301	PC	44.1327778286637
1439	305	PC	.878264235396292
1439	306	PC	1.8782878306998
1439	309	PC	1.26849300362351
1439	403	PC	38.7705545914869
1439	412	PC	1.51370180442817
1439	1124	PC	1.09551114295044
1439	1149	PC	1.58472135896153
1439	1172	PC	25.300443343875
1439	1243	PC	98.22209838981
1439	1246	PC	.945706932511534
1439	1271	PC	10.3199185477048
1439	1273	PC	5.60235562731025
1439	1274	PC	1.19936347743309
1439	1439	PC	1.16249885273777
1439	1449	PC	5.3967379258548
1439	1865	PC	29.1521625175544
1439	1871	PC	1.18618728265978
1439	4001	PC	30.883040926906
1439	4005	PC	101.390542552106
1439	5201	PC	.753268637614635
1439	5403	PC	1.62526954110651
1439	5404	PC	3.92400406571345
1439	5501	PC	11.3866189406863
1439	5700	PC	3.14932469162915
1439	5880	PC	203.122683672433
1439	6000	PC	2.29192201754841
1439	6010	PC	.974188509369832
1439	6030	PC	9.78859942781395
1439	6050	PC	270.533414231885
1441	58	PC	18.2672510698019
1441	105	PC	3.88927394616251
1441	137	PC	4.3556649319766
1441	211	PC	125.508983989774
1441	231	PC	.999970314823142
1441	235	PC	2.15196073843748
1441	301	PC	1.4411517680821
1441	309	PC	22.9941553157232
1441	412	PC	21.6907604595144
1441	542	PC	8.35545998731189
1441	602	PC	6.64391724974704
1441	626	PC	10.8817449326976
1441	709	PC	11.9968218792461
1441	926	PC	9.11627216693663
1441	1122	PC	7.68848228173235
1441	1271	PC	.701043431438823
1441	1274	PC	1.0545610592584
1441	1276	PC	16.9368897396046
1441	1502	PC	3.14906487069544
1441	1528	PC	5.89841671815885
1441	1529	PC	.917605547887697
1441	1531	PC	4.964274173229
1441	1566	PC	6.74597409371796
1441	1673	PC	9.88861309837733
1441	1677	PC	11.7993611290908
1441	1971	PC	1.01320298761938
1441	1973	PC	10.9416890608243
1441	3001	PC	.613125635267726
1441	4001	PC	.583929176445454
1441	5700	PC	1.19510838112503
1502	230	PC	1.14336434872886
1502	301	PC	2.22844179414671
1502	1271	PC	.558404893617982
1502	1502	PC	5.16103134243284
1502	1653	PC	3.40965933351814
1502	1676	PC	1.06897904339479
1503	211	PC	15.6825733500231
1503	226	PC	7.72734099245514
1503	230	PC	1.7561292124775
1503	231	PC	2.97973960221335
1503	235	PC	8.58199038002715
1503	305	PC	.604925084727783
1503	309	PC	21.7872173922891
1503	412	PC	6.92437997966555
1503	542	PC	1.44958623222587
1503	709	PC	9.43192425308011
1503	926	PC	4.54919372987353
1503	1071	PC	1.86914577726695
1503	1106	PC	1.57946651784262
1503	1122	PC	5.62162962846934
1503	1243	PC	2.89654470349541
1503	1247	PC	17.5401417341381
1503	1271	PC	2.17061359637966
1503	1272	PC	.801999211440786
1503	1274	PC	5.11241304035702
1503	1275	PC	3.926123583914
1503	1276	PC	9.56126154292922
1503	1401	PC	5.71246652393334
1503	1432	PC	1.19404271851804
1503	1445	PC	.575413727905481
1503	1502	PC	1.46055142413619
1503	1531	PC	2.94850827909677
1503	1677	PC	4.91552275192227
1503	1804	PC	6.1070542094775
1503	1865	PC	.784237964078878
1503	1973	PC	2.42098043184013
1503	5201	PC	92.4237537129762
1503	5403	PC	8.38076407515359
1503	5404	PC	5.8593083722817
1503	5605	PC	26.6627827480679
1503	5880	PC	12.2068924422535
1503	5890	PC	2.64938393566671
1503	6030	PC	201.208649504154
1503	6040	PC	12.8611818771583
1503	6050	PC	.732413546535213
1504	50	PC	552.062125074038
1504	51	PC	20.0866261443708
1504	52	PC	211.062279860851
1504	54	PC	155.463829970599
1504	55	PC	3.75890079894659
1504	56	PC	181.380667875003
1504	57	PC	5.34468707350218
1504	58	PC	3663.56567743331
1504	59	PC	43.7960887098097
1504	60	PC	26.1948399426591
1504	61	PC	43.4750159332331
1504	62	PC	15.0356031957864
1504	106	PC	92.2011251211795
1504	125	PC	1.30416614973575
1504	211	PC	90.5099479671595
1504	213	PC	85.4527342422196
1504	217	PC	1.07394952952614
1504	219	PC	5.22554976283274
1504	220	PC	102.016247486072
1504	230	PC	5.99154601712305
1504	231	PC	.737543133680722
1504	235	PC	9.7399916445883
1504	301	PC	45.6354683156651
1504	302	PC	3.58083749537185
1504	303	PC	2.44469467063449
1504	304	PC	11.1056505554288
1504	305	PC	65.754491845021
1504	306	PC	1.48998536254587
1504	307	PC	11.2138140024737
1504	309	PC	6.58865466149399
1504	403	PC	1.51247488282651
1504	417	PC	3.06715017733945
1504	501	PC	.890193793762808
1504	514	PC	18.4771451433868
1504	517	PC	1.03705024093629
1504	544	PC	.675469646535195
1504	602	PC	.730549314535323
1504	620	PC	1.34076667203022
1504	704	PC	5.07989085661479
1504	706	PC	1.33347997828604
1504	709	PC	2.68337310218165
1504	720	PC	2.3428554390244
1504	806	PC	1.46235282638674
1504	1072	PC	7.11670254059539
1504	1101	PC	3.56192878757742
1504	1102	PC	1.37677961850018
1504	1106	PC	1.45912262433009
1504	1124	PC	18.8809697098074
1504	1130	PC	1.94194122863204
1504	1149	PC	.822885685637951
1504	1172	PC	11.8101027757832
1504	1173	PC	13.7002574900431
1504	1175	PC	2.05451643632976
1504	1235	PC	12.188445760475
1504	1246	PC	.677397387605489
1504	1260	PC	6.01655257730607
1504	1271	PC	111.911763372897
1504	1272	PC	7.17976175037568
1504	1273	PC	37.6398729772877
1504	1274	PC	138.185967881373
1504	1275	PC	8.43348669584485
1504	1277	PC	9.63760183250858
1504	1401	PC	5.89690376165453
1504	1418	PC	4.18491717270769
1504	1419	PC	2.69710751356662
1504	1420	PC	1.49098241659575
1504	1421	PC	1.40031796502174
1504	1424	PC	.721175618960121
1504	1430	PC	.764997438026345
1504	1432	PC	1.89074463836898
1504	1439	PC	.827386722318493
1504	1445	PC	.678320661230676
1504	1502	PC	.598283202272626
1504	1504	PC	5721.58276237155
1504	1514	PC	7.73348281870802
1504	1515	PC	1.11191392270818
1504	1519	PC	.689590793716957
1504	1528	PC	.722149720892411
1504	1531	PC	11.7476159379656
1504	1539	PC	.614245944571566
1504	1617	PC	12.6436250582361
1504	1653	PC	1.1150075800669
1504	1671	PC	20.2051210258482
1504	1674	PC	.858192675745222
1504	1676	PC	3.71619681273206
1504	1677	PC	1.39446673834786
1504	1714	PC	.871332438153722
1504	1748	PC	1.12283788742708
1504	1804	PC	16.3957533085193
1504	1805	PC	.62532629250978
1504	1813	PC	.563697406646106
1504	1833	PC	.575689969600738
1504	1870	PC	.949382203309901
1504	1901	PC	.858199730070401
1504	2012	PC	.586231286222395
1504	3001	PC	406.257887052399
1504	4001	PC	321.81574681273
1504	4002	PC	7.02836138969701
1504	4003	PC	9.87103011890037
1504	4004	PC	83.1852577850212
1504	4005	PC	3.80784481976621
1504	5101	PC	568.665894696885
1504	5102	PC	30.8836771371784
1504	5104	PC	9.54408405982533
1504	5106	PC	52.1782417153774
1504	5201	PC	1380.2928453836
1504	5203	PC	64.0677232528787
1504	5204	PC	269.207776594556
1504	5402	PC	1.76198474950622
1504	5403	PC	954.215566540504
1504	5404	PC	48.7081106392665
1504	5501	PC	96.3981856454851
1504	5605	PC	932.97386150479
1504	5700	PC	1209.40186005066
1504	5710	PC	26742.7183328334
1504	5720	PC	2211.32903696654
1504	5740	PC	19.2056337696177
1504	5800	PC	.978880416392341
1504	5810	PC	38.4553171579731
1504	5820	PC	39.4684583889392
1504	5831	PC	1.17465649967081
1504	5840	PC	29.5563152925503
1504	5841	PC	14.0860891918858
1504	5842	PC	1.2529669329822
1504	5860	PC	622.369232101001
1504	5870	PC	1.56620866622775
1504	5880	PC	3222.65738140145
1504	6000	PC	18897.5252852758
1504	6010	PC	22.9547457644004
1504	6020	PC	603.897758643678
1504	6030	PC	152.886437834238
1504	6040	PC	42325.5714775669
1504	6050	PC	89.7271156077712
1511	58	PC	16.1198338300487
1511	306	PC	.937520547313484
1511	5800	PC	.747192976247408
1514	58	PC	24.2725394153259
1514	106	PC	6.66354812226992
1514	128	PC	1631.81370755632
1514	211	PC	192.057093785854
1514	230	PC	217.170165169739
1514	305	PC	16.1783794156881
1514	309	PC	195.631471080859
1514	412	PC	73.9254612568103
1514	542	PC	15.3481485443098
1514	626	PC	82.9451661163569
1514	709	PC	84.7618119101097
1514	926	PC	63.055715526691
1514	1021	PC	3235.25092379584
1514	1122	PC	74.7865742920848
1514	1276	PC	123.838251221537
1514	1502	PC	19.9041286100729
1514	1531	PC	33.4265238731951
1514	1673	PC	56.965238071825
1514	1677	PC	2.31574096264138
1514	1973	PC	37.3145339462281
1514	4001	PC	2.12437218737008
1514	5930	PC	2.95360988257799
1514	6030	PC	14.5893091322974
1515	50	PC	21.1900021172386
1515	52	PC	2.24646254296606
1515	58	PC	42.0557322500142
1515	219	PC	2.29406096256557
1515	231	PC	1.40500401003975
1515	235	PC	2.58083963164366
1515	301	PC	.937520547313484
1515	309	PC	7.71551364952539
1515	709	PC	2.03629621002776
1515	720	PC	4.6871183847406
1515	805	PC	.880930212514687
1515	1004	PC	.874127573897292
1515	1504	PC	2.12954437665436
1515	1529	PC	20.7684994192023
1515	1534	PC	3.07796239094516
1515	1617	PC	6.94672313058736
1515	1653	PC	132.850296582624
1515	1677	PC	3.6212937728462
1515	4001	PC	5.03891315615736
1515	5101	PC	14.6195875404852
1515	5102	PC	37.104724149886
1515	5404	PC	16.2800163765906
1515	5700	PC	1.8626104649723
1515	5710	PC	77.6250480879252
1515	5770	PC	14.2621069793002
1515	5790	PC	11.1307335389745
1515	5860	PC	5.77340873542278
1515	5870	PC	1.7317296037734
1515	5880	PC	14.1136451068955
1515	6000	PC	1.54419881757798
1515	6020	PC	1.98274737487874
1515	6030	PC	10.4313999821207
1515	6050	PC	24.0967293032677
1516	1272	PC	.949569010510886
1516	1432	PC	1.24086053632507
1516	1445	PC	.636965215536377
1517	1529	PC	1.34299765297382
1517	1534	PC	1.43878041646852
1519	1243	PC	1.72081856913975
1519	1503	PC	6.23938440548562
1519	1504	PC	5.34539043839926
1519	1677	PC	59.1687803758941
1520	230	PC	1024.08803577855
1520	235	PC	43.6060523615932
1520	301	PC	41.5410571149089
1520	1271	PC	.595986658176028
1520	1529	PC	23.5208538675639
1520	5403	PC	26.8676713357249
1525	5501	PC	1.06404301261847
1525	5605	PC	1.3420450508739
1525	5790	PC	5.32804610642351
1525	5860	PC	38.9643349744971
1525	5870	PC	25.9305422302331
1525	5880	PC	5.45138503888895
1525	6000	PC	5.03242422067303
1525	6010	PC	153.718486188171
1525	6020	PC	314.758019010541
1525	6030	PC	149.759893784281
1525	6040	PC	27.96367685508
1525	6050	PC	101.17512207748
1529	237	PC	.572201465993711
1529	301	PC	.668555505632691
1529	1547	PC	19.4257729251492
1529	1617	PC	1.29119350689693
1529	1676	PC	.822269765370594
1531	50	PC	42.075216937792
1531	52	PC	5.087241523991
1531	58	PC	3.84210563433994
1531	230	PC	5.63878423604886
1531	235	PC	6.35139163468377
1531	301	PC	1.50721120710541
1531	309	PC	13.106107157801
1531	310	PC	3.02566538968092
1531	704	PC	.667008664466327
1531	906	PC	1.12066138286753
1531	1071	PC	2.85257375763555
1531	1102	PC	.731668685657369
1531	1106	PC	1.01807557140407
1531	1124	PC	8.74469283558966
1531	1127	PC	1.53905974819812
1531	1146	PC	1.53502146379401
1531	1149	PC	9.22049313354212
1531	1172	PC	1.99450053781462
1531	1173	PC	2.70207943087482
1531	1271	PC	22.0451064197494
1531	1273	PC	25111.3477776143
1531	1277	PC	1.26239335304139
1531	1504	PC	41.7319885483174
1531	1531	PC	6.89053871325488
1531	1653	PC	2.94883930187796
1531	1671	PC	2.89612661898384
1531	1702	PC	.748322903599065
1531	1703	PC	1.83832084268455
1531	1804	PC	.824480741181078
1531	1805	PC	.839575637305891
1531	3001	PC	19.4376284283027
1531	4001	PC	2.90433819543608
1531	4004	PC	.751780159789318
1531	5106	PC	1.6102582849654
1531	5201	PC	.580476086920658
1531	5403	PC	133.240307877244
1531	5501	PC	54.3631028047651
1531	5700	PC	19.702905021145
1531	5710	PC	423.488140141737
1531	5860	PC	3.01886720415398
1531	5870	PC	1.67094887078173
1531	5880	PC	2.64787152634128
1531	6000	PC	581.454967337051
1531	6010	PC	137.07262470742
1531	6020	PC	29.8617259824648
1531	6030	PC	18.9628714263524
1531	6040	PC	1152.6209226174
1532	123	PC	21.5175234001516
1532	211	PC	41.5180735944802
1532	213	PC	27.3214112223106
1532	219	PC	2.33061705950235
1532	220	PC	47.2228700335444
1532	231	PC	20.9017558854257
1532	235	PC	1.0391939290406
1532	301	PC	19.0715998271228
1532	302	PC	1.50294489944935
1532	303	PC	1.36722612413172
1532	304	PC	4.61669699426429
1532	305	PC	26.4716861280584
1532	307	PC	1.72760364143222
1532	402	PC	.570296338046346
1532	403	PC	1.36526691433694
1532	514	PC	4.42859127684989
1532	517	PC	.544848850535057
1532	602	PC	.594417876305919
1532	620	PC	1.10859928293408
1532	704	PC	1.68674520334967
1532	706	PC	.636181281366679
1532	806	PC	.833977053591185
1532	1072	PC	3.4034804866916
1532	1102	PC	.69956028621729
1532	1106	PC	.687869336921272
1532	1124	PC	7.07222414443433
1532	1127	PC	2.35771718454397
1532	1130	PC	.94960943181124
1532	1173	PC	5.75601937124299
1532	1175	PC	.693094051881932
1532	1235	PC	3.12591127366659
1532	1271	PC	35.4390717709053
1532	1272	PC	1.1752070520834
1532	1273	PC	2.36347196030107
1532	1274	PC	72.4871727526931
1532	1275	PC	2.36949866313226
1532	1277	PC	3.32071325998951
1532	1418	PC	1.66456696153558
1532	1419	PC	3.04682654209698
1532	1432	PC	.678748768772343
1532	1504	PC	256.228502605367
1532	1531	PC	8.10136486473018
1532	1534	PC	1.046501503987
1532	1617	PC	373.818080478355
1532	1671	PC	7.17939149703165
1532	1674	PC	1.34302348615186
1532	1714	PC	.711260712339575
1532	1804	PC	.893398645599698
1532	1865	PC	6.05491944465148
1532	1972	PC	1.58169907320658
1532	5201	PC	5.87328249835405
1532	5720	PC	36.4632955106147
1532	5860	PC	6.74938047102519
1532	6030	PC	43.1637319608203
1532	6050	PC	132.276110667097
1534	105	PC	16.8880416665558
1534	106	PC	9.78963068817779
1534	211	PC	329.886762767663
1534	215	PC	2.84324829213789
1534	219	PC	1.41771647329001
1534	230	PC	10.0355491678806
1534	231	PC	6.74233885894277
1534	235	PC	102.701181541012
1534	301	PC	18.2979425775866
1534	305	PC	2.7101493521803
1534	306	PC	2.48750832275947
1534	307	PC	.642455741148531
1534	309	PC	210.667150123096
1534	310	PC	.895422689225766
1534	412	PC	119.384229825573
1534	502	PC	4.87966798960779
1534	542	PC	24.7115244810017
1534	602	PC	37.7923090111024
1534	624	PC	3.5783565130477
1534	626	PC	17.080807067376
1534	709	PC	137.326987095141
1534	828	PC	3.17659350932052
1534	926	PC	67.596106830779
1534	1072	PC	6.04577380468078
1534	1122	PC	52.8519944166762
1534	1124	PC	18.8831483111662
1534	1271	PC	.996414868091227
1534	1274	PC	24.5347072258027
1534	1276	PC	99.3067737783828
1534	1277	PC	1.01650387752855
1534	1401	PC	.745935994390466
1534	1439	PC	5.73352483965604
1534	1502	PC	17.1337991733911
1534	1503	PC	6.91780794279114
1534	1504	PC	54.9260824436428
1534	1515	PC	1.20059177889748
1534	1525	PC	1.93326308732624
1534	1528	PC	11.1510407747069
1534	1531	PC	45.3254994269846
1534	1566	PC	7.84482542253973
1534	1653	PC	46.5358482663169
1534	1671	PC	20.3974293672243
1534	1673	PC	24.360687409334
1534	1674	PC	5.54518173021794
1534	1677	PC	32.5752445923628
1534	1804	PC	.579367531017379
1534	1870	PC	.633285426014655
1534	1901	PC	2.779901177407
1534	1931	PC	6.62289463710045
1534	1971	PC	11.6254881880683
1534	1973	PC	28.3511346204014
1535	1865	PC	11.9510013547418
1545	230	PC	7.57320666408965
1545	720	PC	24.3735361040012
1545	1502	PC	1.25502071551865
1545	1617	PC	2.67115721138227
1545	1620	PC	37.1593301469728
1545	1653	PC	18.204739458209
1547	219	PC	.798448398757303
1547	226	PC	3.396138764199
1547	230	PC	2023.23173422704
1547	231	PC	92.1190827357691
1547	235	PC	5236.88948093362
1547	301	PC	625.458657035537
1547	305	PC	6.56740783458842
1547	306	PC	89.8971407181336
1547	309	PC	282.668348225607
1547	310	PC	37.5387515682157
1547	403	PC	48.5409638914072
1547	412	PC	13.4220098635158
1547	625	PC	.587925392496519
1547	1271	PC	33.2105240860886
1547	1277	PC	1.21392368177822
1547	1502	PC	110.89942282653
1547	1503	PC	1.03837376001561
1547	1511	PC	12.3945438457764
1547	1515	PC	.947094443194828
1547	1525	PC	68.3902209607799
1547	1528	PC	5.21905653854105
1547	1529	PC	1.9754558999075
1547	1531	PC	43.1424431555066
1547	1545	PC	433.442465105684
1547	1547	PC	55.4323605561799
1547	1548	PC	688.858003952862
1547	1554	PC	213.014245868433
1547	1620	PC	304.859311927277
1547	1671	PC	33.7572843301813
1547	1674	PC	34.564631973001
1547	1676	PC	4.70643650064502
1547	1677	PC	23.7450020753348
1547	1750	PC	2.23514770777743
1547	6030	PC	1.9615716806056
1548	106	PC	.605031189272445
1548	230	PC	1.26571699121276
1548	301	PC	2.09253682374135
1548	1149	PC	2.01453651958894
1548	1502	PC	1.26660552212344
1548	1504	PC	1.83735348402326
1548	1531	PC	6.50154156701105
1548	1554	PC	1.07510227408955
1548	1617	PC	8.62316995067863
1548	1676	PC	3.24891530266473
1548	1719	PC	.54697722159565
1554	50	PC	1.66990288610028
1554	123	PC	237.474523578699
1554	211	PC	31.2037564184694
1554	213	PC	32.8732142202143
1554	219	PC	1.87335014965229
1554	220	PC	52.1445190720693
1554	230	PC	39.7440529609596
1554	231	PC	.733475120292613
1554	235	PC	7.04744977437786
1554	301	PC	21.3694630688155
1554	302	PC	1.23448580737346
1554	303	PC	1.60687450492503
1554	304	PC	4.81872076225297
1554	305	PC	26.8942552340771
1554	306	PC	412.655387351706
1554	307	PC	3.3742812357947
1554	309	PC	9.26307997302355
1554	310	PC	210.237679862518
1554	514	PC	9.60220422431044
1554	517	PC	.588909854769459
1554	544	PC	119.382818673518
1554	706	PC	.815457641084234
1554	709	PC	.670890837068724
1554	806	PC	.553892831588082
1554	1003	PC	1.32983081497843
1554	1072	PC	1.51771127725839
1554	1102	PC	.740432863150671
1554	1124	PC	5.96372342105995
1554	1130	PC	.762094948407572
1554	1172	PC	.822605274960255
1554	1173	PC	4.44516165772013
1554	1175	PC	.603046863855946
1554	1235	PC	3.46557966148376
1554	1271	PC	39.5084942953442
1554	1272	PC	2.29291509416981
1554	1273	PC	4.10368872449913
1554	1274	PC	62.220799320436
1554	1275	PC	1.34942492420408
1554	1277	PC	2.29496931842601
1554	1418	PC	2.48551234451265
1554	1419	PC	.79726393206651
1554	1420	PC	.685857114112961
1554	1439	PC	1.21190937353164
1554	1502	PC	7.24173385025793
1554	1504	PC	.596167758573614
1554	1525	PC	5.85670765168299
1554	1528	PC	33.731413308924
1554	1531	PC	2.0126596934213
1554	1545	PC	1.40313508521019
1554	1554	PC	37.7933351317648
1554	1617	PC	1.17031061143461
1554	1640	PC	.567804013487906
1554	1671	PC	6.34768734527407
1554	1805	PC	.533096276264168
1554	1865	PC	44.1983282539212
1554	1901	PC	.672723811735115
1554	1971	PC	13.9521183527901
1554	3001	PC	.714835621418367
1554	4001	PC	1.75779251168451
1554	5402	PC	4.12690619687708
1554	5403	PC	3.49605399546141
1554	5404	PC	5.24603409598288
1554	5700	PC	94.4666992321117
1554	5710	PC	159.208150540243
1554	5720	PC	516.839826005015
1554	5810	PC	3.28121268847775
1554	5820	PC	2.20700615355944
1554	5860	PC	33.1158343687408
1554	5880	PC	348.375921339358
1554	6020	PC	.963856227240339
1567	213	PC	1.30502950667824
1567	214	PC	.669859695551742
1567	235	PC	36.6188226290187
1567	309	PC	33.547323597235
1567	1653	PC	.798068002103394
1567	1671	PC	1.88450978533194
1567	1676	PC	3.44056259522557
1567	1677	PC	.629784761164917
1567	1719	PC	6.27141943471007
1569	301	PC	439.46098433274
1569	305	PC	211.924850523877
1569	309	PC	15.0719631043236
1569	403	PC	31.20762291098
1569	1277	PC	30.0309148341885
1569	1502	PC	33.870184146265
1569	1503	PC	194.61203622581
1569	1504	PC	35.3029712593809
1569	1531	PC	17.0151562716935
1617	58	PC	.817228759079448
1617	211	PC	1.11590620318321
1617	214	PC	1.24751998645479
1617	309	PC	.717834142530826
1617	701	PC	.959916129648806
1617	906	PC	1.15265790844525
1617	1102	PC	.67201445522049
1617	1121	PC	.641130429416588
1617	1277	PC	3.59821755758859
1617	1515	PC	1.55596318004783
1617	1532	PC	15.765074074459
1617	1548	PC	1.44740207794135
1617	1671	PC	224.221482697782
1617	1818	PC	.809926693518131
1617	1834	PC	105.501882220077
1617	5101	PC	2.00476429961677
1617	5201	PC	11.6160424337422
1617	5204	PC	10.1839276131439
1617	6020	PC	129.832307868224
1620	104	PC	2.35981553826354
1620	214	PC	2.0755110742389
1620	219	PC	23.1542848065349
1620	226	PC	15.9160326189346
1620	230	PC	1968.47491149871
1620	235	PC	5121.29733672076
1620	301	PC	57.3912748440115
1620	305	PC	89.0180213412171
1620	306	PC	39.8214421123062
1620	309	PC	78.9669734332998
1620	310	PC	738.363842427046
1620	412	PC	22.0206780344878
1620	420	PC	65.7461329758115
1620	626	PC	18.7248142789163
1620	834	PC	.56550215607555
1620	1175	PC	9.67707668974034
1620	1238	PC	1.85329155645133
1620	1245	PC	94.1554351624406
1620	1271	PC	10721.2603936699
1620	1272	PC	60.9250801593347
1620	1273	PC	136.244995961975
1620	1277	PC	20.1194788289401
1620	1401	PC	720.637398541967
1620	1439	PC	320.561363247184
1620	1504	PC	195.592145452455
1620	1525	PC	150.956751082815
1620	1528	PC	31.6644269067135
1620	1531	PC	1.76743877639895
1620	1545	PC	19.6561456850072
1620	1547	PC	684.969211313152
1620	1617	PC	18709.354189789
1620	1620	PC	54564.9348241231
1620	1671	PC	211.028546791407
1620	1674	PC	.970434897474884
1620	1676	PC	73.7965129611316
1620	1677	PC	9.53878665044464
1620	1749	PC	707.001575695607
1620	1804	PC	178.849594819665
1620	1813	PC	.98434975855793
1620	1820	PC	19.6255581138374
1620	1824	PC	2.02900162955107
1620	1860	PC	357.644269316018
1620	1901	PC	.806613062239376
1620	1931	PC	4003.39817275718
1620	2028	PC	23.4531437229327
1620	6020	PC	6.01232840664099
1621	52	PC	156.441674451356
1621	58	PC	6010.53867569809
1621	1102	PC	1.05926200715994
1621	3001	PC	482.791432186587
1621	4001	PC	2802.19212814582
1621	5101	PC	380.792747789296
1621	5104	PC	16.3843908159266
1621	5403	PC	113.364380264483
1621	5840	PC	195.181006117442
1621	5842	PC	29.2578407427261
1622	230	PC	21.3530252198135
1627	50	PC	11.0740927211218
1627	230	PC	.805149351291797
1627	1554	PC	.928673372323157
1627	1671	PC	23.9332737317446
1630	58	PC	30.4574122131778
1630	213	PC	1.36005129047422
1630	412	PC	1.11596211949951
1630	423	PC	.627580634607701
1630	604	PC	1.06852109510159
1630	617	PC	1.37475590249591
1630	704	PC	.634804559814367
1630	821	PC	2.42757689393167
1630	914	PC	1.00480290192862
1630	940	PC	.619646366165041
1630	1221	PC	.669522711702888
1630	1235	PC	1.91363117702324
1630	1260	PC	.997084786324754
1630	1273	PC	.572941877095089
1630	1277	PC	1.17086214665209
1630	1504	PC	.806028753104093
1630	1624	PC	.951105998136784
1630	1677	PC	.647730832603646
1630	1702	PC	.586219597154356
1630	1833	PC	1.81910940805898
1630	1837	PC	2.448754072806
1630	1860	PC	.798819492080167
1630	1901	PC	.607078345114062
1630	2025	PC	2.33338359855555
1630	3001	PC	9.06993063024508
1630	5605	PC	1.75547044456356
1630	5880	PC	10.4840595994768
1630	6030	PC	18.6518734734879
1632	104	PC	.734205616820535
1632	230	PC	31.5347541660409
1632	235	PC	50.9068989984949
1632	1531	PC	6.88067879778313
1632	1677	PC	1.90360207359206
1632	1813	PC	.647155253453492
1632	1820	PC	.799965995751431
1632	1824	PC	1.44191685878725
1653	720	PC	1.86450561588545
1671	104	PC	8.28671000655935
1671	211	PC	422.770970386211
1671	219	PC	2.10956939784381
1671	230	PC	7.01048022874713
1671	301	PC	40.8520957559242
1671	309	PC	154.999960095015
1671	310	PC	12.235457353994
1671	412	PC	57.0311708491952
1671	542	PC	13.0361967994638
1671	706	PC	3.57954895328744
1671	709	PC	73.4781344629254
1671	926	PC	33.5518523013993
1671	1071	PC	.579241827439367
1671	1072	PC	4.53938483668549
1671	1074	PC	12.4765902899998
1671	1122	PC	54.1222647851365
1671	1127	PC	4.72848692597624
1671	1243	PC	21.460773633775
1671	1274	PC	7.35595309062884
1671	1275	PC	.724327984854043
1671	1276	PC	84.3882342798563
1671	1502	PC	13.0554030752098
1671	1504	PC	1.49829288058943
1671	1531	PC	37.4092953880127
1671	1532	PC	2.93010672160432
1671	1534	PC	18.867428954388
1671	1545	PC	.673083083913072
1671	1547	PC	2.27777031997348
1671	1548	PC	2.2665033689939
1671	1554	PC	.828443681199845
1671	1617	PC	750.911007096578
1671	1675	PC	7.20603912681672
1671	1677	PC	33.9877982587116
1671	1702	PC	.969719692292896
1671	1703	PC	.845739256363444
1671	1750	PC	27.1766682590596
1671	1804	PC	.770850513640294
1671	1813	PC	14.1594198669319
1671	1815	PC	6.09050548357917
1671	1818	PC	28.606058791224
1671	1827	PC	6.13908851477173
1671	1856	PC	.879897247810906
1671	1857	PC	1.11824195326359
1671	1860	PC	3.64482312022569
1671	1865	PC	.549752958677531
1671	1868	PC	4.65590636080381
1671	1870	PC	4.63959272410638
1671	1971	PC	3.74510859627527
1671	1973	PC	29.5018695604635
1675	1617	PC	21.1358732611779
1676	211	PC	335.429712157614
1676	230	PC	4.59638099376237
1676	309	PC	152.177487666325
1676	412	PC	52.8579727007907
1676	542	PC	14.1719423093513
1676	709	PC	76.896198400188
1676	926	PC	31.1488157888498
1676	1072	PC	2.07810470050412
1676	1074	PC	.995260871888947
1676	1122	PC	36.1846011728368
1676	1127	PC	.580419835430799
1676	1274	PC	2.21322439816513
1676	1276	PC	68.253375712242
1676	1502	PC	8.82734467863414
1676	1531	PC	36.170833823666
1676	1671	PC	6.94868058657327
1676	1673	PC	25.298622453155
1676	1749	PC	10.6917906939351
1676	1971	PC	2.30108895855742
1676	1973	PC	19.7307106313051
1676	2014	PC	4.15871961735776
1677	1677	PC	9.28409610152491
1677	1971	PC	2.54935472580725
1749	1504	PC	5.79709219004287
1750	111	PC	2.74190379355488
1750	230	PC	147.039055981155
1750	235	PC	46.8918434914186
1750	704	PC	625.667739154809
1750	1034	PC	2395.08421971547
1750	1071	PC	557.284013693096
1750	1124	PC	220.269569045876
1750	1224	PC	.865962689318497
1750	1245	PC	221.37424096727
1750	1260	PC	77.1409328884154
1750	1271	PC	14352.2859243523
1750	1272	PC	106.846702402288
1750	1401	PC	146.37087391422
1750	1439	PC	690.845505876462
1750	1444	PC	562.528163702845
1750	1504	PC	4712.57033693143
1750	1511	PC	90.5360572022743
1750	1515	PC	72.0758883473469
1750	1525	PC	216.08320422089
1750	1531	PC	341.813517748233
1750	1532	PC	17.2883775411865
1750	1547	PC	200.102142707676
1750	1548	PC	506.720326983062
1750	1617	PC	62.2844292006998
1750	1621	PC	5.84975340774482
1750	1671	PC	620.06368297925
1750	1674	PC	.663027890268659
1750	1676	PC	810.069850241048
1750	1677	PC	611.457765422637
1750	1703	PC	6.70960652781957
1750	1749	PC	.504784876095778
1750	1750	PC	567.690126563698
1750	1804	PC	89.5147674493745
1750	1813	PC	7.41217967895767
1750	1815	PC	35.8128027186465
1750	1828	PC	3.55333560248112
1750	1837	PC	1.16576434276991
1750	1971	PC	200.954048036178
1750	1972	PC	1.40108884092272
1750	1973	PC	.724805699092056
1750	5102	PC	8.31129074150865
1750	5404	PC	29.1031810605669
1750	5700	PC	422.650995750174
1750	5920	PC	33.9244323831424
1750	6010	PC	55.460005598517
1804	106	PC	13.2196292990627
1804	213	PC	1809.8197275329
1804	214	PC	1581.29190124072
1804	230	PC	15.2315495156947
1804	235	PC	181.984808210854
1804	301	PC	72.0779069635225
1804	305	PC	.943966904120919
1804	306	PC	4.54138028220262
1804	309	PC	6.29091202528024
1804	417	PC	12.7591611545453
1804	602	PC	18.0037494238847
1804	1102	PC	1031.67713802084
1804	1172	PC	17.6358855898104
1804	1271	PC	1.63589587548234
1804	1273	PC	103.006489908469
1804	1275	PC	3.15408411822072
1804	1277	PC	851.140889625819
1804	1401	PC	2131.51383204996
1804	1439	PC	14.1693783788391
1804	1504	PC	14.4408516065041
1804	1617	PC	1.23242077383039
1804	1653	PC	49.2199491291188
1804	1671	PC	.861327772139923
1804	1677	PC	1518.40421390468
1804	1719	PC	.697333040298233
1804	1804	PC	983.013023714757
1804	1805	PC	704.969242876344
1804	1813	PC	.768173479399539
1804	1815	PC	.773940344848825
1804	1828	PC	.996177088017653
1804	1833	PC	1.38228612330803
1804	1837	PC	1285.11826900807
1804	1857	PC	8.18709411824739
1804	1860	PC	2.67263638478861
1804	1865	PC	3.36600370864487
1804	1931	PC	1.58687364075578
1804	1933	PC	2510.39710384334
1804	1971	PC	3.92052776991418
1804	1972	PC	.964875791224627
1804	2014	PC	96.6199852446166
1804	5201	PC	.905203851111404
1804	5710	PC	20.5504684646714
1804	5860	PC	1.64848546161452
1804	6020	PC	1.98403516504375
1804	6040	PC	82.4730448399453
1805	213	PC	3.07325773222916
1805	214	PC	1.61559507167191
1805	1102	PC	1.61850427145757
1805	1677	PC	3.31053614838967
1813	1617	PC	113.168998914478
1813	1627	PC	6.39819164498677
1813	1677	PC	4.8181546707272
1813	1750	PC	289.311955242641
1815	1677	PC	21.7905808695883
1815	1804	PC	28.5414818252448
1815	1815	PC	15.8934625817892
1815	1820	PC	.999943074396467
1815	1837	PC	.960285586552635
1815	1860	PC	1.15836669981957
1815	1865	PC	3.73119593934294
1815	1931	PC	.84729819433538
1818	123	PC	39.749652714066
1818	211	PC	18.4695038160971
1818	230	PC	39.1813338217222
1818	235	PC	13225.3580451575
1818	305	PC	572.693535941898
1818	306	PC	33.9234693692805
1818	310	PC	177.655189393037
1818	1133	PC	.852906381222451
1818	1243	PC	17.4451214341843
1818	1245	PC	508.534116997836
1818	1260	PC	73.2372529776048
1818	1271	PC	3.03688634051166
1818	1401	PC	9.19465085538284
1818	1504	PC	671.800002487632
1818	1511	PC	175.561979930842
1818	1525	PC	147.543086801362
1818	1532	PC	230.444508915723
1818	1545	PC	16.0650674136815
1818	1547	PC	35.1562353828339
1818	1617	PC	144.075219690965
1818	1671	PC	43.4197991574864
1818	1677	PC	13.48846537467
1818	1804	PC	2.47088216212412
1818	5101	PC	5.95809590557334
1820	1671	PC	17.6217173122286
1820	1677	PC	14.2433636480148
1820	1815	PC	1.94018114455052
1820	1818	PC	3.05488697730014
1820	1820	PC	20.748723804237
1820	1827	PC	.855229224679333
1820	1834	PC	9.93214550129666
1820	1835	PC	151.861996728024
1822	720	PC	.669047037046723
1827	1617	PC	20.1017648277513
1828	1677	PC	3.30338192793435
1828	1815	PC	.699146847671681
1828	1820	PC	.616389342861356
1833	101	PC	2.54396235852202
1834	58	PC	2.77947121085162
1834	230	PC	111.051665285631
1834	235	PC	7731.21603503218
1834	1124	PC	61.3568224919719
1834	1245	PC	18.413108343297
1834	1401	PC	14622.9388092228
1834	1532	PC	19.7096971368148
1834	1617	PC	558.197546168307
1834	1837	PC	10184.5157615209
1834	1838	PC	1.27992192441951
1834	1868	PC	1507.12695048958
1834	1933	PC	5926.04690202379
1835	61	PC	1.61511129205003
1835	1865	PC	6.53480024705733
1835	4001	PC	1.06603186545798
1835	5201	PC	21.5484468584903
1835	5204	PC	235.306820011925
1835	5605	PC	21.2466478828811
1835	5700	PC	256.605065784185
1835	5710	PC	204.877694909866
1835	6000	PC	124.798744139779
1837	1416	PC	141.179578431511
1837	1503	PC	28.6035696136776
1837	1504	PC	65.5909510160942
1837	1671	PC	477.603873461957
1837	1677	PC	23.5570523677918
1838	235	PC	18.9790127871152
1848	1841	PC	58.8279501775579
1848	5800	PC	17.7841342817491
1850	106	PC	10.8303608325107
1850	1805	PC	4.84216301614288
1851	226	PC	.550790472426437
1851	625	PC	14.2555305167789
1856	235	PC	207.245033588375
1856	309	PC	3.63988450659211
1856	1172	PC	11.3097635941581
1856	1275	PC	1.45568241378684
1856	1677	PC	11.6841629924385
1856	1804	PC	.899374283192872
1856	1805	PC	127.104413808896
1856	1841	PC	58.8360630067408
1856	1854	PC	3.24556330110492
1856	1860	PC	3.48772801917454
1856	1865	PC	1.54748651971258
1856	1866	PC	2.49411467557051
1856	1867	PC	1.57117358003524
1856	1868	PC	1.71543167356961
1856	1870	PC	.896950578895912
1856	1871	PC	1.41072905257528
1856	1901	PC	5.94197858609819
1856	1911	PC	1.53438245703459
1856	1913	PC	2.19039384899612
1856	1922	PC	1.29642006808541
1856	1923	PC	2.29112165932187
1856	1924	PC	.526199627176628
1856	1933	PC	2.04081055063668
1856	1938	PC	1.91749521909921
1856	1940	PC	2.69298548158005
1856	1941	PC	2.11525608364422
1856	1942	PC	3.1239424877326
1856	1943	PC	1.54141132027709
1856	1971	PC	5.5033460903019
1856	1974	PC	.643414223382429
1856	2003	PC	1.15916491391189
1856	2004	PC	4.87962592602328
1856	2012	PC	11.626254130592
1856	2014	PC	.972628966333661
1856	2017	PC	.711938156959996
1856	2021	PC	.707463825818011
1856	2023	PC	1.03946279340244
1856	2025	PC	2.38233355496352
1856	2027	PC	.741614088171897
1856	2030	PC	.608656104942297
1856	5710	PC	30.1906594285518
1856	5880	PC	761.677212712092
1856	6030	PC	.790076057674042
1857	50	PC	1.83570758091672
1857	230	PC	48.12454303772
1857	1271	PC	1.54621216786207
1857	1504	PC	538.987974363371
1857	1671	PC	.584144138034957
1857	1674	PC	2.57394175847099
1857	1677	PC	7.5537769363777
1857	1804	PC	10560.6671406831
1857	1805	PC	87.2009626441326
1857	1813	PC	2.02381989240951
1857	1820	PC	2.74580969073635
1857	1828	PC	1.79011428588929
1857	1834	PC	1185.10376684269
1857	1854	PC	4.88999516167081
1857	1857	PC	254.990292828721
1857	1860	PC	5.95482723110867
1857	1865	PC	207.087365168261
1857	1866	PC	2.89224742686702
1857	1867	PC	1.99475957388795
1857	1868	PC	19.1976287014438
1857	1870	PC	1.50039056145576
1857	1871	PC	.79826982298982
1857	1874	PC	1.34197027396851
1857	1901	PC	6.5628025064004
1857	1911	PC	1.49281279383979
1857	1913	PC	1.2932390698866
1857	1922	PC	1.32516552414052
1857	1923	PC	2.42456653541801
1857	1924	PC	.896401597185739
1857	1929	PC	431.85255158916
1857	1931	PC	1.07730429262157
1857	1933	PC	1.33453483461251
1857	1938	PC	1.09267914172179
1857	1940	PC	3.2207565056083
1857	1941	PC	1.97293931488291
1857	1942	PC	3.49439230486195
1857	1943	PC	1.73807566479977
1857	1971	PC	555.581923036815
1857	1974	PC	.772379954111434
1857	2003	PC	.645195565290579
1857	2004	PC	5.03312095515255
1857	2012	PC	12.0864854094061
1857	2015	PC	22.5619035040632
1857	2017	PC	1.21159658216821
1857	2021	PC	.859563545088645
1857	2022	PC	.75584968457284
1857	2023	PC	1.26650769581432
1857	2025	PC	2.14439761938664
1857	2027	PC	.821525198855334
1857	2030	PC	1.58250587284997
1857	3001	PC	.614503600413144
1857	4001	PC	.82031353642453
1857	5101	PC	1.38994861998211
1857	5404	PC	3.38952382767567
1857	5605	PC	34.2366291658752
1857	5700	PC	2.08736143632401
1857	5770	PC	60.6895460598505
1857	5880	PC	689.53741623121
1857	6000	PC	4.38931143152246
1857	6030	PC	72.2968362898765
1859	58	PC	87.2009871062461
1859	1805	PC	1.31858924078548
1859	1841	PC	7.46036439770188
1859	1865	PC	.682503109434439
1859	1901	PC	1.35932034837411
1859	1923	PC	.588531011803573
1859	1941	PC	.724255884860672
1859	1942	PC	.649192808710985
1859	2003	PC	.634260047234807
1859	2004	PC	1.37766526144424
1859	2012	PC	1.17216155907643
1859	2020	PC	.580106161505881
1859	2030	PC	.684979648260459
1859	4001	PC	22.0440974116461
1859	5403	PC	20.4688223089997
1859	5404	PC	2.70186503673716
1859	5605	PC	76.4774115777666
1859	5710	PC	81.6460696390194
1859	5720	PC	36.4800550086533
1859	5770	PC	37.0652965328563
1859	5880	PC	111.269044789094
1859	6000	PC	865.441510355823
1859	6030	PC	144.013308068252
1859	6050	PC	8.53477222796033
1860	52	PC	306.081317158166
1860	211	PC	2.20392440130933
1860	219	PC	.596294085379634
1860	230	PC	516.758640926671
1860	235	PC	158.361042634226
1860	301	PC	71.2157622560622
1860	309	PC	206.789541903008
1860	1004	PC	.96563883359132
1860	1224	PC	.580530732492098
1860	1504	PC	.739513223226251
1860	1671	PC	3.93903749936917
1860	1676	PC	27.6123454101233
1860	1677	PC	193.82585631656
1860	1750	PC	1.0856763208905
1860	1804	PC	5.01824192799188
1860	1805	PC	80.6086520191918
1860	1813	PC	4.49559556693749
1860	1815	PC	7.70816923431171
1860	1820	PC	3.08075952535099
1860	1828	PC	3.0219210025936
1860	1837	PC	3.60140490084609
1860	1841	PC	27.0186170078933
1860	1857	PC	13.3321918148204
1860	1865	PC	61.3890119513075
1860	1901	PC	1.82991376819858
1860	1931	PC	4.43534614277879
1860	1971	PC	86.7815908250427
1860	1972	PC	6.47735307834665
1860	2012	PC	.986667979020566
1860	2019	PC	1.24753176083667
1860	3001	PC	.968574722555955
1860	4001	PC	27.6429079931881
1860	5201	PC	1.7713310132544
1860	5404	PC	1.56064406454132
1860	5605	PC	3.33392588287639
1860	5700	PC	21.4198397858296
1860	5710	PC	2273.71696866835
1860	5880	PC	565.216510049848
1860	6000	PC	329.344667745235
1860	6040	PC	23157.8890890051
1865	50	PC	4.36200016039298
1865	51	PC	4.98430698112883
1865	55	PC	343.488004580141
1865	58	PC	790.236023690657
1865	62	PC	16.0941419155823
1865	104	PC	79.5771221597419
1865	105	PC	.927332357967088
1865	106	PC	92.3975138960191
1865	231	PC	82.5948248254681
1865	301	PC	2.00154137175817
1865	303	PC	9.00243495543405
1865	305	PC	37.7602132852928
1865	306	PC	426.193075606049
1865	605	PC	1.91646131071806
1865	625	PC	39.5376901632457
1865	709	PC	298.092418678677
1865	720	PC	357.706462085536
1865	1074	PC	1.24009446803383
1865	1243	PC	34.4283313676731
1865	1271	PC	35.0508788028157
1865	1273	PC	339.09873610491
1865	1503	PC	149.608632363771
1865	1504	PC	4763.22638465357
1865	1531	PC	24.7898950609768
1865	1620	PC	3.48326993738407
1865	1638	PC	29.5341363452078
1865	1657	PC	118.968905765697
1865	1671	PC	109.229372002153
1865	1674	PC	2.45804493957026
1865	1677	PC	111.943463289595
1865	1804	PC	377.302682254376
1865	1813	PC	5.74486415028485
1865	1820	PC	666.491749400365
1865	1828	PC	1370.2224035738
1865	1832	PC	11.0471864016593
1865	1833	PC	412.977304777117
1865	1837	PC	12.9780356787247
1865	1841	PC	70.0971806178664
1865	1856	PC	6.80461870672935
1865	1857	PC	15.4932173080202
1865	1865	PC	918.601568802748
1865	1866	PC	34.5400900357148
1865	1871	PC	20.4591034296999
1865	1901	PC	124.531906826882
1865	1931	PC	.852222785760228
1865	1971	PC	441.605334129637
1865	1972	PC	131.845106620722
1865	1973	PC	16.1649172868318
1865	2003	PC	18.6815100119447
1865	2017	PC	54.6720441209786
1865	2021	PC	.753494004018335
1865	2028	PC	215.818223041573
1865	3001	PC	62.5632943398404
1865	4001	PC	52.6229670512526
1865	4004	PC	49.7747916334646
1865	4005	PC	773.016267243525
1865	5403	PC	45.7073630402538
1865	5404	PC	.658396714728368
1865	5605	PC	197.914052447348
1865	5700	PC	21.5437159084526
1865	5710	PC	1235.06249979671
1865	5880	PC	75.2327979362949
1865	6000	PC	4698.08778589957
1865	6030	PC	1.46310381050749
1866	230	PC	100.612841297261
1866	235	PC	52.5719733943576
1866	1245	PC	13.6859772621738
1866	1525	PC	19.1890015274471
1866	1617	PC	24.6843196478855
1867	1841	PC	17.152118683102
1867	2002	PC	11.2777001543828
1867	5605	PC	.656980869766349
1867	5880	PC	96.0165374851115
1868	55	PC	40.5362063170798
1868	59	PC	164.877865686547
1868	230	PC	56.6935920432649
1868	231	PC	17.8587161467735
1868	307	PC	.601866073731703
1868	1271	PC	2.24007679442447
1868	1439	PC	5.19073767060318
1868	1502	PC	3.22152949787447
1868	1503	PC	9.96593371078186
1868	1504	PC	2.18159036745761
1868	1677	PC	31.2624937230564
1868	1805	PC	6.18147953014584
1868	1813	PC	16.6932294169107
1868	1815	PC	14.5365734397682
1868	1828	PC	10.0382668124078
1868	1841	PC	108.998947760358
1868	1901	PC	7.21621508991171
1868	1931	PC	8.23653569972897
1868	1936	PC	3.19179974861019
1868	1943	PC	.750607148796579
1868	2002	PC	3.7487699315471
1868	2003	PC	1.02498805323833
1868	2004	PC	1.02029600166393
1868	2011	PC	2.15498661456151
1868	2012	PC	15.088791027233
1868	2023	PC	1.40179870993318
1868	2025	PC	2.59263115917202
1868	2027	PC	2.20742373511865
1868	2030	PC	10.0644365307991
1868	4001	PC	2.91991497673933
1868	4005	PC	1.0122371919363
1868	5101	PC	21.5587055782587
1868	5605	PC	12.8184267478856
1868	5700	PC	392.311989834758
1868	5710	PC	1152.42620318952
1868	5770	PC	38.8922941851756
1868	5880	PC	52.5584695813079
1868	6000	PC	54.0476262194449
1870	213	PC	52.807636468313
1870	214	PC	31.313159867768
1870	230	PC	207.43461818696
1870	233	PC	3.28235717015307
1870	235	PC	159.565885412669
1870	625	PC	.871632569248379
1870	1102	PC	5.39168803217819
1870	1172	PC	7.30018509434988
1870	1173	PC	.81431940435565
1870	1251	PC	.974472580838927
1870	1272	PC	.811161828908859
1870	1275	PC	4.01096911936381
1870	1277	PC	9.89367250870805
1870	1439	PC	3.26889779004784
1870	1503	PC	2.48063583889494
1870	1504	PC	.916267954332195
1870	1671	PC	7.32544107949346
1870	1677	PC	33.3756640805038
1870	1729	PC	.543789780570523
1870	1804	PC	2.37595779092048
1870	1805	PC	26.7021312070336
1870	1813	PC	4.64126928816088
1870	1828	PC	1.7504451025195
1870	1870	PC	3.66851827491865
1870	1971	PC	9.65584014201601
1870	1974	PC	6.33881904186327
1870	4001	PC	24.4445548802694
1870	4004	PC	68.4087413800412
1870	5102	PC	12.997514866459
1870	5710	PC	84.7252262700605
1871	1860	PC	104.348754798891
1871	1865	PC	104.926969554295
1871	1901	PC	45.3568255455823
1871	5710	PC	963.815268572039
1874	58	PC	67.4003155373781
1874	105	PC	.700135930265152
1874	301	PC	36.5778934944791
1874	709	PC	2.01739012547773
1874	904	PC	1.4759754544923
1874	1504	PC	7.7782301930953
1874	1531	PC	167.718514024545
1874	1554	PC	1.39219774030781
1874	1671	PC	2.04880094083964
1874	1805	PC	.933788852560862
1874	1841	PC	134.43778276129
1874	1857	PC	11.0215222526515
1874	1972	PC	5.089524207759
1874	4001	PC	6.58396714728368
1874	5710	PC	14.8290448207635
1874	5770	PC	63.0597742328726
1874	5880	PC	185.506932134244
1874	6000	PC	272.876663879969
1901	1504	PC	1.55039086570435
1901	1677	PC	2.87165525551283
1901	1804	PC	3.16399156193711
1901	1805	PC	.655213263174563
1901	1833	PC	1.21796703591588
1901	1865	PC	1.01398222348047
1901	1924	PC	1.9614028867483
1901	1931	PC	4.75046580013284
1901	1973	PC	1.91445286016064
1915	1677	PC	3.77695674284399
1915	1815	PC	6.21156983291545
1919	230	PC	52.904172402012
1923	230	PC	19.3838621154317
1923	231	PC	38.0910654058845
1923	1245	PC	35.7367035561548
1925	6000	PC	1.54529290629132
1928	1627	PC	.817295183312468
1928	1841	PC	1.13436441692792
1928	1971	PC	1.33382602422912
1928	1974	PC	2.12199594763724
1929	1529	PC	1.43043471768275
1929	5700	PC	1.95112740693348
1931	58	PC	89.2640788672067
1931	1931	PC	3034.63789292325
1931	5700	PC	21.2204616778085
1931	5710	PC	1537.95666724125
1931	6030	PC	42.4194609541408
1936	58	PC	44.1653242557823
1936	1936	PC	204563.411599763
1936	1972	PC	284.782666884184
1936	1973	PC	128.537547577017
1936	2021	PC	.687060762624699
1936	4001	PC	93.411615018867
1936	5710	PC	2040.95096281259
1938	50	PC	29.5145527537646
1938	52	PC	3.32607884439564
1938	55	PC	6.3365514999723
1938	56	PC	2.96943407994076
1938	58	PC	18.8865387730092
1938	1106	PC	19.6350813421095
1938	1149	PC	149.015145540406
1938	5101	PC	1.7587960986816
1941	58	PC	7.74230493777046
1941	123	PC	21.829162671614
1941	230	PC	323.59778785054
1941	235	PC	39.8154755896566
1941	310	PC	20.4698563427715
1941	1101	PC	8.91385683855442
1941	1271	PC	1622.62009390606
1941	1272	PC	57.9876331707093
1941	1274	PC	3.83612903647529
1941	1401	PC	559.215050096716
1941	1416	PC	25.2435570771331
1941	1439	PC	111.038732849791
1941	1503	PC	24.7660288490819
1941	1504	PC	162.532548350165
1941	1515	PC	53.0041154313116
1941	1525	PC	829.965525411996
1941	1532	PC	39.2203340924502
1941	1545	PC	63.2561585348518
1941	1547	PC	316.808517210489
1941	1554	PC	39.467474482061
1941	1620	PC	448.864638950674
1941	1622	PC	21.9910905718266
1941	1627	PC	.850065359581021
1941	1676	PC	29.5198537289077
1941	1750	PC	15.9128978987609
1941	1804	PC	137.066241207749
1941	1901	PC	4.45973487949564
1941	1929	PC	40.8064770195663
1941	1931	PC	178.192559571675
1941	1971	PC	192.490138290882
1941	1972	PC	6.38543449760111
1941	1973	PC	112.810687588404
1941	1974	PC	1.2274638735714
1941	5710	PC	11.521437809546
1942	4001	PC	12.123216762073
1942	5101	PC	1.4119409080326
1942	5102	PC	1.9718485094938
1942	5201	PC	.876377115330577
1942	5403	PC	17.9365182937658
1942	5404	PC	1.58721633109871
1942	5770	PC	11.198152029224
1942	5880	PC	21.3592578053069
1943	235	PC	94.1468986830833
1971	50	PC	189.250368653915
1971	51	PC	3.93970326104677
1971	52	PC	60.4605701100673
1971	54	PC	8.00447646688868
1971	55	PC	6.70101313597688
1971	56	PC	11.0774840948629
1971	58	PC	1519.12104587848
1971	59	PC	.562814751578111
1971	60	PC	6.19096226735922
1971	61	PC	.562814751578111
1971	62	PC	1.68844425473433
1971	1865	PC	4.08935663601755
1971	1901	PC	1.48268669176678
1971	1971	PC	1.84703650537035
1971	1972	PC	1.84703650537035
1971	2019	PC	1.84631611571507
1971	2021	PC	.905131841332937
1971	3001	PC	1089.4412963169
1971	4001	PC	144.105981236533
1971	4004	PC	14.6449088483554
1971	4005	PC	2.0196841866527
1971	5201	PC	178.537346195056
1971	5204	PC	31.1678210865253
1971	5403	PC	6.1245188591868
1971	5501	PC	3.84883212928156
1971	5605	PC	70.7163055832684
1971	5700	PC	1208.036917251
1971	5710	PC	6873.06638722145
1971	5720	PC	35.1759219736319
1971	5810	PC	1.63568037177388
1971	5820	PC	24.7013140970393
1971	5860	PC	25.6823314765261
1971	5880	PC	.603853327214015
1971	5900	PC	38.1072488047679
1971	6000	PC	457.682714779418
1971	6020	PC	98.8619287068925
1971	6030	PC	372.302935277864
1971	6040	PC	122.138617964
1972	709	PC	1.90527882822596
1972	904	PC	1.51095726921323
1972	937	PC	.597955347661802
1972	1034	PC	.7873789873206
1972	1253	PC	.761885368073323
1972	1271	PC	1.57914654226046
1972	1276	PC	1.0106537870467
1972	1750	PC	.690777905502771
1972	1870	PC	1.74661245192222
1972	1971	PC	4.7253772293557
1972	1972	PC	14.3967639939141
1973	50	PC	1.23115726907712
1973	5710	PC	725.123295327054
1974	50	PC	3.9582683309773
1974	51	PC	20.5192878179519
1974	58	PC	2.31672530554115
1974	1750	PC	1.41092561991297
1974	1860	PC	20.8256501309287
1974	1865	PC	50.9980653280803
1974	1866	PC	23.4926104935928
1974	1922	PC	.721032926806405
1974	1933	PC	4.37388099557207
1974	1971	PC	126.893685087237
1974	1972	PC	64.295644374381
1974	1973	PC	36.0114936321161
1974	1974	PC	12.7055364036132
1974	2028	PC	.534926327686739
1974	3001	PC	.736740143558846
1974	4004	PC	1.13540059259334
2002	50	PC	6.58210296712675
2002	52	PC	1.35276647427143
2002	58	PC	51.3992951323392
2002	1860	PC	157.933217022668
2002	1865	PC	30.223123491797
2002	1866	PC	33.8157738707395
2002	1936	PC	3.3248148457024
2002	1941	PC	.832583064225814
2002	1971	PC	3.03760470464305
2002	1972	PC	1.74211308243422
2002	2019	PC	7.09887433427634
2002	2022	PC	28.5000174953208
2002	2028	PC	13.1219302643937
2002	2030	PC	1.89151652482929
2002	4001	PC	1.3741464041809
2002	4003	PC	18.0329990636356
2002	4004	PC	11.6676108405911
2002	5101	PC	1.45383523384344
2002	5201	PC	2.86393879287207
2002	5403	PC	21.7968385426969
2002	5501	PC	3.54226565999956
2002	5605	PC	165.574923553839
2002	6010	PC	.684157757102795
2002	6020	PC	177.943213006463
2002	6030	PC	4.28181687186778
2004	230	PC	47.474102638603
2004	235	PC	20.7428088906161
2004	301	PC	35.5016864014398
2004	1671	PC	1.02199937985987
2004	1857	PC	4.61027189712046
2004	1865	PC	10.4017956018894
2004	1971	PC	3.98622881676682
2004	4001	PC	20.5575054564099
2004	5710	PC	66.0602458610858
2004	6000	PC	41.2201295430594
2012	230	PC	1.69782813024493
2012	1627	PC	1.99108582679611
2012	2019	PC	.714092687334916
2014	1865	PC	15.1069020347639
2014	2021	PC	.983811135054942
2015	1273	PC	3.30346797259787
2015	1275	PC	118.954878540547
2015	1504	PC	942.900304380697
2015	1627	PC	497.771456699027
2015	1857	PC	368.979045983035
2015	1859	PC	275.453098982397
2015	1865	PC	152.394570138683
2015	1866	PC	15.8098775928569
2015	1971	PC	2257.88698956128
2015	2017	PC	214.525893497326
2015	2018	PC	421.302909672809
2015	2022	PC	1.11923930644034
2015	2030	PC	1.83440625979164
2015	5700	PC	5.32562236771537
2015	5710	PC	756.164233094141
2017	1860	PC	29.4878574112266
2017	2004	PC	16.0239585064546
2017	5850	PC	142.484410007284
2017	6000	PC	3228.43646482314
2018	1504	PC	8015.79273681618
2018	1671	PC	2.91780822949993
2018	1677	PC	2.79005830701745
2018	1805	PC	4.09499426519568
2018	1865	PC	117.378541785805
2018	1901	PC	7.93136422938006
2018	1924	PC	.567454501154
2018	1931	PC	7.65552786238845
2018	1936	PC	3.76750629261996
2018	1943	PC	.73567339927301
2018	2002	PC	1.74748654483711
2018	2003	PC	1.62591443100621
2018	2004	PC	2.03561379893774
2018	2011	PC	1.30953959999971
2018	2012	PC	18.6065231310668
2018	2023	PC	.530037186174358
2018	2025	PC	1.56306824180592
2018	2027	PC	2.67839335866021
2018	2030	PC	9.1936973946357
2018	4001	PC	19.5131323985656
2018	5201	PC	7.73692584977047
2018	5404	PC	13.6508221214028
2018	5700	PC	8.27419884877327
2018	5710	PC	2001.37696082886
2018	5720	PC	60.4626788008229
2018	5831	PC	4.77219114875137
2018	6000	PC	1944.69465943407
2018	6010	PC	4.05096054682912
2018	6020	PC	30.0415418735898
2018	6030	PC	.674511210704609
2019	1271	PC	.671156959269091
2019	1504	PC	2.09039385365374
2019	1835	PC	5.38519426571906
2019	1865	PC	4.30603453256746
2019	1866	PC	3.80648633982391
2019	2002	PC	9.43585719969141
2019	2019	PC	1824.47608265565
2019	2022	PC	15.1601517634929
2019	2023	PC	28.8743170514521
2019	2028	PC	17.2787458309638
2019	3001	PC	2.82944313061803
2019	4001	PC	85.0769847279641
2019	5404	PC	12.0458163689469
2019	5700	PC	22.380535034548
2019	5710	PC	575.688018431506
2019	6000	PC	34.513950262028
2019	6020	PC	326.268761850957
2019	6030	PC	7.34954423092424
2019	6040	PC	245.276803892585
2022	1504	PC	1.48747190724886
2022	1865	PC	14.9652023134149
2022	1868	PC	6.13786663364693
2022	1973	PC	4.38948919276751
2022	2028	PC	5.46710317307838
2023	231	PC	251.276021985797
2023	301	PC	29.3362029078025
2023	1173	PC	.708489103447607
2023	1515	PC	197.991578805195
2023	1805	PC	23.6678552040424
2023	1865	PC	500.515635991713
2023	1901	PC	.733692005236271
2023	1931	PC	.670924323797295
2023	1941	PC	17.8216046184202
2023	1942	PC	1.48059491673333
2023	1971	PC	65.3685069497118
2023	2004	PC	82.6565095887291
2023	2012	PC	1.67821592547372
2023	2019	PC	14.212574079969
2023	2022	PC	446.664676885233
2023	2023	PC	46.3128229120341
2023	2025	PC	.68656288595779
2023	2028	PC	62.5023918668936
2023	2030	PC	3.19882050171216
2023	5831	PC	.684244417208283
2023	6020	PC	2.59389953322912
2023	6030	PC	1.11445214467067
2025	1004	PC	7.61532279016617
2025	1101	PC	5.00314396133943
2028	54	PC	1.30611935446897
2028	58	PC	137.997729415621
2028	1504	PC	485.253452274054
2028	1865	PC	14.9155400078382
2028	1870	PC	7.53850778222686
2028	2018	PC	4.58323238613837
2028	4001	PC	2.9883311123453
2028	5101	PC	1.95334814172815
2028	5102	PC	1.95917903170346
2028	5201	PC	24.5441595360628
2028	5203	PC	.653059677234486
2028	5404	PC	7.13700932977688
2028	5605	PC	3.92807621336576
2028	5700	PC	54.046519181129
2028	5880	PC	5.22253378788412
2028	6020	PC	26.1291897943506
2028	6030	PC	62.9697244733419
2030	58	PC	29.9350242941981
2030	1548	PC	1.10611230080219
2030	1865	PC	.56617547663497
2030	3001	PC	2.60792020801107
2030	5101	PC	3.1587519528807
2030	5102	PC	.713643959724898
2030	5201	PC	1.19038152298374
2030	5403	PC	1.72658941621967
2030	5404	PC	3.60234211910314
2030	5501	PC	6.87418519128451
2030	5605	PC	29.9457484520628
2030	5700	PC	68.0555058095031
2030	5831	PC	37.690540277274
2030	5880	PC	32.6433616167606
2030	5920	PC	1.81725729634865
2030	6010	PC	15.282899880666
2030	6020	PC	150.585699966049
2030	6030	PC	14.9065794319586
3001	1621	PC	98.9251947364145
3001	1971	PC	3.47434952937928
4001	104	PC	3399.04860209543
4001	106	PC	1639.42205588891
4001	211	PC	4.79210067119661
4001	217	PC	309.586812724161
4001	219	PC	788.031060432789
4001	220	PC	15.2749864073539
4001	226	PC	35.5775096084437
4001	231	PC	42.6545676611903
4001	301	PC	177.532660961477
4001	302	PC	1171.60221671071
4001	304	PC	13.4749743805163
4001	306	PC	124.8077123884
4001	307	PC	69.0872006034326
4001	309	PC	288.818846297826
4001	310	PC	6.9302759712937
4001	502	PC	2.88187590120324
4001	602	PC	3.26154711554176
4001	822	PC	54.5672653520316
4001	1004	PC	26.9479427056855
4001	1071	PC	12.0038097114251
4001	1101	PC	13.9457111843138
4001	1124	PC	1.50230642680825
4001	1149	PC	25.1123682882443
4001	1172	PC	1.96620590277572
4001	1271	PC	36.7697016669416
4001	1273	PC	65.1031612973848
4001	1275	PC	14.7844356899382
4001	1277	PC	.68453962509577
4001	1401	PC	3.74125805544536
4001	1439	PC	146.558080400518
4001	1504	PC	630.425120997662
4001	1515	PC	24.6010321680735
4001	1525	PC	7.53117229219199
4001	1531	PC	78.8534023730206
4001	1534	PC	3.04031672127241
4001	1554	PC	1.94706814069845
4001	1621	PC	72.6536555394756
4001	1671	PC	6.45351203721696
4001	1860	PC	23.4679142217347
4001	1931	PC	151.130911028729
4001	1972	PC	.711429029846419
4001	1973	PC	15.4153178148187
4001	2028	PC	92.1897241681693
4002	104	PC	86.8033526802183
4002	302	PC	47.8844827479166
4002	309	PC	40.4724878276836
4002	1122	PC	1.294419145981
4002	1504	PC	15.6747387014284
4002	1653	PC	4.68073343706381
4002	1870	PC	20.0669353830848
4003	104	PC	145.263789962838
4003	226	PC	7.11550192168875
4003	1271	PC	2.62474365125479
4003	1531	PC	6.50097389759632
4003	1630	PC	261.873644505705
4004	104	PC	66.9938845276926
4004	106	PC	10.2191292344949
4004	220	PC	566.231734781044
4004	226	PC	.91067362184856
4004	302	PC	14.5790823076018
4004	304	PC	266.778180354659
4004	309	PC	4.16950014628067
4004	602	PC	.589436225700319
4004	1002	PC	6.16103628560468
4004	1149	PC	2.4889156016037
4004	1271	PC	1.9331155980885
4004	1439	PC	.922818226969744
4004	1504	PC	13.6588406195577
4005	104	PC	6.66124735935272
4005	211	PC	8.48839675205133
4005	217	PC	286.630996284919
4005	1071	PC	18.1359511939517
4005	1439	PC	6.76292579846814
4005	1504	PC	2.53470277525985
4005	1671	PC	1.24345125957938
5101	104	PC	16.5902242528378
5101	106	PC	.896201413025149
5101	136	PC	1.64598566186087
5101	211	PC	2.87444263809831
5101	219	PC	.615591332063519
5101	301	PC	11.1726411686744
5101	302	PC	5.94457375224579
5101	305	PC	15.4716791835774
5101	306	PC	73.888197859247
5101	307	PC	8.10623693488063
5101	309	PC	12.8981260593076
5101	310	PC	7.51724443848855
5101	625	PC	2.00009489771253
5101	1271	PC	7.4256347201587
5101	1273	PC	.68048909476976
5101	1439	PC	1.0607214625251
5101	1677	PC	2.32421764603045
5102	217	PC	40.5143377348408
5102	306	PC	.819731824875569
5102	1101	PC	.895685159217986
5106	106	PC	1.40715787474989
5106	217	PC	1.75972188834217
5106	307	PC	1.27210235045505
5106	309	PC	2.20113175198069
5106	1271	PC	514.914554000848
5106	1439	PC	.618675474580535
5201	106	PC	9.2509478437268
5201	211	PC	3.60940859001605
5201	220	PC	885.76834203738
5201	305	PC	2.31144134322938
5201	309	PC	20.5307401620379
5201	1071	PC	9.5693866102097
5201	1149	PC	8.57490684647751
5201	1271	PC	12.6356293519897
5201	1504	PC	10.8587028848895
5204	302	PC	33.1374060169452
5302	309	PC	2.20619182497375
5403	104	PC	128.267600893908
5403	219	PC	1.04122296264869
5403	231	PC	65.0111212102918
5403	301	PC	536.656161424865
5403	302	PC	2.02099315342779
5403	305	PC	10.485483256217
5403	306	PC	172.588969647259
5403	309	PC	2.31447738702522
5403	822	PC	11.0730888492713
5403	1101	PC	2.07569941014872
5403	1106	PC	16.5839998812884
5403	1173	PC	.607512471003771
5403	1175	PC	5.35883466821232
5403	1216	PC	8.4869970217796
5403	1271	PC	41.9229888742084
5403	1504	PC	202.589211026659
5403	1520	PC	.732041583298253
5403	1554	PC	8.86506024666492
5403	1671	PC	.786482921683956
5403	1972	PC	.574458498238057
5404	220	PC	79.7185212372804
5404	231	PC	25.4647442832049
5404	301	PC	5.69055808799423
5404	309	PC	.617328905153206
5404	1106	PC	.767660657455942
5404	1149	PC	3.84004121390285
5404	1271	PC	32.3596867744977
5404	1504	PC	2.05108832270135
5404	2028	PC	19.0186521099424
5501	104	PC	17.5359403125792
5501	211	PC	5.19484974637824
5501	220	PC	12.0902826470349
5501	231	PC	2.37547298399834
5501	301	PC	113.223181278091
5501	306	PC	27.5854939289608
5501	307	PC	29.0306507757785
5501	309	PC	.989750277442353
5501	310	PC	28.1947267173251
5501	1271	PC	22.5381633665038
5501	1504	PC	67.6869200845967
5605	217	PC	.969476410707029
5605	220	PC	818.650735270643
5605	301	PC	33.0058441191257
5605	302	PC	94.2509435979154
5605	305	PC	6.77240169391025
5605	306	PC	159.776864828833
5605	309	PC	9.67485956272894
5605	310	PC	1.30954689060369
5605	1004	PC	13.4187721807849
5605	1071	PC	8.72284853591875
5605	1102	PC	1.66482968677759
5605	1246	PC	18.627019032137
5605	1271	PC	.585301632108513
5605	1273	PC	2.79790382269174
5605	1274	PC	20.0602514395669
5605	1277	PC	1.75894279407005
5605	1504	PC	25.3349625271708
5700	104	PC	14.2327025354865
5700	105	PC	2.6006944864656
5700	211	PC	1.00380607063035
5700	220	PC	4.80953222416555
5700	301	PC	1.98557264247638
5700	305	PC	5.92736950406939
5700	309	PC	12.4953442490601
5700	1149	PC	9.1260238725469
5710	211	PC	15.7256136360257
5710	220	PC	1.75173696010019
5710	1504	PC	21.1141444983962
5770	305	PC	1.96229630670831
5790	305	PC	7.9240743071305
5800	302	PC	159.170668084265
5800	305	PC	73.127162881091
5800	306	PC	191.222182436899
5800	1271	PC	3.53915087235165
5800	1439	PC	3.20294432717953
5800	1504	PC	138.916994703115
5800	1931	PC	326.088789041859
5810	217	PC	1.19860686491825
5810	2002	PC	37.2006921765131
5810	2022	PC	64.0867897499181
5820	104	PC	40.5470694398872
5820	106	PC	52.9407667287028
5820	302	PC	20.0014565269639
5820	306	PC	21.2442104540592
5820	307	PC	23.6082765564164
5820	1101	PC	.560894931774644
5820	1271	PC	3.38826861770776
5830	1931	PC	71.9210778533167
5830	2018	PC	3.85685203228209
5831	2018	PC	23.7046133023052
5840	104	PC	2.07933689435319
5840	217	PC	16.8802951511342
5840	219	PC	24.3839180443114
5840	305	PC	1424.12819547311
5840	309	PC	20.44168287736
5840	1175	PC	1.06109441725996
5840	1271	PC	88.7744605225901
5840	1439	PC	33.3536921502104
5840	1504	PC	196.581734199139
5840	1621	PC	.73195545211205
5842	219	PC	1.21899273675944
5842	1504	PC	29.6040414576561
5850	104	PC	420.437339123601
5850	219	PC	.835010024680218
5850	305	PC	1.33889531396343
5850	307	PC	74.8182392753714
5850	1224	PC	7.14176584021948
5850	1504	PC	16.9988971921136
5850	1653	PC	1.62860570619488
5850	1856	PC	3.20266919707872
5850	1860	PC	1.46225307650737
5850	1901	PC	7.38538275502254
5850	1931	PC	66.7317749635012
5850	1973	PC	9.24142221097913
5860	1554	PC	.60182106167043
5880	211	PC	13.8140888375749
5880	305	PC	.646677328512948
5880	306	PC	1.07577151832436
5880	628	PC	2.77238448328195
5880	1172	PC	.761442995751347
5930	302	PC	30.4413991262433
5930	1441	PC	1.32593757980797
5930	1931	PC	2694.30462437454
5930	1971	PC	16.5591239705632
6020	104	PC	91.4619436724521
6020	106	PC	37.6607353971247
6020	138	PC	.877718339068851
6020	211	PC	166.997757391935
6020	220	PC	13.6551543409977
6020	231	PC	17.5383483717767
6020	301	PC	20.2402919722363
6020	302	PC	1369.07561332323
6020	303	PC	33.1009734913952
6020	305	PC	244.248711360363
6020	306	PC	557.982345061412
6020	307	PC	68.7582958588838
6020	309	PC	92.3129356415738
6020	1124	PC	1.24948162853448
6020	1246	PC	8.49505256629688
6020	1271	PC	175.047718568869
6020	1273	PC	15.4973290273161
6020	1504	PC	633.878791776328
6020	1534	PC	.697777608160881
6020	1617	PC	49.2722396013141
6020	1676	PC	25.2109742879719
6030	104	PC	213.997426192846
6030	231	PC	2.93494731613695
6030	301	PC	681.603976340239
6030	302	PC	210.962539197421
6030	307	PC	15.0992578112883
6030	309	PC	.956353795688163
6030	709	PC	4.42033390712291
6030	1004	PC	7.31853093602182
6030	1071	PC	205.380155025048
6030	1149	PC	321.512586491607
6030	1246	PC	43.6248362183185
6030	1504	PC	117.417768426486
6030	1531	PC	170.705742831096
6030	1534	PC	15.0479063950409
6030	1931	PC	729.120500223547
6040	1071	PC	1.93551663849719
6040	1515	PC	271.595395135532
6050	307	PC	.971534014667341
6050	309	PC	1.63946364975114
