50	231	PC	20.1366867850457
50	301	PC	31.5712737324816
50	602	PC	13842.0290239746
50	1274	PC	1.00723811075741
50	1416	PC	1.01153074840463
50	1563	PC	32.6442320671956
50	1634	PC	52.2735365931284
50	1824	PC	63.3755534678953
52	123	PC	25.203336491036
52	231	PC	1.32902132781301
52	417	PC	296.119143657728
52	602	PC	228.304838705099
52	1224	PC	4.07803602259135
54	722	PC	87.9977619064304
56	301	PC	126.428565332276
56	904	PC	26.6147942188888
58	124	PC	34.948101247823
58	219	PC	6.01877544792178
58	231	PC	5.49507808267469
58	233	PC	1664.98051814991
58	301	PC	11856.3328805963
58	402	PC	1.01912719406402
58	412	PC	1.47588586069222
58	427	PC	.701027730279179
58	501	PC	2.0990260403044
58	602	PC	206715.201022053
58	605	PC	.645005697636047
58	626	PC	1.25990512262804
58	805	PC	899.447038243218
58	806	PC	3.27381822220521
58	819	PC	336.018437717509
58	906	PC	29.7444003747311
58	1002	PC	3814.85127155285
58	1032	PC	.704578444295497
58	1034	PC	4.77575553248857
58	1102	PC	3.75023129545828
58	1106	PC	5.75835123584439
58	1173	PC	15.6492556234773
58	1274	PC	9.48047602153917
58	1277	PC	127.377308205056
58	1416	PC	4.24405495627934
58	1441	PC	5.16868790287353
58	1502	PC	1.24863271196745
58	1563	PC	6.89369371301365
58	1702	PC	1.40227215072739
58	1703	PC	1.35299279338869
58	1748	PC	.727451636111756
58	1805	PC	.624728169557034
58	2012	PC	.626247046911963
59	213	PC	2.28537160555217
59	301	PC	7.7852156313584
59	403	PC	6.92951352597581
59	626	PC	2.92023663190345
60	217	PC	699.55380429586
60	301	PC	33.0982881698894
60	1826	PC	257.094992896708
62	301	PC	6.2759959725365
62	1224	PC	47.7658848942413
62	1401	PC	396.573551764173
62	1563	PC	44.925290876266
62	1824	PC	3.30711448860436
217	6000	PC	1.56877673318011
219	6020	PC	2.01393365339914
230	52	PC	101.155932581537
230	5101	PC	1.02138029014368
230	5201	PC	3.06414087043103
230	5880	PC	3.06414087043103
230	6000	PC	1.04102221880028
230	6010	PC	1.02138029014368
230	6030	PC	4.66692224881033
230	6050	PC	6.99841918034984
301	52	PC	11.3875739968434
301	54	PC	.893046739981937
301	56	PC	10.0907404470346
301	58	PC	28.140305581191
301	59	PC	3.14973360658096
301	60	PC	6.18746795204205
301	3001	PC	2.5956319989354
301	4001	PC	67.3754151608594
301	5106	PC	34.6598415179568
301	5201	PC	3.95730722623459
301	5760	PC	1.56405985704207
301	5770	PC	1.80181267450701
301	5831	PC	6.33090560224819
301	5870	PC	.819363015560985
301	5880	PC	2.09163532389609
301	6000	PC	1.39507851570336
301	6020	PC	8.49229485192944
301	6030	PC	25.0485365044878
301	6050	PC	.941186773270292
418	50	PC	1.14641174645973
418	3001	PC	2.91460613506712
418	4001	PC	2.45798450723994
418	5810	PC	1.59817569739514
418	5850	PC	.675217087957216
602	58	PC	827.437714938455
602	4001	PC	3.92095292222284
626	5810	PC	.941028701333481
706	5605	PC	2.00065610124041
706	5880	PC	2.20667778858142
706	6020	PC	1.01546234518791
709	52	PC	1.09552764548157
709	5403	PC	5.91702097292186
805	5404	PC	22.0637538965377
814	5404	PC	27007.165220301
814	5501	PC	9005.11083641813
814	5605	PC	6738.10588685132
814	5860	PC	2240.72610340999
814	6030	PC	4604.18841025865
1124	4001	PC	8.01775599853267
1124	5102	PC	6.05468348942802
1124	5930	PC	3.42680986626747
1124	6000	PC	126.302420785287
1124	6010	PC	49.7034293888767
1142	5101	PC	2.39485055225436
1149	5403	PC	2014.88201983447
1149	5404	PC	43973.0431795188
1173	5404	PC	19230.472719578
1173	6010	PC	18.1523014058854
1534	5605	PC	15.9061710049808
1534	5700	PC	18.8235240280141
1824	5850	PC	38.8223164412389
1833	58	PC	630.241697347503
2101	4005	PC	7128.00551637965
2101	5605	PC	3918.13625387163
3001	231	PC	2.01366867850457
3001	302	PC	31072.7418886592
3001	627	PC	3.53089971175692
3001	1271	PC	2.01003415707929
4001	214	PC	.988529334538156
4001	217	PC	.644585025714127
4001	230	PC	10.5505626927444
4001	231	PC	58.5395858937706
4001	301	PC	122.549303600536
4001	302	PC	11348.2986250091
4001	303	PC	11563.9224058298
4001	306	PC	148.417350796217
4001	417	PC	220.820917135513
4001	626	PC	4.218857012909
4001	706	PC	1.36111975922553
4001	709	PC	37.530812759587
4001	906	PC	3.7020363580698
4001	1003	PC	9493.35964594711
4001	1120	PC	4.03109875097108
4001	1124	PC	263.884239452126
4001	1149	PC	9161.82450288826
4001	1246	PC	.948214249537544
4001	1260	PC	9.6024436142027
4001	1534	PC	2.01729673061784
4001	1719	PC	2.54588709032424
4001	1824	PC	24055.0148550927
4002	217	PC	.976949179597974
4002	230	PC	10.6883048076062
4002	1260	PC	9.6024436142027
4002	1441	PC	10.8073636073074
4002	1671	PC	12.8285758109924
4004	230	PC	4.59865341371797
4004	301	PC	26.0915941016669
4004	306	PC	2542.64586433335
4004	602	PC	5.44295717499343
4004	1120	PC	5.03151741909529
4005	306	PC	35.5228267522268
5101	106	PC	5.87053012051204
5101	124	PC	117.585902421093
5101	211	PC	1.45467350683616
5101	226	PC	25.9911607796569
5101	230	PC	128.790085659909
5101	231	PC	21.9053591076655
5101	301	PC	605.709795245593
5101	303	PC	26.491976619851
5101	305	PC	1.7839265532427
5101	306	PC	50.7429233115325
5101	308	PC	1.26676580058818
5101	310	PC	29.3613846668374
5101	415	PC	56.8551188420292
5101	417	PC	60.7504475161344
5101	420	PC	16.772052339869
5101	430	PC	123.918475334893
5101	602	PC	167.060684572073
5101	622	PC	708.670125227644
5101	625	PC	6.67108443679228
5101	1124	PC	8013.51948700426
5101	1127	PC	18.8563075086265
5101	1142	PC	31.7450654583669
5101	1275	PC	101.253527259679
5101	1711	PC	56.1702364708273
5101	1824	PC	3700.50116080569
5102	226	PC	1.68279510783978
5102	230	PC	1.81239624818102
5102	305	PC	11.5465869549661
5102	306	PC	54.9302571475417
5102	1127	PC	6.74133459758478
5102	1142	PC	5.22818731596222
5102	1557	PC	24.2709356357119
5106	226	PC	25.1790386560924
5106	306	PC	107.291393136735
5106	626	PC	775.7453751618
5106	1142	PC	3.74041857888978
5106	1271	PC	7.59593018476373
5106	1275	PC	4.51424798261178
5201	211	PC	.806529403790241
5201	301	PC	22.265716705685
5201	306	PC	52.792659369903
5201	1274	PC	1.17159449487218
5302	1833	PC	800.798716747552
5402	306	PC	12.8011188452765
5403	211	PC	1.3086445061499
5403	230	PC	95.4842839391688
5403	302	PC	4308.43731384963
5403	303	PC	250.8618911156
5403	306	PC	269.345105198107
5403	310	PC	4.04386343365988
5403	417	PC	1290.68883154105
5403	420	PC	82.0959360366733
5403	602	PC	10.0738251394778
5403	622	PC	146.712334587031
5403	706	PC	2.27979115999314
5403	709	PC	37.9685225973932
5403	805	PC	102.190199910067
5403	904	PC	1.37738601033601
5403	1072	PC	8029.83070817625
5403	1124	PC	29138.1602274272
5403	1149	PC	12550.3279801241
5403	1274	PC	4.16443540831345
5403	1824	PC	14303.1102112713
5404	105	PC	107.669088567172
5404	230	PC	1.89093341893553
5404	302	PC	27.9600458531929
5404	306	PC	698.311598659617
5404	420	PC	61.4851055624324
5404	602	PC	20.9379676607647
5404	706	PC	.75993038666438
5404	1274	PC	.888412887106869
5404	1824	PC	22120.5960494421
5501	105	PC	251.005681080467
5501	211	PC	37.5406861764204
5501	231	PC	670.030353495253
5501	302	PC	23413.0239332783
5501	303	PC	668.117195920224
5501	304	PC	19.2506139090261
5501	305	PC	195.92607309975
5501	306	PC	57.0111340684376
5501	602	PC	4266.42061514407
5501	624	PC	.7825636923747
5501	626	PC	.809701975209593
5501	722	PC	529.616159622035
5501	805	PC	134.971038820348
5501	814	PC	240.700777802682
5501	926	PC	23347.5666991087
5501	1102	PC	120123.320946214
5501	1119	PC	1.19203433274252
5501	1124	PC	8801.88745602392
5501	1149	PC	19913.3025337752
5501	1172	PC	19.1024086069488
5501	1271	PC	4.12112528006699
5501	1274	PC	.621889020974808
5501	1671	PC	1.24943325206316
5501	1744	PC	1.68714624465854
5501	1824	PC	21046.218304706
5501	1833	PC	2.35724423852493
5605	124	PC	1.45410226488085
5605	211	PC	218.796375028222
5605	213	PC	5.17711203827635
5605	219	PC	10.8344767916012
5605	302	PC	8414.46124563126
5605	303	PC	5649.85332277957
5605	305	PC	2.00747345922885
5605	306	PC	53.0184306232124
5605	311	PC	14.64732712357
5605	602	PC	2.29910511071722
5605	627	PC	1.03277978273612
5605	704	PC	48.2839363131424
5605	709	PC	2.69359900188423
5605	1003	PC	33801.3096577554
5605	1124	PC	13.8682471203581
5605	1172	PC	1.93192574146644
5605	1272	PC	27.7384713676942
5605	1503	PC	6.4540761142119
5605	1824	PC	70092.4856420771
5605	1833	PC	1315.80509772805
5710	602	PC	3.32455824248599
5760	310	PC	1.1499875661178
5760	1003	PC	3000.89458402874
5800	237	PC	1.04059522891364
5800	302	PC	1.20114755455244
5810	307	PC	1.44582576010942
5810	704	PC	1.67354158649768
5820	1411	PC	10411.1845721469
5840	219	PC	1.36197068404792
5840	220	PC	1.71492382767208
5840	302	PC	1.13441713485508
5840	306	PC	13.6330247441702
5840	709	PC	1.41189481015432
5840	1003	PC	1318.29219984943
5840	1516	PC	4.59034578686896
5860	213	PC	1.10177552146041
5860	231	PC	.783093374973998
5860	308	PC	24.1797675773376
5860	1271	PC	.666309665330152
5870	231	PC	5.63827229981279
5880	230	PC	.747915518416034
5880	418	PC	77.3108528146884
5880	602	PC	1.10492030652367
5880	626	PC	11.4254258223222
5880	1002	PC	2.99730517644753
5880	1127	PC	.765167673721978
5880	1172	PC	2.79713058033179
6000	1671	PC	1.95202629098494
6000	1673	PC	.783311656661981
6020	219	PC	10.7834028909494
6020	230	PC	36.4170819467839
6020	1277	PC	27.0965930567595
6030	220	PC	20.6170464855421
6030	228	PC	18.0361573993855
6030	302	PC	16436.5809886519
6030	306	PC	13.4595256529571
6030	706	PC	1.71800558525903
6030	709	PC	1.02581228655091
6030	1072	PC	3436.91027560805
6030	1124	PC	238.471968417955
6030	1149	PC	139451.832833829
6030	1173	PC	.630832895172715
6030	1504	PC	96.2560187376838
6030	1824	PC	92762.1999526864
6040	1072	PC	2472.86820746998
