50	219	PC	1.801336948291
50	226	PC	14.1654288105818
50	301	PC	11.8482029420172
50	2004	PC	1.79623137128236
51	301	PC	13.7351310693674
52	216	PC	.650966102307986
52	219	PC	2.91180819641393
52	220	PC	1.56352345334507
52	235	PC	4.47953518297571
52	301	PC	77.5122357127161
52	420	PC	1.74838569365144
52	427	PC	1.27928632083899
52	536	PC	.658440053121153
52	543	PC	.941626814683391
52	612	PC	2.32985589490378
52	623	PC	1.00482372507149
52	626	PC	.834341264990123
52	628	PC	1.78847432307826
52	706	PC	28.3931978865911
52	709	PC	1.05616355737537
52	1101	PC	1.21879030160256
52	1121	PC	.620802569668364
52	1175	PC	.699146717222941
52	1274	PC	.850953161610519
52	1275	PC	.638214871207889
52	1416	PC	1.01920212709631
52	1529	PC	3.06836529829911
52	1721	PC	6.95458287780514
56	301	PC	4.75356639539811
56	806	PC	.696295117156388
57	301	PC	1.43918247001288
57	2012	PC	.724304449358786
58	106	PC	.801644522230448
58	301	PC	28.475557745566
58	513	PC	2.54115099976484
58	706	PC	5.1912936434439
58	1529	PC	4.60254794744866
58	1832	PC	3.62163461315601
59	1529	PC	1.02278843276637
60	101	PC	.826534405830752
60	301	PC	4.11499580314795
62	211	PC	2.85409009431613
101	58	PC	1.2097138683261
101	60	PC	.837494216533454
101	105	PC	1071.55573555462
101	128	PC	1267.91975188836
101	4003	PC	2.9974088684955
101	4004	PC	3.54239229913105
104	211	PC	3.3041769433971
104	219	WC	.58421332956125
104	704	PC	.945790344492912
104	1274	WC	.987232326008987
105	52	PC	1.36626771461053
105	101	PC	.680550301474823
105	105	PC	264.74393015265
105	128	PC	1268.94626935283
105	211	PC	800.248420780813
105	402	PC	.623149825194101
105	412	PC	.657639270201776
105	605	PC	1.99746958682853
105	709	PC	.975908675930329
106	52	PC	1.70783464326317
106	101	PC	27.6303141617963
106	104	PC	50.7792104503787
106	105	PC	295.232474948902
106	106	PC	105.283052554374
106	106	WC	1.51696431690764
106	123	WC	.600675861889594
106	127	PC	.779898149388077
106	128	PC	14.3559886172829
106	128	WC	.602460420545835
106	136	PC	25.0317393272851
106	211	PC	31.6695992670019
106	213	PC	2.00857579287899
106	213	WC	2.19102680943472
106	214	PC	65.949871652088
106	219	PC	1.10754806771278
106	219	WC	.931715681862285
106	220	WC	5.06111272766889
106	230	PC	92.1720740136221
106	231	PC	36.4813268974061
106	235	WC	.657791950666896
106	237	PC	.580937690138191
106	239	WC	1.14223407408696
106	301	WC	1.13475346123342
106	304	WC	1.97495389635944
106	305	PC	37.9430170638591
106	306	PC	150.742420327563
106	309	PC	23.0049132548633
106	312	PC	17.9038342912591
106	427	PC	19.3688985825564
106	437	PC	4.00061961682878
106	534	PC	2.12451142101227
106	534	WC	1.28613735725303
106	602	WC	.576467281356678
106	605	PC	25.15841077985
106	605	WC	6.57090127286815
106	612	PC	.905551358936731
106	617	WC	1.63463100425953
106	626	PC	49.4298778740279
106	701	PC	37.0339976301561
106	706	PC	.687099792210582
106	720	WC	1.84973858119493
106	805	PC	7.65177800027367
106	806	PC	.91377318700332
106	814	WC	.490285864152683
106	822	PC	1.32780931754913
106	901	PC	1.97866537827098
106	901	WC	1.10693416423638
106	906	PC	53.6968165324281
106	906	WC	.992225157060734
106	1004	WC	1.59772765365281
106	1072	PC	44.4502772937591
106	1074	PC	23.0297777509403
106	1106	PC	48.9141971704589
106	1149	PC	24.3250144208847
106	1149	WC	.647929519939504
106	1172	WC	1.41774441046532
106	1173	PC	57.6222646538387
106	1173	WC	.74703600093247
106	1216	PC	3.49643708786217
106	1221	PC	19.7894605084807
106	1221	WC	1.5775082367615
106	1224	PC	1.61774155248275
106	1235	PC	22.3265448816132
106	1243	PC	24.0492596160479
106	1271	PC	21.7376844147844
106	1276	WC	1.79228877028665
106	1424	PC	.587230362787498
106	1432	WC	5.14324889566258
106	1502	PC	53.395315072752
106	1503	PC	36.0330632684251
106	1504	PC	46.1784744575363
106	1504	WC	3.70201839489114
106	1516	WC	1.54265783300848
106	1624	WC	1.43833845152136
106	1634	PC	3.53185809352376
106	1635	PC	1.54598629095308
106	1653	PC	.650762778865668
106	1671	PC	164.919080837645
106	1671	WC	3.03912621530041
106	1677	PC	95.5577301381813
106	1702	PC	54.3881227393598
106	1719	PC	5.4833537647754
106	1719	WC	.666357918438288
106	1805	PC	30.4680933118794
106	1820	WC	2.53786164777806
106	1825	PC	2.40009294251785
106	1833	WC	1.10623637935861
106	1860	PC	.56463404816054
106	1870	WC	.744674429475688
106	1901	PC	2.10055450898643
106	1942	PC	2.83644665608886
106	1972	PC	63.0658127575846
106	1973	PC	64.4100181711474
106	2004	WC	2.07903894219127
106	2012	PC	2.31429717440681
111	105	PC	25.7230672399717
118	105	PC	59.0451518037231
119	60	PC	.780928118671852
119	105	PC	1087.15213862681
119	128	PC	3424.8589944473
119	211	PC	6.06712909777484
121	231	PC	3.33933670912869
122	128	PC	1232.25704832673
122	211	PC	448.295144001062
122	231	PC	151.080105317425
122	605	PC	.778784444304622
123	128	PC	552.099761233964
123	211	PC	3.77973531883572
123	231	PC	269.554803919873
123	301	PC	102.824126917383
124	105	PC	9.40723789306594
124	211	PC	72.9591766475942
125	58	PC	.707716107546366
125	101	PC	.624120174102651
125	105	PC	161.312099118736
125	128	PC	2224.87587444358
125	211	PC	607.130968888753
125	605	PC	2.39235580980768
125	4001	PC	.976160148339815
127	105	PC	979.298172152155
127	128	PC	302.270066215588
127	4005	PC	.780928118671852
128	105	PC	2926.99086231842
128	128	PC	4737.55161992542
128	412	PC	1.54090477938235
128	605	PC	3.37952160729264
128	5302	PC	1.0247007859579
135	105	PC	82.3899935183965
135	128	PC	1331.0938414368
135	4001	PC	.587131289069242
136	101	PC	1.02284925724914
136	105	PC	138.589429966001
136	128	PC	543.920248827256
136	211	PC	5.75581559809042
136	221	PC	.838437265595832
136	237	PC	1.39348665893842
136	605	PC	3.4172843017385
136	4001	PC	.587131289069242
137	58	PC	.562190800934391
137	101	PC	1.20914754578488
137	105	PC	52.1340268482698
137	128	PC	886.383776246766
137	211	PC	494.768718317929
137	412	PC	.649229739126302
137	540	PC	.752362343272868
137	605	PC	4.60590492843015
138	101	PC	.507097641458404
138	211	PC	17.9719172368954
138	237	PC	1.05085782012272
138	301	PC	41.5631913937353
138	605	PC	1.53656795977406
211	52	PC	.978923045393448
211	211	PC	29.3080100562851
211	301	PC	17.689447371147
213	101	PC	.563910922584577
213	211	PC	28.8922922859444
213	301	PC	21.3994208640515
214	101	PC	.731026130299423
214	211	PC	207.464407776966
214	301	PC	40.8723532046439
214	714	PC	1.07237060995625
215	58	PC	1.46838456809017
216	301	PC	8.54118710963456
219	50	PC	4.39312739989015
219	52	PC	4.73481508654827
219	58	PC	1.22031316663615
219	106	WC	.720005616354629
219	213	WC	1.39964975025705
219	235	WC	1.14576035056014
219	237	WC	.689453051409379
219	301	PC	67.7196226845932
219	501	WC	.573410628830499
219	605	WC	1.88732855788946
219	714	PC	1.04670382606385
219	720	WC	2.93004130380557
219	806	WC	1.75204218393589
219	814	WC	.822096236584227
219	1173	WC	1.13719581802585
219	1221	WC	1.9359555673548
219	1273	WC	.526952108614104
219	1432	WC	1.8492506162692
219	1443	WC	1.09926764240195
219	1503	WC	1.97863707341102
219	1504	WC	3.31541910896636
219	1638	WC	2.02516636254619
219	1671	WC	1.48141884388521
219	1820	WC	2.30420265438343
219	1833	WC	1.19196733278988
219	1870	WC	4.72923618680872
219	1971	WC	.86468826685963
219	2004	WC	4.61087838844848
219	4001	PC	1.95250106661785
220	231	PC	1.51767115496926
220	301	PC	41.69173432247
220	1102	PC	.525006182419879
220	1271	PC	.546953796883145
220	1277	PC	.526148827960729
220	1566	PC	.629316525577668
221	128	PC	276.152493955997
221	231	PC	106.419687255967
221	301	PC	140.007611864984
226	128	PC	266.76255305058
226	231	PC	412.36518543681
227	231	PC	81.0969335635599
227	235	PC	.939864524914237
228	231	PC	24.2599476132493
229	101	PC	.951701667183274
229	231	PC	160.10932444364
229	237	PC	2.55665726574496
229	605	PC	.607829965142659
230	128	PC	250.163250960988
230	231	PC	283.445922836989
231	52	PC	.813761098041597
231	231	PC	318.576519580463
233	50	PC	.980435057881442
233	128	PC	107.052979415183
233	231	PC	193.919201126297
233	237	PC	.670383139089937
233	605	PC	.939852691766829
234	56	PC	.588261034728865
234	128	PC	247.664497559843
234	231	PC	855.233713973239
235	128	PC	293.303586511378
235	231	PC	512.952921541575
235	605	PC	2.06052717126955
236	101	PC	2.06829326540395
236	128	PC	1024.20245537156
236	221	PC	1.19068064576763
236	231	PC	1961.65446165782
236	235	PC	1.19114318691954
236	605	PC	.744855217400253
237	231	PC	869.894554935359
238	231	PC	279.002189459084
238	417	PC	26.6119579534413
238	427	PC	160.765240856782
239	101	PC	3.52712130585385
239	105	PC	1.70288397849219
239	231	PC	70.0390008254065
239	235	PC	3.17329518921313
239	237	PC	4.90426292849172
239	301	PC	41.6051398813947
239	417	PC	26.7400251736796
239	605	PC	3.95585690553214
301	52	PC	8.92497851309305
301	56	PC	1.0298052130492
301	58	PC	3.33460735654026
301	60	PC	2.90306993392917
301	231	PC	20.269004861415
301	301	PC	14.4554041581064
301	417	PC	22.9023334605201
301	4001	PC	2.0596104260984
301	4004	PC	.980766869570665
301	4005	PC	.588460121742399
301	5101	PC	1.7653803652272
301	5605	PC	1.471150304356
301	5770	PC	124.154297252081
302	605	PC	.758127293403677
306	620	PC	1.3829279522799
306	4001	PC	1.471150304356
306	5605	PC	1.27499693044186
307	412	PC	1.10180921910581
307	605	PC	.926864089114213
308	427	PC	.66945542617792
309	1677	PC	3.72068048228284
402	231	PC	145.929545858733
402	301	PC	185.281792214455
402	417	PC	9.22438842188455
403	60	PC	27.476170610327
403	231	PC	2516.35402287571
403	412	PC	26.857386255497
403	417	PC	47.7167998723857
403	427	PC	321.949719290613
403	532	WC	1.53481558946761
403	3001	PC	6.86904265258175
403	5101	PC	2.77684702976709
403	5403	PC	9.69460629690615
403	5820	PC	6.13829343422198
403	5831	PC	22.6990193868364
403	5835	PC	26.0146721736075
412	417	PC	8157.92986718326
412	427	PC	7325.19672696017
415	417	PC	1500.91583313287
415	427	PC	1506.12028301095
417	58	PC	.974332291146347
417	417	PC	2807.30917883354
417	427	PC	1653.37883054719
417	5605	PC	.896795631663085
418	231	PC	10.2990500266084
418	417	PC	76.7983261435058
419	231	PC	32.8095026784323
419	417	PC	627.434662017383
419	427	PC	45.06101131906
420	60	PC	.970520051952977
420	231	PC	266.298521654105
420	417	PC	5.24964000017999
423	231	PC	580.230632018586
423	417	PC	33.8360826329877
423	427	PC	318.765464088493
425	417	PC	399.782890968604
425	427	PC	1568.25305875299
426	417	PC	698.481367212415
426	427	PC	1275.94488903941
427	52	PC	1.20038612885982
427	417	PC	752.630776928788
427	427	PC	1009.46120308228
428	417	PC	244.188816441391
428	427	PC	118.514751706109
429	417	PC	130.022248328041
429	427	PC	99.0225568854313
430	417	PC	234.934836779391
430	1640	PC	77.9917247251981
432	417	PC	18.9579058266981
432	427	PC	184.568524775114
432	1640	PC	201.666356806987
434	1640	PC	111.928148343696
436	521	PC	2.52549337292738
436	1640	PC	362.082392869365
436	1648	PC	702.079217857619
437	1640	PC	783.35375177518
437	1648	PC	41.5580860188637
437	3001	PC	.581531141068274
438	417	PC	143.879328048316
438	1640	PC	437.659139900105
438	1648	PC	444.308562776161
439	517	PC	211.518285596849
439	1640	PC	203.863811819328
439	1648	PC	277.298934178517
441	521	PC	112.630481343221
441	1640	PC	312.265958594814
501	215	PC	.6552706472612
501	412	PC	130.172512839411
501	521	PC	267.50473961207
501	1653	PC	222.910233303705
502	427	PC	155.029415730115
502	521	PC	994.462487318775
502	1653	PC	356.180529303498
511	517	PC	419.902753671514
511	1525	PC	106.441100705256
512	517	PC	676.449467312101
512	521	PC	14.3332490076911
512	1449	PC	238.27786546273
513	517	PC	1241.84937859801
513	1449	PC	61.3384848250112
514	517	PC	311.582070567711
514	521	PC	210.15311843452
515	517	PC	416.862694962752
515	521	PC	194.469154656528
516	517	PC	431.997786199855
516	521	PC	194.517479033539
517	517	PC	304.959208776233
517	521	PC	93.1035431131472
519	517	PC	777.521524304983
519	521	PC	239.189630311069
520	517	PC	802.230744716345
520	521	PC	696.066220042845
521	517	PC	751.239142746916
521	521	PC	461.258920718711
522	412	PC	238.912028769732
522	427	PC	120.50469838153
522	517	PC	1197.94377806026
522	521	PC	864.979943795493
528	412	PC	155.357837141159
528	427	PC	233.204109135443
528	517	PC	1322.44091975838
528	521	PC	915.189865067898
528	4001	PC	.778798054383892
529	301	PC	72.2444656552652
529	427	PC	132.353498511833
529	517	PC	686.999302694733
529	521	PC	840.025719353119
532	231	PC	23.6687871467797
532	301	PC	108.90114776806
532	521	PC	104.04938509207
533	101	PC	1.18614325782296
533	105	PC	.585575766265877
533	231	PC	210.248225028315
533	427	PC	136.114906882465
533	521	PC	69.9801906559004
533	534	PC	1.60010374930983
533	605	PC	.994565498932438
533	5403	PC	.896795631663085
534	52	PC	1.51129219808338
534	55	PC	1.85255172668285
534	231	PC	788.657810645014
534	412	PC	96.0223130931346
534	427	PC	2.65911156880519
534	521	PC	1194.10862512349
534	522	PC	1.83286980250291
534	536	PC	.651603450073814
534	540	PC	.643104342581764
534	605	PC	3.32279264230328
536	427	PC	3.94296497245676
536	502	PC	1.3516034084899
536	521	PC	220.022584507143
536	536	PC	.802491964008197
536	538	PC	.899466321538979
536	540	PC	4.10427944759191
536	605	PC	2.51224065164929
536	617	PC	37.0474530221186
538	52	PC	1.16819708157584
538	427	PC	.873854491779567
538	521	PC	13.5175190870387
538	522	PC	.610174373225709
538	617	PC	500.182143023262
538	3001	PC	5.0378499142958
540	301	PC	33.6548258305337
540	412	PC	3.09559218632557
540	540	PC	2.44563239360905
540	605	PC	1.88691304945508
540	617	PC	198.553088156428
541	427	PC	2.79504743310987
541	540	PC	2.06355379743579
541	617	PC	164.564378164047
542	231	PC	28.3995656591886
542	427	PC	6.19125059701134
542	540	PC	3.63633422564901
542	605	PC	.555860809599899
542	617	PC	419.139840840335
543	427	PC	3.90751225014541
543	540	PC	2.74866024574647
543	617	PC	243.528519963827
544	231	PC	.77307366359588
544	427	PC	1.2839902293538
544	540	PC	.948608928430178
544	617	PC	342.925550182209
545	301	PC	97.7499643762015
545	617	PC	177.670183782567
602	60	PC	.978690991736354
602	128	PC	36.3098908939368
602	301	PC	40.640452676129
602	521	PC	103.940348180192
602	704	PC	4.93085231186885
602	4001	PC	.734018243802266
604	301	PC	33.120877864214
604	605	PC	.663704987604132
604	617	PC	126.950622105099
604	631	PC	1.2305332348084
604	704	PC	176.960213370571
604	817	PC	430.42110009453
605	128	PC	142.127372340319
605	301	PC	209.863019979111
605	412	PC	1.47490052192199
605	605	PC	2.94944702039878
605	617	PC	81.916946560726
612	60	PC	.780581852194667
612	301	PC	29.6853397035111
612	412	PC	.7650079330964
612	540	PC	1.39000632403498
612	617	PC	33.2264178838161
615	617	PC	27.0322165555928
616	427	PC	181.125402810253
616	540	PC	1.17314038857573
616	605	PC	1.89143547069896
616	617	PC	225.072108067778
617	605	PC	1.37764775075772
617	617	PC	219.636970761059
617	3001	PC	2.11336156989685
618	605	PC	2.49404750832497
618	617	PC	249.381241314937
619	540	PC	2.00987807475055
619	605	PC	4.9671951771947
619	617	PC	506.6833951847
620	301	PC	197.938548223159
620	605	PC	5.69694790484006
620	617	PC	47.0432987940897
621	301	PC	211.364124270773
621	412	PC	.755850858344429
621	605	PC	.986562454584375
621	617	PC	47.2130147872938
621	624	PC	1.5238768357847
621	631	PC	.540433021240435
621	704	PC	59.6743196534681
621	817	PC	191.423165637675
622	301	PC	15.1521124591788
622	605	PC	1.14554755945401
622	617	PC	24.0761124899305
623	58	PC	1.6637746859518
623	301	PC	359.782675687346
623	605	PC	2.1169986004623
623	624	PC	1.17598212407823
624	301	PC	214.508442058047
624	617	PC	206.80474459259
624	817	PC	106.6748275308
625	301	PC	2.18310051304504
625	617	PC	24.3397984607485
626	58	PC	.685083694215448
626	128	PC	91.6397812250971
626	301	PC	211.398068034032
626	617	PC	5.66125788896962
626	4001	PC	1.95738198347271
627	211	PC	5.94200104088799
627	301	PC	32.1165188286781
627	617	PC	166.025339837147
628	52	PC	.978690991736354
628	301	PC	36.3267445730562
628	605	PC	1.24110821610374
628	617	PC	9.61789401450102
628	631	PC	1.48011852727366
628	704	PC	25.1108878163321
631	301	PC	7.0649811461347
631	412	PC	.935968782580536
631	605	PC	1.33605196723436
631	617	PC	6.82766599062187
631	631	PC	2.12202656236331
632	412	PC	.805925587925836
632	617	PC	70.198825146249
632	631	PC	.936900457990651
632	704	PC	59.2860859744019
633	301	PC	2.41368223224814
633	605	PC	.786421274374688
633	617	PC	87.9600285631184
633	704	PC	128.059852365259
701	105	PC	.544029041072111
701	128	PC	159.398151156333
701	301	PC	120.707833459862
701	617	PC	20.1506274269212
701	704	PC	6.11501750458315
701	714	PC	.872004322663601
701	4001	PC	.782802842706486
702	52	PC	1.46415959635084
702	128	PC	163.252944430319
702	301	PC	665.595594025218
702	605	PC	1.64120270963383
702	704	PC	38.2645348771883
702	4005	PC	.896795631663085
704	128	PC	959.690880209279
704	301	PC	993.615536488092
704	605	PC	1.1966101700009
704	704	PC	43.2536695809029
706	301	PC	393.682973096601
706	402	PC	2.15914054289799
706	412	PC	.674530530173729
706	425	PC	3.91142967002276
706	430	PC	3.31463723545059
706	436	PC	1.18018899420973
706	438	PC	4.80385978647115
706	502	PC	5.53366596173402
706	704	PC	84.7392302497253
706	817	PC	94.1230339054665
706	937	PC	6.59982691102998
706	941	PC	1.86120861164455
706	1002	PC	.721192826126077
706	1021	PC	.677879657633213
706	1037	PC	.676936118160346
706	1620	PC	2.55515779147385
706	1648	PC	.62545059557431
706	1717	PC	2.49625524944585
706	1721	PC	.651054251981346
706	2004	PC	3.42363616859996
706	2012	PC	1.2080056852353
706	5102	PC	.973611593626439
709	211	PC	276.45766837223
709	704	PC	170.462066558639
709	817	PC	699.643885151225
711	704	PC	5.4815300215274
713	128	PC	332.43231080637
713	704	PC	206.18541438427
714	617	PC	132.957501504941
714	704	PC	15.9949250604251
716	101	PC	2.85208856863171
716	105	PC	2.5416549608703
716	128	PC	394.480140570085
716	605	PC	2.79472494129669
716	617	PC	2991.83776345791
716	704	PC	433.529318128898
716	709	PC	1.05525235297542
716	714	PC	4.32169175298114
716	4004	PC	.978503553383107
719	128	PC	789.24222370022
719	605	PC	2.75068942718187
719	704	PC	930.03530439026
719	714	PC	1.23660477845858
720	106	PC	1.75866965078101
720	128	PC	1234.8099409311
720	427	PC	.992800975185699
720	605	PC	.821490149676112
720	704	PC	2054.68057828111
720	1275	PC	.677165437113736
722	311	PC	16.3000302269315
722	417	PC	8.97129614946928
722	423	PC	1.85512293216068
722	427	PC	2.66721994308851
722	501	PC	5.06906917441236
722	502	PC	6.23491268782081
722	516	PC	4.1216690082785
722	522	PC	1.66047782828269
722	534	PC	8.18052360780127
722	605	PC	3.77003336255238
722	621	PC	2.39685606449097
722	704	PC	9.75398821328654
722	815	PC	16.7142364310039
722	901	PC	10.4174116530216
722	904	PC	12.2039436124998
722	906	PC	1.86842354146992
722	926	PC	.674145253311743
722	1014	PC	1.73984344203004
722	1032	PC	5.21693645994528
722	1071	PC	8.59632695456539
722	1072	PC	3.82058975758462
722	1101	PC	1.32274205676628
722	1149	PC	5.92946095554917
722	1172	PC	4.784807413558
722	1263	PC	3.37434620486457
722	1271	PC	11.5707254433849
722	1273	PC	5.25942065608404
722	1275	PC	.701256087477872
722	1443	PC	16.3846739677288
722	1504	PC	5.88107440248089
722	1519	PC	2.21667472354841
722	1548	PC	1.3565856284355
722	1566	PC	2.02652586285799
722	1624	PC	6.59070947476933
722	1627	PC	3.54156426949471
722	1630	PC	4.97913439095613
722	1638	PC	2.44125692444065
722	1671	PC	10.4047585107801
722	1702	PC	16.9515995478722
722	1714	PC	22.0091587606602
722	1719	PC	24.2398235422867
722	1721	PC	3.61994498725628
722	1751	PC	5.00396371931494
723	704	PC	16.4985928406122
728	704	PC	586.965852678617
728	817	PC	34.4384512552213
805	237	PC	1.25196352086654
805	704	PC	109.942908904993
805	834	PC	1.16095395124567
806	52	PC	1.41018422193304
806	704	PC	286.63188536345
806	817	PC	25.7038721945333
806	834	PC	5.39158922178503
806	4003	PC	1.25821253765665
807	211	PC	6.76365461695767
807	704	PC	120.839930040061
811	704	PC	306.905343726195
811	834	PC	96.7462476553775
814	704	PC	44.1775111807208
815	704	PC	13.8697547358056
815	834	PC	11.4891898335437
817	704	PC	60.1454957689882
817	817	PC	144.767345457378
817	4002	PC	.58024510393669
819	704	PC	107.783203433856
819	834	PC	101.669032614945
821	704	PC	751.515182952157
821	817	PC	129.160198900308
821	834	PC	24.8469096927252
822	704	PC	147.739348129059
822	834	PC	19.5499054315146
826	704	PC	7.32108281526436
826	834	PC	101.316792495684
827	834	PC	108.104367291727
828	704	PC	.814028653705235
828	834	PC	147.970256141924
829	704	PC	1.44833309357708
829	834	PC	94.5307552495626
830	834	PC	23.15610382558
831	834	PC	46.0723443716766
831	4001	PC	.719256847312164
833	834	PC	168.652669070347
834	834	PC	45.875698936178
834	926	PC	92.2574402665673
901	834	PC	15.7505908255649
901	926	PC	2.01255093786828
904	704	PC	456.099359770002
904	817	PC	96.5615802286706
904	926	PC	151.51737612177
904	4001	PC	.879081928362888
906	231	PC	2.1137556762618
906	817	PC	253.741596819606
906	926	PC	180.002485548823
906	4001	PC	1.85583962654387
911	926	PC	30.1441843027092
912	704	PC	159.775255990601
912	926	PC	10.6246148801164
914	704	PC	310.37072421449
914	926	PC	60.3652637098463
919	817	PC	7.54282848579002
919	926	PC	32.4566178476013
926	926	PC	71.6623390797201
928	926	PC	69.7037476921113
929	817	PC	37.9943530045726
929	926	PC	115.99774692157
935	926	PC	38.3004994544722
937	704	PC	13.0915082975804
937	926	PC	93.7851183397597
938	704	PC	27.5905930156186
938	834	PC	40.7633010301792
938	926	PC	27.8770590943865
940	834	PC	59.8793093654153
940	926	PC	21.723963509285
941	834	PC	2.89597971687014
941	926	PC	17.8164519205927
1002	926	PC	196.697273547825
1003	926	PC	643.803590675148
1003	1119	PC	184.722986653964
1004	235	PC	1.68685729754596
1004	926	PC	189.879395006215
1004	1154	PC	28.9177493772672
1014	926	PC	236.35975315022
1014	1101	PC	118.879162549425
1014	4001	PC	1.22399390443129
1014	4004	PC	1.95839024709006
1017	926	PC	232.169412991039
1018	926	PC	107.807524187216
1021	54	PC	.653621133789557
1021	926	PC	270.749093705713
1026	926	PC	118.117319180216
1027	926	PC	110.120735531764
1029	926	PC	121.849046040074
1032	926	PC	147.809363898635
1032	1119	PC	149.647801563532
1034	926	PC	332.127183066103
1034	1119	PC	83.6921733866018
1034	3001	PC	1.34519344749463
1034	4001	PC	1.0761547579957
1037	926	PC	308.328454932823
1037	1119	PC	91.4959123588904
1046	926	PC	13.6524986755412
1046	1101	PC	68.3136696679775
1046	1119	PC	92.018802992492
1071	704	PC	89.391052423787
1071	834	PC	8.14329548486197
1071	926	PC	7.59935743109979
1075	1832	PC	.970441904299716
1101	60	PC	.779896785201591
1101	926	PC	932.111911844988
1101	1101	PC	298.905381030064
1101	1102	PC	375.540940745188
1101	1119	PC	318.729156587634
1101	4004	PC	1.34519344749463
1102	105	PC	.644873808391574
1102	128	PC	.86172458330069
1102	138	PC	5.36594077018555
1102	219	PC	1.07424782568121
1102	231	PC	.923417608286988
1102	236	PC	.659039466633623
1102	237	PC	.5569660232862
1102	302	PC	.567824982118962
1102	305	PC	.969053724215021
1102	306	PC	.837261858615362
1102	403	PC	45.6463813052339
1102	417	PC	.628176547722754
1102	427	PC	3.46933263697694
1102	534	PC	4.07922193612269
1102	616	PC	.662337322029316
1102	706	PC	.963968547350493
1102	716	PC	12.1920673228903
1102	728	PC	.644382949107057
1102	822	PC	13.7729280453014
1102	833	PC	2.01943581083606
1102	904	PC	.739400229537333
1102	906	PC	1.35666231914363
1102	926	PC	1740.0077852322
1102	929	PC	.541587531203475
1102	940	PC	5.17100586233019
1102	1101	PC	963.705531747623
1102	1102	PC	414.072005104535
1102	1106	PC	1.02079300495614
1102	1114	PC	.759458626912974
1102	1119	PC	2223.89188211806
1102	1124	PC	.806383297843616
1102	1130	PC	.970668408246087
1102	1146	PC	.590774021220222
1102	1149	PC	.908951936933516
1102	1173	PC	1.27824971862334
1102	1175	PC	.626199689069397
1102	1216	PC	.967440325330641
1102	1219	PC	.632883130256793
1102	1272	PC	.53663182472163
1102	1612	PC	.523067939939641
1102	1671	PC	.534169812266705
1102	1719	PC	1.26053801980879
1102	1837	PC	.616207440665932
1102	4001	PC	2.78619366702386
1106	926	PC	29.767380093891
1106	1102	PC	54.2486858751486
1106	1119	PC	23.5120231448723
1106	4001	PC	.780220513265819
1111	926	PC	15.3904276280346
1111	1119	PC	251.577691237135
1111	1154	PC	66.4251214237943
1112	1101	PC	239.215777576241
1112	1119	PC	739.307081475643
1114	926	PC	2154.61498148008
1114	1101	PC	705.384644377505
1114	1119	PC	770.275388454345
1119	926	PC	8140.26525299594
1119	1101	PC	2446.90973825509
1119	1102	PC	364.47472511269
1119	1119	PC	4054.22785186972
1119	4001	PC	5.69550046050826
1120	52	PC	1.66937082463173
1120	926	PC	5453.88646600172
1120	1119	PC	4327.46072546523
1120	1172	PC	61.6974131358081
1120	1275	PC	7.35588442365058
1120	1677	PC	1.62033842465748
1120	4001	PC	.883784554216799
1121	231	PC	1.01285352146123
1121	926	PC	4548.46141931605
1121	1102	PC	1384.05901680335
1121	1119	PC	1006.49422617383
1121	1149	PC	12.8089957004825
1121	4004	PC	.981982838018665
1121	5820	PC	.687387986613066
1122	926	PC	1482.7084703908
1122	1102	PC	322.348232074905
1122	1119	PC	1394.26314101202
1124	52	PC	1.46641771948624
1124	926	PC	1432.15122252336
1124	1102	PC	503.520871686479
1124	1119	PC	1543.16619443027
1124	1171	PC	54.4826544990478
1127	926	PC	521.759246341301
1127	1102	PC	221.303981446147
1127	1119	PC	931.233865617997
1127	4001	PC	.879850631691745
1129	1102	PC	93.1462229722878
1129	1171	PC	125.853299484353
1130	926	PC	502.305825498084
1130	1102	PC	200.349813669595
1130	1119	PC	169.138173083254
1130	1171	PC	165.927253547392
1133	926	PC	1137.47591760597
1133	1102	PC	263.366255855124
1133	1119	PC	643.68998422593
1133	1154	PC	247.147625452809
1134	1102	PC	390.341119055667
1134	1119	PC	312.060353879997
1134	1154	PC	217.859740695282
1135	1119	PC	170.713755596621
1135	1154	PC	26.6586878808651
1135	1171	PC	62.9701942215638
1141	1102	PC	201.21067475398
1141	1119	PC	2187.00290764454
1141	1154	PC	396.596118494184
1141	1171	PC	245.017256882625
1142	1102	PC	245.720969854743
1142	1119	PC	808.734418534521
1142	1142	PC	1166.57259215858
1142	1171	PC	320.729959598227
1144	1102	PC	15.6385447898771
1144	1154	PC	6.39704126753731
1144	1171	PC	33.8381723877243
1145	1102	PC	69.1327793445715
1145	1119	PC	307.879056192008
1145	1154	PC	69.963696045909
1146	1102	PC	411.54175491492
1146	1119	PC	946.610519377407
1146	1154	PC	229.423608617114
1149	1119	PC	325.783324587121
1149	1154	PC	520.285782681519
1151	1154	PC	5.38470185673103
1154	1119	PC	3831.40584846388
1154	1154	PC	1042.24876758071
1154	1235	PC	342.989765240144
1171	926	PC	413.099264385018
1171	1102	PC	105.413917560254
1171	1119	PC	156.259953187961
1171	1154	PC	17.7639451788605
1173	51	PC	.928731222341286
1173	5605	PC	.977611812990827
1175	52	PC	.635447678444038
1175	1002	PC	5.09171633681351
1175	1072	PC	3.9761541006213
1175	1074	PC	15.8664453231192
1175	1102	PC	2.03138571411273
1211	1119	PC	791.336239628877
1211	1154	PC	139.984350622557
1211	1235	PC	245.675920023607
1216	1102	PC	477.52465316116
1216	1119	PC	141.222938226919
1216	1154	PC	243.51628207291
1219	1102	PC	120.947212859184
1219	1154	PC	127.186285780016
1221	1154	PC	72.1104756990097
1221	1171	PC	21.3710111717439
1222	1102	PC	104.660297342688
1222	1154	PC	102.384518740332
1223	1154	PC	58.6063107272245
1223	1235	PC	39.7152055463382
1224	1154	PC	445.61564322742
1224	1171	PC	31.7939442870221
1224	1235	PC	165.032979390169
1227	1235	PC	76.5314371868391
1228	1171	PC	112.940515708278
1228	1235	PC	75.8990747914385
1231	1119	PC	219.577836491341
1231	1235	PC	99.0631211829817
1232	1235	PC	32.2597987384766
1233	1119	PC	87.5283298936012
1233	1235	PC	76.8807056841209
1234	1154	PC	18.093114618284
1234	1235	PC	66.0353948793213
1235	1171	PC	202.98316501613
1235	1235	PC	875.286164733434
1238	1171	PC	6.50598589104248
1238	1235	PC	304.983886999046
1241	1171	PC	12.198293507764
1241	1235	PC	135.666320272035
1242	1235	PC	16.5227911773521
1243	1235	PC	61.0051033622431
1244	1235	PC	33.44571618925
1245	1235	PC	24.5815462052697
1246	1235	PC	37.8482494327962
1246	1271	PC	.614771007663665
1247	1235	PC	53.1744544200992
1251	1154	PC	4.23003573224106
1251	1235	PC	95.1278232431181
1252	1235	PC	11.681271112956
1253	1154	PC	52.4655900439919
1253	1235	PC	259.488281707082
1256	1235	PC	74.0701819409134
1259	1154	PC	10.8211723284123
1259	1235	PC	24.4192712107585
1260	1154	PC	20.2130818342093
1260	1235	PC	246.986695596831
1260	1260	PC	53.3664590793752
1263	52	PC	.684471225148788
1263	1154	PC	31.611875425559
1263	1235	PC	388.170907501926
1264	1235	PC	45.9137997825485
1265	1432	PC	4.45388725659011
1266	1235	PC	31.1693511020844
1266	1432	PC	51.3067739682707
1266	1648	PC	232.889863057186
1271	105	PC	.729986367877584
1271	1102	PC	27.0599591015089
1271	1154	PC	169.490005153893
1274	4001	PC	1.857850468261
1274	5102	PC	.586689621556104
1275	4001	PC	.73336202694513
1275	5800	PC	.977816035926841
1277	215	PC	1.33841644003206
1401	1154	PC	89.4907806544322
1401	1432	PC	204.599681261803
1411	1154	PC	40.4992835888908
1411	1432	PC	244.588976662325
1412	1432	PC	24.5193223310283
1413	1235	PC	24.6889674207263
1413	1432	PC	130.61250512421
1416	52	PC	.72928074714286
1416	1235	PC	29.030591218519
1416	1417	PC	30.8382886131283
1416	1432	PC	66.8606609222155
1417	1417	PC	168.087163166576
1417	1432	PC	162.468134098704
1418	1417	PC	46.0688752658016
1419	1235	PC	12.3698236083939
1419	1417	PC	48.900238897626
1420	1235	PC	170.510817093604
1420	1417	PC	132.34509406889
1421	1235	PC	82.5790819453299
1421	1417	PC	10.8912970921689
1422	1235	PC	218.106737310299
1424	1417	PC	21.4793937666339
1426	1235	PC	212.182324649442
1426	1432	PC	244.215693385943
1428	1235	PC	210.786143782778
1428	1417	PC	253.541985449382
1428	1432	PC	68.6620367693287
1429	1235	PC	68.9383325042925
1429	1432	PC	186.933223445342
1430	1235	PC	45.5307911733462
1430	1432	PC	334.54539502158
1431	1235	PC	108.018617019825
1431	1432	PC	414.479500992409
1432	1235	PC	240.270899477053
1432	1432	PC	397.557431485712
1433	1432	PC	263.248117108822
1438	1432	PC	34.6804113712814
1438	1441	PC	53.817352254301
1439	1432	PC	12.8893003907848
1439	1441	PC	15.8799241314335
1441	1441	PC	70.6622001991169
1441	1449	PC	37.7958342943699
1443	1441	PC	235.084917202742
1443	1449	PC	89.2707833662404
1444	1235	PC	247.324300527396
1444	1449	PC	179.316238162206
1445	1235	PC	325.893288984682
1445	1449	PC	677.122855927585
1449	1235	PC	251.973421227305
1449	1449	PC	404.973602187826
1449	1557	PC	183.792032283659
1502	1432	PC	46.9271838510843
1502	1449	PC	134.546669192247
1502	1525	PC	14.4033066590469
1503	1441	PC	9.3909608371882
1503	1525	PC	35.667401136344
1504	106	PC	.858542535813847
1504	231	PC	.70753442313572
1504	306	PC	1.84036945600106
1504	309	PC	2.56992310984622
1504	417	PC	1.90960318788517
1504	533	PC	.79425804809762
1504	605	PC	1.02943268777023
1504	624	PC	.586737130366439
1504	706	PC	3.84417386876223
1504	716	PC	6.4359313707859
1504	822	PC	1.14848145852633
1504	1014	PC	.682941123918224
1504	1074	PC	1.85534632510187
1504	1102	PC	5.48481294082142
1504	1247	PC	14.4167237448243
1504	1443	PC	.737861939520134
1504	1503	PC	.569205952238504
1504	1511	PC	.598285152875214
1504	1557	PC	24.750010290996
1504	1671	PC	1.83083330062536
1504	1804	PC	.993916479743585
1504	1833	PC	1.57402473241694
1504	1931	PC	1.69235949125684
1504	1941	PC	2.23810108615539
1504	1972	PC	2.19332889631908
1504	2004	PC	2.08349410146621
1504	4005	PC	.975968220602782
1511	1432	PC	139.431625840244
1511	1441	PC	44.240151087216
1511	1503	PC	244.104294404082
1514	1432	PC	35.8285461821245
1514	1441	PC	46.9667404295721
1515	1441	PC	25.7272055287344
1515	1525	PC	25.1978516761049
1516	1432	PC	26.5591212586878
1516	1441	PC	28.6497174585653
1516	1525	PC	7.11822552215012
1517	1449	PC	5.74084820149178
1517	1525	PC	79.1372725637834
1519	1432	PC	167.877350838543
1519	1525	PC	173.848780133191
1520	1235	PC	287.021561886849
1520	1449	PC	295.686795363553
1520	1525	PC	67.4432118509166
1523	1525	PC	51.9028558699412
1524	1235	PC	219.599400736838
1524	1525	PC	129.868117298455
1525	1432	PC	112.885581622302
1525	1525	PC	305.053144097262
1526	1525	PC	57.1297699878906
1528	1235	PC	.569474893873895
1528	1271	PC	2.67036629057069
1528	1525	PC	115.481431367423
1529	1525	PC	68.8368854991065
1531	1525	PC	6.77359365115384
1532	1235	PC	174.044361913898
1532	1525	PC	104.568222201681
1534	1525	PC	213.088048626139
1534	1557	PC	16.8142245119985
1535	1432	PC	223.782877817258
1535	1525	PC	237.251406030854
1539	1432	PC	167.047681430066
1539	1557	PC	400.800616751531
1543	1525	PC	199.647322086371
1543	1557	PC	71.2264921008452
1545	301	PC	.610847873415708
1545	1557	PC	51.6218165912442
1546	1557	PC	37.0547140028128
1547	1432	PC	153.480775261987
1547	1557	PC	88.0699862193372
1548	1432	PC	198.144712934426
1548	1557	PC	917.579759265695
1551	1557	PC	266.373513470938
1554	1557	PC	249.030055575087
1557	1432	PC	85.3213349082285
1557	1503	PC	268.158576011722
1557	1557	PC	31.2393265179256
1560	1432	PC	113.245208984742
1560	1557	PC	233.386479294606
1563	1441	PC	44.3794658080273
1563	1557	PC	246.662484901218
1566	1449	PC	336.104846417846
1566	1557	PC	433.774349474751
1566	1648	PC	134.218525344691
1566	1663	PC	76.3170254963655
1567	1449	PC	77.1850095744661
1567	1503	PC	244.891582422666
1567	1557	PC	46.7291130434904
1569	1503	PC	155.168306470081
1569	1663	PC	19.639231985001
1571	1557	PC	27.4110799417707
1571	1653	PC	129.255022853662
1573	1557	PC	181.246514885895
1612	1449	PC	76.1226242558217
1612	1617	PC	18.2890593051902
1612	1653	PC	310.25327109713
1613	1525	PC	12.4571083263315
1613	1617	PC	10.713462752304
1613	1653	PC	152.487336960452
1617	1617	PC	96.7861783522355
1617	1620	PC	25.3802714644823
1620	1617	PC	21.4606386704203
1620	1663	PC	40.4106664368895
1621	1525	PC	118.175784846664
1621	1617	PC	556.2623567214
1621	1648	PC	156.45168563525
1621	1663	PC	3.68828762162095
1622	1441	PC	17.410425075263
1622	1648	PC	127.272224947573
1622	1653	PC	174.864497446913
1622	1663	PC	13.7041191138038
1624	1441	PC	241.911019899579
1624	1648	PC	1552.10878623632
1624	1653	PC	548.103565724624
1624	1663	PC	36.7815059910445
1627	1525	PC	460.855599433559
1627	1648	PC	28.3969945631677
1627	1653	PC	314.00221897031
1627	1663	PC	27.1189804922722
1630	1449	PC	99.1745115186864
1630	1648	PC	240.912237690184
1630	1653	PC	389.753539876177
1630	1729	PC	31.7614645931639
1632	1653	PC	125.594849662734
1632	1729	PC	19.9524375443476
1633	1663	PC	32.4437544470901
1633	1702	PC	107.463579710074
1634	1663	PC	580.775345371901
1634	1702	PC	543.17460522953
1635	1525	PC	1.48747164907604
1635	1648	PC	608.335987971328
1635	1653	PC	248.340509574663
1635	1663	PC	204.070983197056
1636	1648	PC	482.062207173091
1636	1653	PC	369.644678647258
1636	1663	PC	22.8437318166942
1638	1525	PC	300.68792061365
1638	1640	PC	19.4451123705664
1638	1648	PC	899.943196956999
1638	1653	PC	297.64593818206
1640	1525	PC	9.22813956115137
1640	1640	PC	35.0896821507466
1640	1653	PC	214.695870109551
1644	1640	PC	66.4334814640816
1644	1648	PC	521.089563166255
1644	1663	PC	78.9994141960079
1648	1525	PC	245.417758067764
1648	1640	PC	571.025064353461
1648	1648	PC	4130.52050212827
1648	1663	PC	181.923922164177
1648	3001	PC	.732969703524712
1653	1525	PC	4.03498302647328
1653	1648	PC	3354.13705715383
1653	1653	PC	343.301784219935
1653	1663	PC	67.3092100573597
1657	1525	PC	139.054617618829
1657	1648	PC	305.228275162753
1657	1653	PC	95.4115656775022
1657	1663	PC	10.63003855147
1662	1653	PC	36.9779560677319
1662	1663	PC	9.75122040747814
1663	1525	PC	171.392205647835
1663	1653	PC	62.150506749969
1663	1663	PC	23.0043679071037
1664	1525	PC	223.308850050805
1664	1648	PC	144.278709493428
1664	1663	PC	325.22348933169
1665	1663	PC	58.8274337121756
1665	1729	PC	6.80082664186492
1671	1449	PC	352.058114170356
1671	1503	PC	186.137578056774
1671	1557	PC	9.69645880340727
1671	1648	PC	569.805969272691
1675	1275	PC	.612011531957053
1675	1401	PC	.8002944109588
1675	1432	PC	.75820407134896
1675	1503	PC	1.11547330222724
1675	1504	PC	1.7252524980266
1675	1805	PC	1.04247970232291
1675	1866	PC	1.50124488421534
1675	1870	PC	1.20913682597893
1676	237	PC	.575002007482865
1676	306	PC	.663686520599016
1676	616	PC	.561555806402577
1676	619	PC	.616907086680227
1676	906	PC	1.07228816394877
1676	1002	PC	.866297699280883
1676	1504	PC	1.27953351516143
1676	1866	PC	.777817679570033
1677	215	PC	1.84171790412649
1677	5404	PC	.587151433653919
1702	1525	PC	1763.14817485584
1702	1648	PC	4636.98707731686
1702	1663	PC	1422.40594724139
1702	1750	PC	87.5872388187165
1703	1525	PC	28.8475746837061
1703	1648	PC	131.441837297039
1703	1663	PC	26.84498013419
1703	1702	PC	187.735229127445
1711	1663	PC	55.3906316692795
1711	1702	PC	66.4134819253058
1714	1525	PC	752.795916348439
1714	1648	PC	841.444956479443
1714	1663	PC	493.697101865243
1714	1719	PC	53.5738507519816
1717	1648	PC	318.333100444221
1717	1653	PC	2093.79472603219
1717	1663	PC	107.074492441515
1717	1729	PC	4.19170695546958
1718	1719	PC	270.242457030885
1719	62	PC	.937469212586058
1719	1648	PC	4971.78492802947
1719	1653	PC	5319.59292378743
1719	1719	PC	105.069330370983
1721	1648	PC	1825.48503289983
1721	1653	PC	3482.95771546507
1721	1719	PC	571.516783230166
1721	1729	PC	164.913990684777
1721	4001	PC	.681532055920191
1724	1653	PC	14.4693519838303
1724	1719	PC	67.8247369570699
1724	1729	PC	67.3725262246951
1725	1648	PC	880.847461451883
1725	1653	PC	90.9883806258205
1725	1702	PC	339.510117822039
1725	1729	PC	31.2695678489586
1729	1648	PC	423.176488703992
1729	1653	PC	1797.40431757087
1729	1702	PC	547.913579863956
1729	1851	PC	65.4694882890292
1736	1648	PC	264.937811566673
1736	1653	PC	531.173677787562
1736	1702	PC	360.424688515838
1736	1729	PC	41.2413834355006
1738	1702	PC	121.598514406355
1738	1729	PC	18.4866718331882
1739	1702	PC	18.6280576406417
1739	1832	PC	4.08974598645902
1740	1702	PC	67.6464926851034
1740	1729	PC	13.7349089912328
1742	1648	PC	267.165202030793
1742	1653	PC	213.906355784007
1742	1702	PC	169.812287978218
1742	1750	PC	29.2413394584992
1743	1648	PC	486.288958537612
1743	1653	PC	152.500898807145
1743	1702	PC	187.728159167613
1743	1729	PC	24.1033971794314
1744	1648	PC	1036.93518545701
1744	1653	PC	856.053414281939
1744	1702	PC	553.510738628996
1744	1750	PC	46.5281089574347
1748	1653	PC	80.2848363565485
1748	1702	PC	129.454160527878
1748	1729	PC	4.53936728834748
1749	1702	PC	95.4736092063162
1749	1750	PC	25.6692487723751
1750	106	PC	3.42275090144837
1750	136	PC	3.83252764511286
1750	211	PC	3.40732372383839
1750	501	PC	3.61868192134709
1750	1071	PC	1.01287809134709
1750	1074	PC	3.01197958742687
1750	1106	PC	3.45869582953464
1750	1277	PC	7.80517357524036
1750	1673	PC	3.19315761579498
1750	1677	PC	2.79731163036585
1750	1702	PC	213.329084651024
1750	1750	PC	18.3445272283521
1750	1804	PC	15.5370000682465
1750	1820	PC	147.923759324073
1750	1833	PC	2.31796922048621
1750	1931	PC	23.2126998789375
1751	1653	PC	221.616950521971
1751	1702	PC	563.225395823171
1751	1750	PC	28.8028219911629
1755	1702	PC	183.010214402167
1755	1729	PC	6.55714242417976
1804	61	PC	.740262524397328
1804	1271	PC	2.10933174371634
1804	1653	PC	17.8124708896605
1804	1702	PC	196.553235606293
1804	1804	PC	1.59996475590947
1804	1924	PC	70.5611956529163
1805	1653	PC	.733233151201146
1805	1750	PC	6.04932188548362
1805	1851	PC	44.520155083675
1811	1653	PC	206.734728209079
1811	1750	PC	33.939912944357
1811	1924	PC	114.60177329142
1812	1653	PC	378.834190170073
1812	1702	PC	521.011406142233
1812	1750	PC	23.0614975700955
1813	1653	PC	370.02153171362
1813	1702	PC	471.95350139964
1813	1750	PC	51.4915173738838
1815	1653	PC	807.903766260145
1815	1832	PC	268.058215583482
1816	1653	PC	318.376891688495
1816	1832	PC	121.054562719333
1818	1832	PC	84.9731247315314
1820	1653	PC	216.225554223226
1820	1820	PC	1.86681367177701
1820	1827	PC	.822270054220492
1820	1832	PC	433.650581984889
1822	1653	PC	357.912594453394
1822	1832	PC	273.610090528836
1824	1653	PC	430.033139098489
1824	1832	PC	349.07820028787
1825	1653	PC	244.903550619547
1825	1832	PC	112.056049625534
1826	1719	PC	3.61924553917465
1826	1832	PC	316.227564084956
1827	1702	PC	29.0670325898362
1827	1832	PC	230.362096986928
1828	1702	PC	616.69938498448
1828	1832	PC	136.047321362096
1832	1719	PC	874.287254555945
1832	1832	PC	358.638789068072
1833	1719	PC	365.092455646154
1833	1832	PC	374.083755530454
1834	1719	PC	100.918503517312
1834	1832	PC	114.754462219275
1835	1832	PC	2.53268384908883
1836	1832	PC	66.7757650191476
1836	1851	PC	36.1982365761788
1837	1719	PC	230.236035724948
1837	1832	PC	161.270504308272
1837	1851	PC	68.5594060392865
1838	1702	PC	42.1285577342612
1838	1832	PC	14.9459629819212
1838	1851	PC	59.7391802656215
1839	1702	PC	30.4715344612786
1839	1832	PC	35.3604409561736
1839	1851	PC	42.4617244720582
1840	1702	PC	84.4936881773811
1840	1832	PC	29.9286847518152
1840	1851	PC	47.2452738217054
1841	1702	PC	69.8190054820554
1841	1832	PC	97.3134173915668
1841	1851	PC	52.395313366515
1845	1851	PC	23.6248955132182
1848	1702	PC	281.42039840438
1848	1851	PC	263.943766877817
1849	1851	PC	44.5934189537335
1849	1924	PC	37.0245382312572
1850	1851	PC	14.0105217283018
1851	1851	PC	8.17090129551666
1851	1924	PC	37.2133991586878
1852	1851	PC	34.1410695807183
1853	1851	PC	29.059639650284
1853	1924	PC	23.0970783724923
1854	1851	PC	102.896239475455
1854	1860	PC	20.3638775166414
1856	1860	PC	9.68673607342456
1859	1860	PC	58.2700809657853
1859	1924	PC	8.51278307922407
1860	1702	PC	307.319978829684
1860	1860	PC	510.524031071485
1865	1851	PC	44.5327593122417
1865	1860	PC	34.1546730464618
1866	1702	PC	37.7654055497938
1866	1851	PC	153.095286294082
1866	1860	PC	171.478044547383
1867	1851	PC	117.753427082522
1868	1851	PC	51.1085498162173
1870	1154	PC	1.10711313026312
1870	1702	PC	63.4249623092353
1870	1851	PC	291.764462837593
1871	1833	PC	311.666512327707
1871	1851	PC	213.418107090183
1911	1702	PC	458.817773684234
1911	1851	PC	104.40982938011
1911	1924	PC	96.2186853808711
1911	1971	PC	121.663553074769
1911	1972	PC	16.5706631428001
1913	1851	PC	68.581828081788
1917	1851	PC	38.003553917887
1917	1931	PC	34.2183497887
1919	1851	PC	17.8433534695374
1919	1924	PC	31.5988039483141
1920	1832	PC	6.24283504101416
1920	1924	PC	29.2508604104767
1920	1931	PC	1.19570621737006
1922	1924	PC	160.310874384999
1923	1924	PC	85.4389991032024
1924	1832	PC	8.25732113067623
1924	1924	PC	206.31658203007
1925	1924	PC	7.09364674369312
1925	1931	PC	36.0459539688328
1926	1924	PC	22.5022221132237
1926	1931	PC	33.9014415151441
1927	1931	PC	46.2084782803751
1928	1931	PC	7.39967614011744
1931	1832	PC	38.2701743785811
1931	1931	PC	87.1276421150155
1933	1832	PC	73.8456583080259
1933	1924	PC	183.479752248831
1933	1931	PC	187.415142899942
1936	1515	PC	.851903583422987
1936	1924	PC	32.6623501389263
1936	1931	PC	1.77156083664767
1938	1832	PC	14.7293841250965
1938	1924	PC	68.6203965840483
1938	1942	PC	130.572282405825
1939	1924	PC	23.4201313812941
1940	1832	PC	25.5869262945613
1940	1924	PC	47.502993116796
1940	1942	PC	55.4574944189711
1941	1924	PC	1.89491432252037
1941	1942	PC	12.5555489809907
1942	1924	PC	68.3882500635709
1942	1942	PC	81.2486350239455
1943	1832	PC	94.4473915625207
1943	1924	PC	12.486686340697
1943	1942	PC	6.23704452832501
1971	1851	PC	46.2247932358215
1971	1924	PC	155.436570407969
2002	2027	PC	17.1242853163613
2003	1924	PC	15.2828745580897
2003	2027	PC	30.906541187258
2004	1942	PC	11.0931599008609
2011	51	PC	6.18874030051397
2011	1924	PC	10.097194096069
2011	3001	PC	43.5434564719081
2012	1832	PC	.72752272828428
2012	1924	PC	176.724889826056
2012	1942	PC	42.8784595617569
2017	1942	PC	2.90433480365522
2020	1924	PC	52.1917996995485
2020	1942	PC	29.4624720950593
2021	1924	PC	22.5430758158446
2021	2027	PC	1.18887029024077
2021	3001	PC	19.1004264927305
2022	1924	PC	11.9450032272464
2022	2027	PC	1.56388079943597
2023	2027	PC	3.4827591626316
2024	2027	PC	1.94622133107612
2025	1833	PC	54.9117229623248
2025	1924	PC	140.431684105818
2025	2027	PC	41.4552142798666
2027	1924	PC	7.45262731267948
2027	2027	PC	40.8689613792365
2028	51	PC	.562672383164027
2030	1924	PC	56.19552820393
2030	2027	PC	10.0723676144422
4001	101	PC	1.03316800728844
4001	106	PC	2.57595106476717
4001	124	PC	1.00115998540154
4001	211	PC	1.19393780137748
4001	213	PC	2.13880084983985
4001	219	PC	9.11264573841332
4001	221	PC	.963817447927419
4001	226	PC	.934052745953816
4001	230	PC	.925211986605901
4001	231	PC	1.34277242648201
4001	235	PC	1.27953724741869
4001	236	PC	1.81303374506572
4001	302	PC	5.65012377116169
4001	303	PC	1.60228981661434
4001	304	PC	5.77058867420722
4001	305	PC	1.18759205303285
4001	308	PC	1.2259702522332
4001	309	PC	1.27927330667812
4001	412	PC	1.10416461429329
4001	417	PC	1.17749833873361
4001	502	PC	.571179782760605
4001	528	PC	1.33894746095652
4001	605	PC	.783138195389717
4001	623	PC	1.48079285800009
4001	624	PC	1.62561038143464
4001	625	PC	.626889239995497
4001	626	PC	1.05335584705003
4001	627	PC	2.74420376178567
4001	701	PC	.957434140680309
4001	702	PC	.935069119755821
4001	706	PC	2.64861920583873
4001	709	PC	1.45222489139114
4001	716	PC	1.18839845217259
4001	720	PC	2.85160620698048
4001	805	PC	1.57380070255148
4001	806	PC	4.3901305040652
4001	807	PC	.916398074975614
4001	814	PC	1.76708714988814
4001	815	PC	.978544818107732
4001	830	PC	3.85596213347101
4001	904	PC	3.30689171995255
4001	906	PC	.720994886307135
4001	937	PC	1.06522201966429
4001	1014	PC	2.52925492277716
4001	1017	PC	1.04200663403943
4001	1018	PC	.604021432182242
4001	1102	PC	13.2459629952405
4001	1106	PC	.912412449290004
4001	1119	PC	2.84369071731337
4001	1120	PC	1.67523275956203
4001	1121	PC	1.47829333363963
4001	1122	PC	.899164480806515
4001	1124	PC	2.04630976311449
4001	1149	PC	2.55221773721475
4001	1173	PC	4.0012704431836
4001	1174	PC	1.67257406966411
4001	1221	PC	.913322722739351
4001	1243	PC	1.28112253647573
4001	1247	PC	1.01723622702574
4001	1272	PC	1.06369145201315
4001	1274	PC	3.93565837244865
4001	1275	PC	1.06581883491717
4001	1276	PC	.983914593112162
4001	1277	PC	1.48916803281841
4001	1504	PC	.685399887694818
4001	1529	PC	1.43190380587292
4001	1663	PC	1.0436773322585
4001	1678	PC	.87185530270031
4001	1833	PC	1.74316460934106
4001	1922	PC	1.52734917922416
4001	2002	PC	.706419035861743
4001	2030	PC	1.10856662428133
4002	604	PC	1.01372657095652
4002	704	PC	1.07710415700242
4002	706	PC	1.05944768233549
4002	1074	PC	1.05157419805782
4002	1102	PC	1.44640419572082
4002	1124	PC	1.02315488155725
4003	105	PC	1.60911451770866
4003	216	PC	.867954803077315
4003	219	PC	.953648972624649
4003	235	PC	.692890206183405
4003	304	PC	3.56490828127636
4003	604	PC	3.54804299834782
4003	626	PC	3.12877974371296
4003	701	PC	.744670998306907
4003	704	PC	1.07710415700242
4003	706	PC	1.05944768233549
4003	806	PC	.816768465872596
4003	1102	PC	3.0994375622589
4003	1274	PC	2.07419833142564
4003	1276	PC	1.06369145201315
4003	1420	PC	1.01533706960397
4003	1653	PC	1.37452041841264
4003	1719	PC	2.08675324332258
4004	211	PC	.964581706678392
4004	219	PC	1.0500734798567
4004	236	PC	1.13884029212671
4004	304	PC	3.67791075669959
4004	626	PC	1.04292658123765
4004	627	PC	.737689183275719
4004	706	PC	1.48322675526969
4004	806	PC	1.02096058234074
4004	904	PC	1.2400843949822
4004	1102	PC	1.0331458540863
4004	1119	PC	1.16718648844952
4004	1120	PC	1.32534237307122
4004	1273	PC	1.06369145201315
4004	1275	PC	4.14839666285128
4005	219	PC	1.05960996958294
4005	309	PC	1.59909163334765
4005	604	PC	.912353913860868
4005	626	PC	4.17170632495062
4005	815	PC	.587126890864639
4005	1102	PC	1.0331458540863
4005	1120	PC	1.06027389845698
4005	1127	PC	1.07201710206605
4005	1130	PC	1.06296546247367
4005	1172	PC	2.68902583547285
4005	1273	PC	1.59553717801972
4005	1274	PC	1.59553717801972
4005	1275	PC	1.59553717801972
4005	1504	PC	1.59148580734091
5101	214	PC	.62599826898665
5101	301	PC	2.23979434777561
5101	626	PC	1.04292658123765
5101	706	PC	2.96645351053937
5101	904	PC	1.39612834801747
5101	1102	PC	.728367827130842
5101	1119	PC	.848862900690559
5101	1714	PC	1.02842696722729
5102	310	PC	1.27927330667812
5102	706	PC	2.54267443760518
5106	219	PC	.847687975666355
5106	220	PC	1.56352345334507
5106	233	PC	.729569371414195
5201	211	PC	1.28610894223786
5201	219	PC	2.06623944068674
5201	220	PC	1.56352345334507
5201	302	PC	1.06606108889843
5201	304	PC	.618315431561091
5302	111	PC	.695965166343325
5302	220	PC	1.4592885564554
5302	229	PC	1.05211882666712
5302	234	PC	1.12040455161596
5302	238	PC	1.78435023417631
5302	311	PC	1.58843102245866
5302	626	PC	13.3744904777917
5302	1172	PC	1.07561033418914
5402	626	PC	2.60731645309414
5402	1174	PC	1.07561033418914
5403	106	PC	1.6032890444609
5403	125	PC	6.0594825006452
5403	226	PC	.622701830635877
5403	237	PC	1.08323088405697
5403	302	PC	1.06606108889843
5403	305	PC	5.27487026786945
5403	436	PC	12.3033094743593
5403	542	PC	1.00902329281947
5403	626	PC	4.49709941829676
5403	1146	PC	.759152202294643
5403	1277	PC	1.06369145201315
5403	1671	PC	.653891477025232
5403	1674	PC	1.63472869256308
5404	125	PC	2.3573905640607
5404	624	PC	3.23611887478695
5404	1102	PC	1.0331458540863
5404	1235	PC	1.61285072626083
5404	1719	PC	1.07538954521854
5501	124	PC	1.57911669621693
5501	403	PC	1.45698639429609
5501	626	PC	3.65024303433179
5501	706	PC	3.17834304700647
5605	104	PC	1.03845594167906
5605	106	PC	1.77430654253672
5605	122	PC	.613259505735928
5605	219	PC	2.65750180371402
5605	307	PC	2.66515272224608
5605	403	PC	5.98355641373685
5605	604	PC	1.01372657095652
5605	706	PC	1.05944768233549
5605	1525	PC	1.02835072475233
5700	302	PC	.603390576316513
5700	627	PC	1.07491852420176
5700	1677	PC	1.08981912837539
5700	1804	PC	1.34545383152057
5710	138	PC	1.0562543184639
5800	716	PC	2.16072445849561
5800	1275	PC	1.59553717801972
5840	1172	PC	3.20531879588364
5850	220	PC	1.71987579867958
5850	306	PC	1.11936414334335
5850	412	PC	1.49500044488453
5850	602	PC	1.0951382586124
5850	626	PC	.730048606866358
5850	904	PC	.72338256373962
5850	1014	PC	.708191378377606
5850	1121	PC	.633554285845558
5850	1535	PC	1.73960617816577
5850	1971	PC	1.1243348158912
6030	233	PC	.716541346924656
6030	302	PC	1.60122375552545
6030	304	PC	.890161009230191
6030	426	PC	.831015978704474
6030	432	PC	.837038700770922
6030	1002	PC	.754008803257546
6030	1102	PC	1.54971878112945
