50	602	PC	4.77870463118057
50	625	PC	4.87418285970973
52	220	PC	2.90115070579662
58	104	PC	197.518580350087
58	220	PC	69.7715708279277
58	230	PC	16.4087323250177
58	231	PC	3.2297352775318
58	301	PC	20.7350092476594
58	626	PC	25.3459480912461
58	1106	PC	1.52682582780392
58	1146	PC	1.2764965865642
58	1271	PC	18.6441174085012
58	1416	PC	1.17518064969176
58	1439	PC	1.8704901534906
58	1504	PC	14.9321107005758
58	1531	PC	3.73835299427156
62	220	PC	4.22936525320731
62	301	PC	15.0249605305881
62	926	PC	3.1980665147357
62	1102	PC	1.86204291945283
62	1271	PC	1.70287671912188
62	1277	PC	2.26790891433022
62	1416	PC	1.82046166097706
104	211	PC	5966.60951457324
104	230	PC	2191.6012623825
104	235	PC	705.271510116874
104	309	PC	3555.26805137425
104	412	PC	2018.15087752126
104	542	PC	503.395197372404
104	626	PC	459.854118944462
104	709	PC	1247.91706505436
104	926	PC	1258.96870923439
104	1122	PC	1909.21967067159
104	1172	PC	1311.41673288834
104	1274	PC	517.478831176985
104	1275	PC	621.724050298326
104	1276	PC	2829.7584904745
104	1401	PC	1.82059713940433
104	1502	PC	458.721642595054
104	1531	PC	728.363909813528
104	1677	PC	3539.55060061351
104	1805	PC	225.71438457195
104	1870	PC	160.214064050104
104	1971	PC	610.466587347059
104	1973	PC	1067.26689733292
104	4001	PC	1.71528717168135
104	6010	PC	1.00148421014022
104	6020	PC	128.442313645014
105	1124	PC	436.656423882916
105	1503	PC	869.624718566198
106	104	PC	3778.74052950164
106	105	PC	454.136129515235
106	231	PC	13.2501412126191
106	301	PC	2786.19589914546
106	305	PC	17.3901986679979
106	602	PC	1133.20844203807
106	701	PC	1194.07959129799
106	702	PC	695.518693984962
106	706	PC	250.052867539591
106	805	PC	1740.84298831431
106	906	PC	962.624455067412
106	1002	PC	738.468135205205
106	1071	PC	1156.9692383058
106	1106	PC	1435.95131388281
106	1124	PC	2868.28083315552
106	1159	PC	1072.0261385306
106	1251	PC	1682.17775518508
106	1263	PC	1086.86350575524
106	1271	PC	840.161027650353
106	1401	PC	992.215042814242
106	1439	PC	867.995422844398
106	1502	PC	1814.84763489527
106	1503	PC	4413.34544672346
106	1671	PC	2247.97159682961
106	1804	PC	2.15549155070051
106	1866	PC	3115.56820480332
106	1868	PC	1335.17462957427
106	1901	PC	743.482014863677
106	1971	PC	760.37632266446
137	219	PC	14.3508599482408
211	542	PC	331.406621082915
211	626	PC	425.559655206065
219	1866	PC	3.93070330943987
219	6000	PC	21.4202428086812
219	6020	PC	4.40632244776913
220	58	PC	18.8569537525757
230	104	PC	16.6595306683629
230	213	PC	1.28146278145592
230	230	PC	1.53051155760089
230	1525	PC	4.50818713673165
301	50	PC	1.30727090920531
301	58	PC	12.0302392932214
301	4001	PC	232.456983669028
301	5404	PC	1.41752267263226
301	5501	PC	.792434549631229
301	5700	PC	1.8329355669731
301	5842	PC	1.47658611732527
301	6020	PC	11.1698817821932
302	522	PC	7.07047772096554
302	709	PC	2.47208678505953
302	1004	PC	3.18199993466214
302	1420	PC	7.21931345003344
302	1504	PC	5.16726917802909
302	1519	PC	4.79110024633614
302	1525	PC	1.43054326066352
302	1532	PC	.525157978609687
302	1671	PC	4.88452044115843
302	1870	PC	.646773891139565
302	1871	PC	.501658102767655
302	1901	PC	1.16436695093463
302	1973	PC	2.37875428604757
302	2002	PC	2.25379618763108
303	312	PC	.706641537386869
303	831	PC	5.38410777178574
303	1018	PC	11.085104267269
303	1502	PC	12.4455947267134
303	1933	PC	2.25313139973208
305	125	PC	1.0707024181687
305	1173	PC	.81328098986112
305	1273	PC	.804295898987353
305	1865	PC	3.04416725841526
306	302	PC	.738440406569278
309	1865	PC	2.48179741225539
626	58	PC	180.191358312571
626	5403	PC	281.40482650242
626	6020	PC	4987.99803847212
704	101	PC	.996766013699719
704	104	PC	.880642653755332
704	105	PC	1.55120082514609
704	106	PC	1.94944791521282
704	125	PC	1.52087252994109
704	136	PC	.602793909740447
704	211	PC	4585.59836817539
704	213	PC	1.94244500382908
704	214	PC	.598627057920538
704	215	PC	.633190514663924
704	219	PC	3.12044530922046
704	220	PC	1.18021582691993
704	221	PC	1.74206530325261
704	230	PC	2203.12257167078
704	231	PC	3.11453844768762
704	235	PC	739.592487168171
704	236	PC	1.24300387605287
704	301	PC	3.7280267152685
704	302	PC	3.24063967283946
704	303	PC	1.19264577601014
704	304	PC	2.50955910919589
704	305	PC	175.504442783845
704	306	PC	1.41201836103457
704	307	PC	.927972017869864
704	309	PC	6182.59915724907
704	311	PC	.530961380659453
704	403	PC	1.12171982279193
704	412	PC	3679.21196500128
704	415	PC	.569673585078286
704	417	PC	.648693721577009
704	425	PC	.480339457349007
704	427	PC	1.03521474041123
704	428	PC	.723636682669211
704	501	PC	2.9535776389576
704	502	PC	1.22676119911718
704	512	PC	.930311183541585
704	515	PC	.616335097548799
704	532	PC	3.91804956732816
704	534	PC	.804963523007645
704	538	PC	.675215727218775
704	542	PC	883.791178327691
704	602	PC	1.82378111099976
704	604	PC	.693643663548979
704	620	PC	1.98365844823773
704	623	PC	1.26424506656116
704	624	PC	1.01699453154738
704	626	PC	2188.52890835642
704	704	PC	3.69771927158682
704	706	PC	5.58789490833587
704	709	PC	3248.93786660297
704	711	PC	3.08507516383815
704	716	PC	.6294765247203
704	719	PC	.586652425219735
704	720	PC	.982662571034578
704	723	PC	1.1565696510923
704	805	PC	1.72908141572918
704	806	PC	10.6334278946743
704	807	PC	1.04199418185452
704	815	PC	1.17835366838577
704	834	PC	1.37058988490878
704	904	PC	2.43421821062039
704	906	PC	1.4277869896066
704	926	PC	1887.68900555468
704	1002	PC	.598822394847039
704	1018	PC	1.85773621693266
704	1032	PC	.694504666230216
704	1071	PC	3.38122193546239
704	1072	PC	.959923176593135
704	1073	PC	.53647447846084
704	1074	PC	2.59004147316257
704	1102	PC	4.33285191537006
704	1106	PC	.889915369640399
704	1122	PC	2434.05821916235
704	1124	PC	1.77379233711234
704	1149	PC	1.23472304603789
704	1172	PC	1179.11935828762
704	1173	PC	3.76609522634769
704	1219	PC	.670321274384473
704	1224	PC	.583087486870785
704	1231	PC	.608826907694053
704	1246	PC	1.07846201573078
704	1271	PC	3.64302537444754
704	1272	PC	.589055113481412
704	1273	PC	.590808253700107
704	1274	PC	614.255627555039
704	1275	PC	588.739986527102
704	1276	PC	4243.1129817938
704	1277	PC	.724046910320903
704	1432	PC	.913894271963186
704	1449	PC	.553455987390727
704	1502	PC	574.834983066763
704	1503	PC	1.12996469377004
704	1504	PC	8.21447715805346
704	1528	PC	.608249535393698
704	1531	PC	1347.31831373999
704	1554	PC	.751628437879286
704	1612	PC	.52249672150889
704	1634	PC	1.08908089258467
704	1638	PC	.554514072837234
704	1640	PC	2.22123358569726
704	1671	PC	8.15733067245161
704	1673	PC	855.105922020974
704	1677	PC	3040.7801139456
704	1702	PC	2.33178669336286
704	1714	PC	2.99727780374182
704	1719	PC	2.27643560223214
704	1804	PC	9.43353962882314
704	1805	PC	472.588336908466
704	1818	PC	.874366806430308
704	1833	PC	2.27055925041393
704	1837	PC	1.87946952449337
704	1865	PC	.703894020958324
704	1866	PC	1.27070432551096
704	1870	PC	1.69891443980452
704	1871	PC	1.00092660940576
704	1901	PC	1.81974549761699
704	1931	PC	.598122986160755
704	1971	PC	631.644834272728
704	1972	PC	2.81166569529505
704	1973	PC	1333.08071974313
704	2003	PC	.678788170726801
704	2004	PC	2.41816662865975
704	2012	PC	1.4299515076663
704	2028	PC	.795952649626519
704	2030	PC	1.18574606563266
709	104	PC	142.189278299314
709	1865	PC	45.6823435735735
822	4001	PC	.90500525866678
1071	301	PC	68.5193055572191
1071	709	PC	242.732526535823
1071	805	PC	10.1941057952785
1101	301	PC	45.107027742745
1101	602	PC	37.8667926764292
1101	706	PC	40.8268002525938
1101	805	PC	319.745988633343
1101	926	PC	387.787859680495
1101	1002	PC	20.3572171671327
1101	1004	PC	1449.15048249526
1101	1101	PC	1532.87960115205
1101	1102	PC	160.628371384778
1101	1106	PC	2601.91378075143
1101	1111	PC	9.30961538418058
1101	1124	PC	2165.54802536031
1101	1130	PC	226.045772053499
1101	1149	PC	5.73429609842684
1101	1172	PC	152.489851586015
1101	1173	PC	59.6408141533117
1101	1244	PC	175.623248529816
1101	1271	PC	1959.43605999422
1101	1401	PC	488.890643386431
1101	1504	PC	100.051130875483
1101	1515	PC	341.192238492876
1101	1826	PC	64.2024773533824
1101	1868	PC	1711.93863722922
1101	1971	PC	136.932308211101
1101	4001	PC	21.5438321509454
1101	4002	PC	22.1724424006644
1101	4004	PC	16.3849265712141
1101	4005	PC	18.9824653480468
1101	5101	PC	6770.50975114779
1101	5102	PC	844.312528876094
1101	5103	PC	97.7620917136879
1101	5106	PC	39.1048366854751
1101	5403	PC	9680.11196807698
1101	5404	PC	13158.3473914588
1101	5700	PC	137.111333628447
1101	5760	PC	275.6890986326
1101	5790	PC	398.087237458137
1101	5800	PC	11814.8098083841
1101	5810	PC	6688.88231505052
1101	5820	PC	24.440522928422
1101	5835	PC	20.5300392598745
1101	5840	PC	1171.72852785532
1101	5841	PC	7821.1706822458
1101	5842	PC	19.5524183427376
1101	5920	PC	455.717990523356
1101	6000	PC	10941.2204659025
1101	6010	PC	352.617110981184
1101	6020	PC	27713.9213515198
1101	6030	PC	932.84587913201
1111	211	PC	1.11153072375659
1119	1119	PC	24730.2108324348
1124	1101	PC	405.341376539441
1124	1106	PC	241.738117362674
1124	1124	PC	1370.94463823563
1124	1130	PC	466.145144399435
1124	1135	PC	498.942328810906
1124	1159	PC	1806.56154129319
1124	1271	PC	23087.8777262942
1124	1502	PC	1059.91124641702
1124	1671	PC	455.179297928982
1124	1702	PC	319.845600895952
1124	4001	PC	4.9038372340221
1124	5820	PC	14.6722810041941
1124	6000	PC	11.2788256382508
1124	6020	PC	258.221357231902
1127	1106	PC	265.911929098941
1133	1101	PC	.780362720753195
1141	235	PC	9.16033395762565
1141	309	PC	16.0037222875068
1141	1172	PC	1.76478476714751
1141	1275	PC	9.42403914849419
1141	5101	PC	14.2142626065365
1141	5102	PC	179.642269393932
1141	5104	PC	2.36168801190504
1141	5106	PC	3.48564750594291
1141	5501	PC	3.42876299402825
1141	5820	PC	90.2413935479215
1141	5841	PC	9.36632911698221
1141	5860	PC	163.140857101447
1141	6010	PC	310.572762007428
1141	6020	PC	521.59076279208
1149	104	PC	20726.4995266181
1149	1004	PC	7478.26590055015
1149	1102	PC	98.1812832692699
1149	1106	PC	1588.93883061018
1149	1124	PC	21.7683195435362
1149	1172	PC	183.837572763852
1149	1221	PC	3824.04014544522
1149	1224	PC	150.846203206947
1149	1244	PC	10644.2532884189
1149	1271	PC	6229.81138479728
1149	1401	PC	1560.53503127466
1149	1411	PC	334.229480742185
1149	1416	PC	23.4891074529411
1149	1439	PC	176.862626594655
1149	1502	PC	132.592104371155
1149	1503	PC	286.573671137887
1149	1504	PC	977.817980922786
1149	1750	PC	277.375819466296
1149	1804	PC	9.0871960703703
1149	1813	PC	78.4950723692602
1149	1868	PC	2954.9465953063
1149	1901	PC	12330.1776928024
1149	2004	PC	13228.6461315353
1171	4001	PC	47.8418360551196
1171	4004	PC	24.3191096109624
1171	4005	PC	5.19022132848899
1172	1124	PC	354.09885217847
1173	104	PC	650.885129019747
1173	709	PC	567.702944259474
1173	1101	PC	109.724792006917
1173	1106	PC	253.825023230808
1173	1271	PC	178.420709675538
1173	1671	PC	615.107159363489
1173	6020	PC	14.6095118875986
1219	104	PC	71.0387943167631
1219	230	PC	59.9796467900616
1219	235	PC	2.77282767045278
1219	627	PC	.701023654402019
1219	1102	PC	3.30843631924507
1219	1149	PC	30.5222973463249
1219	1274	PC	11.7946843361546
1219	1504	PC	.554471946345015
1219	1804	PC	16.7913047792208
1219	1805	PC	2.46835783737603
1219	3001	PC	45.5613120598952
1219	5101	PC	55.4275734667942
1219	5102	PC	85.2362137824983
1219	5104	PC	38.5702667018391
1219	5404	PC	48.0963172017877
1219	5605	PC	30.0904943651169
1219	5800	PC	141.314488726502
1219	5810	PC	19.6331516219377
1219	5820	PC	20.7988577752227
1219	5840	PC	47.9034817219066
1219	5841	PC	149.324806764721
1219	5920	PC	35.9862877756557
1219	6020	PC	244.387556800271
1243	4001	PC	31.7167740435079
1243	5605	PC	330.901767734238
1243	5820	PC	36.5227025962636
1243	6000	PC	21.2229961850004
1243	6010	PC	350.613039914381
1243	6020	PC	229.61625940879
1243	6030	PC	50.7884329522901
1243	6050	PC	9.70897629855549
1244	50	PC	4.1692582872447
1244	58	PC	37.3467442342131
1244	1219	PC	11.4124985917207
1244	5402	PC	5.23462640487947
1244	5403	PC	4.34485763628395
1244	5404	PC	3.74448444292071
1244	5790	PC	8.60731110877294
1244	5800	PC	20.8482534401234
1244	5820	PC	18.4506846744702
1244	5831	PC	70.6370454054247
1244	5840	PC	19.5258628116044
1244	5880	PC	4.51751397947338
1244	6000	PC	245.594819169411
1244	6010	PC	395.269229677596
1244	6020	PC	1300.60061320696
1244	6050	PC	18.013157804797
1245	5840	PC	19.7053861684434
1245	5930	PC	21.1680600758038
1245	6020	PC	441.373378318923
1246	105	PC	3.5400855364242
1246	805	PC	10.7264813488417
1246	1106	PC	7.25387752051525
1246	1124	PC	26.6850595607084
1246	1271	PC	2.26491170299258
1246	1971	PC	5.84261591101796
1246	2004	PC	50.7440237277104
1246	2030	PC	1372.62420072842
1246	2303	PC	94.243146235837
1246	4001	PC	46.444556317956
1246	4004	PC	44.6728667963645
1246	4005	PC	10.4564997844097
1246	5101	PC	2.86746869967441
1246	5201	PC	6.90723472952705
1246	5404	PC	15.6705251483404
1246	5605	PC	17.9513546819508
1246	5790	PC	38.2394560086585
1246	5800	PC	119.257464048347
1246	5810	PC	35.9164433912007
1246	5820	PC	22.6542780299628
1246	5831	PC	208.178423796752
1246	5860	PC	1.40087078451422
1246	5880	PC	1.57450812965359
1246	5900	PC	18.1554030875383
1246	6000	PC	163.214199421256
1246	6010	PC	1323.52368577121
1246	6020	PC	1936.23003564909
1246	6030	PC	96.02635687182
1246	6050	PC	29.4565455508463
1253	5201	PC	25.3549763981474
1253	5840	PC	24.4269485535042
1253	5842	PC	17.6796171418174
1253	6020	PC	1045.74709763402
1253	6050	PC	182.490887737575
1260	235	PC	6.98722324007404
1260	1271	PC	45.812117359575
1263	805	PC	2.99343665549072
1263	1124	PC	9.4610665715239
1271	50	PC	1195.03597437587
1271	52	PC	50.7639079035416
1271	56	PC	409.425087815229
1271	58	PC	4251.60555292656
1271	62	PC	8.97126283220066
1271	105	PC	5.81585480983976
1271	301	PC	8.29960492231535
1271	1106	PC	56.580244660019
1271	1260	PC	28.9170185952636
1271	1271	PC	32.4637344095603
1271	1439	PC	104.807084040447
1271	1504	PC	70.712776580249
1271	1671	PC	.579926507517473
1271	1845	PC	7.52339094903556
1271	1971	PC	4.31845523857849
1271	2004	PC	182.24966268403
1271	2012	PC	1.50307477970739
1271	2030	PC	347.007614614935
1271	3001	PC	60.0245663109745
1271	4001	PC	162.673667346839
1271	4003	PC	1.25960650372287
1271	4004	PC	32.7242630460962
1271	4005	PC	70.4889141109837
1271	5101	PC	204.767480016811
1271	5102	PC	124.294909061289
1271	5103	PC	21.5820428986785
1271	5106	PC	83.0692831170134
1271	5201	PC	433.555773779852
1271	5403	PC	2371.08563701261
1271	5404	PC	1610.37944695509
1271	5501	PC	128.399421219838
1271	5605	PC	831.847470465213
1271	5700	PC	383.751285783352
1271	5710	PC	204.608557700921
1271	5720	PC	4.72058138311094
1271	5750	PC	3383.08332456284
1271	5790	PC	3893.94107099601
1271	5800	PC	11117.2762108366
1271	5810	PC	892.622503267892
1271	5820	PC	1001.1340719566
1271	5831	PC	2007.0672054523
1271	5835	PC	1998.58153858532
1271	5840	PC	21.752737237968
1271	5841	PC	1103.19359082055
1271	5842	PC	577.588442073932
1271	5860	PC	102.456824653676
1271	5880	PC	42.9963344639172
1271	5900	PC	2844.12575827559
1271	5920	PC	2423.98420515922
1271	6000	PC	4165.02820683656
1271	6010	PC	2568.68395477926
1271	6020	PC	27787.7091786962
1271	6030	PC	2875.37459438898
1271	6040	PC	266.991452699551
1271	6050	PC	1256.10628876548
1272	6030	PC	32.4927465859104
1273	52	PC	82.4738149333998
1273	58	PC	26.9589145862992
1273	4001	PC	48.3359280774402
1273	4004	PC	13.7732673771566
1273	4005	PC	61.3754059960418
1273	5605	PC	35.3160701978375
1273	5760	PC	2.31320259795835
1273	5800	PC	115.546333671725
1273	5810	PC	57.3621270188375
1273	5820	PC	26.3889524533841
1273	5920	PC	324.771486549063
1273	6010	PC	18.3359074463272
1273	6020	PC	495.910219721934
1275	5840	PC	19.4709267024077
1275	5841	PC	20.6010409487385
1275	6020	PC	246.039213052734
1276	4001	PC	23.7441711963461
1277	4001	PC	4.10255015464879
1277	4005	PC	17.7630023075623
1277	5820	PC	19.5827609247009
1277	5920	PC	75.3644938021852
1277	6020	PC	42.6225727209901
1401	54	PC	12.04836608788
1401	58	PC	438.113640747574
1401	1251	PC	42.8302664650334
1401	1271	PC	12.9091143231363
1401	1439	PC	6.98897091575629
1401	1503	PC	216.396128599899
1401	1971	PC	650.57697631702
1401	4001	PC	78.8337980203422
1401	4005	PC	59.8582299352689
1401	5101	PC	45.1168714757464
1401	5201	PC	35.6300610385501
1401	5605	PC	55.0904845831599
1401	5700	PC	19.0369052215207
1401	5800	PC	56.402904582066
1401	5820	PC	17.5385266025916
1401	5831	PC	109.551046511059
1401	5840	PC	6.98075029091716
1401	5842	PC	89.983526379001
1401	5860	PC	54.7263561858373
1401	5900	PC	19.6570918233776
1401	6010	PC	82.1586602579269
1401	6020	PC	2491.11919872474
1401	6030	PC	44.2289434052699
1401	6050	PC	91.721411911677
1411	230	PC	.716393039276698
1411	309	PC	4.41107855122152
1411	6020	PC	1073.9258489445
1416	50	PC	.60165661639286
1416	58	PC	1.73842298100179
1416	4001	PC	7.97222740524662
1416	5106	PC	8.96681894377775
1416	5403	PC	617.902054967814
1416	5404	PC	2.98274227091142
1416	5605	PC	1045.81542387439
1416	5790	PC	11.0315406187031
1416	5800	PC	22.713875311304
1416	5920	PC	73.4109273566459
1416	6000	PC	8.41376918448844
1416	6010	PC	264.563385343475
1416	6020	PC	1134.02697392565
1416	6030	PC	2483.44042012467
1416	6050	PC	52.2086658292129
1428	309	PC	511.103006248135
1428	1271	PC	2147.24371798608
1428	1432	PC	42.3407464997343
1428	1534	PC	131.10220022155
1428	5403	PC	21.8475103229013
1428	5404	PC	10.821344956812
1432	1438	PC	1.32783210556711
1438	104	PC	82.1146400667892
1438	5810	PC	8.00303589837365
1439	50	PC	.661786399971514
1439	58	PC	1728.9627110444
1439	106	PC	218.704490149573
1439	1106	PC	139.128470844019
1439	1149	PC	451.699158093676
1439	1271	PC	885.541684940707
1439	1401	PC	212.751951392224
1439	1439	PC	2624.47156858065
1439	1441	PC	230.677801456175
1439	1504	PC	248.133034662538
1439	1517	PC	630.733431246476
1439	1671	PC	12.5181372411461
1439	1702	PC	50.531923094913
1439	1804	PC	417.437630424805
1439	1813	PC	1.86319575214774
1439	1820	PC	1.42627073734807
1439	1865	PC	62.8514012109023
1439	1868	PC	47.4123264056166
1439	1870	PC	16.2832857522506
1439	1901	PC	2.62990442100317
1439	1931	PC	4.16919737072936
1439	1971	PC	590.964513184356
1439	2014	PC	9.75883275375345
1439	2019	PC	2.87246374847074
1439	2023	PC	21.6510403071531
1439	2028	PC	466.629896515789
1439	2030	PC	294.76230365202
1439	4001	PC	565.196728465083
1439	4002	PC	1.31384064700227
1439	4004	PC	10.3598768054364
1439	4005	PC	23.894381900148
1439	5101	PC	16819.7753111242
1439	5102	PC	1991.74446545897
1439	5103	PC	84.6697305845908
1439	5104	PC	44.7679035274848
1439	5106	PC	217.338439472998
1439	5201	PC	1147.0120812918
1439	5302	PC	107.307691540087
1439	5402	PC	9.9073316936912
1439	5403	PC	7544.5070491082
1439	5404	PC	4239.58566947751
1439	5501	PC	871.177563353089
1439	5605	PC	1982.29162530762
1439	5700	PC	255.444684312534
1439	5710	PC	23.3046134319381
1439	5720	PC	97.905458584021
1439	5730	PC	581.496138210264
1439	5750	PC	742.933091191551
1439	5760	PC	1430.40264277372
1439	5770	PC	67.1518552912272
1439	5790	PC	13374.5717593596
1439	5800	PC	10824.5160636411
1439	5810	PC	1080.11034233115
1439	5820	PC	159.299772195496
1439	5830	PC	1087.04255487086
1439	5831	PC	1467.26317203684
1439	5835	PC	17146.4574085325
1439	5840	PC	818.838044837695
1439	5841	PC	17570.3948567084
1439	5842	PC	477.172324761814
1439	5860	PC	20.6496821096994
1439	5900	PC	10651.3625717345
1439	5920	PC	13454.8795389961
1439	5930	PC	89.7635394337833
1439	6000	PC	39785.4489990251
1439	6010	PC	7517.32222629878
1439	6020	PC	90931.4610456683
1439	6030	PC	2984.28878849037
1439	6040	PC	379.943250807175
1439	6050	PC	38.1500395277696
1441	5101	PC	34.8265092985009
1441	5102	PC	9.47619731841564
1441	5605	PC	907.063904106839
1441	5700	PC	21.440906143783
1441	5800	PC	46.4603249238825
1441	5841	PC	1.27393881994516
1441	5850	PC	774.310525487847
1441	6000	PC	26.2768129400454
1441	6020	PC	1982.92518846406
1441	6030	PC	1153.80707047504
1444	4004	PC	14.311130899384
1444	5605	PC	79.0231354483632
1444	6020	PC	531.548782887708
1449	50	PC	102.691731400286
1449	58	PC	.600473836444742
1449	59	PC	29.675280746958
1449	62	PC	.634536371737393
1449	3001	PC	.895358070549696
1449	4001	PC	97.3254222687519
1449	5101	PC	101.550149860335
1449	5102	PC	602.890330019932
1449	5103	PC	37.1768242336939
1449	5104	PC	134.820487903609
1449	5201	PC	207.469063175776
1449	5204	PC	4.3794688233409
1449	5402	PC	37.5661103513242
1449	5404	PC	29.1779677316852
1449	5501	PC	120.542446324223
1449	5605	PC	164.97167092937
1449	5800	PC	411.141613489362
1449	5810	PC	18.2983939592124
1449	5820	PC	6.61105149265661
1449	5831	PC	252.376136490313
1449	5840	PC	50.3016056895995
1449	5900	PC	718.912191303173
1449	6000	PC	77.002740497862
1449	6010	PC	236.874763286275
1449	6020	PC	6302.20356551226
1449	6030	PC	7.80129379731126
1503	1124	PC	2368.54250476023
1503	1244	PC	1513.81630499402
1503	1502	PC	2666.14723822171
1503	1503	PC	7731.59611873741
1503	1504	PC	1105.87527312178
1503	1702	PC	5.48100620574717
1503	1750	PC	46.5871241514905
1503	1804	PC	74.3553678101968
1503	1820	PC	724.037849243616
1503	1860	PC	414.33054021092
1503	1865	PC	367.611545661974
1503	1866	PC	10826.2364430747
1503	1868	PC	1236.59118910429
1503	1971	PC	97.4891449063138
1504	50	PC	1.51726464540813
1504	58	PC	61.0371094837281
1504	105	PC	4.37066010389519
1504	211	PC	12.3800351447043
1504	219	PC	3.19097296213907
1504	228	PC	29.1553204341983
1504	230	PC	4.21825508993718
1504	231	PC	1.43637594253338
1504	301	PC	2.30748017804451
1504	302	PC	.920782123851961
1504	303	PC	2.44724441685718
1504	304	PC	.730969077048175
1504	305	PC	1.49466575300384
1504	306	PC	13.131900751971
1504	310	PC	1.36496749066674
1504	412	PC	.645164128375255
1504	604	PC	.961107648312318
1504	1071	PC	.579396593451212
1504	1101	PC	837.439326394446
1504	1102	PC	.774558917461194
1504	1106	PC	263.61961891146
1504	1119	PC	4.08266506303327
1504	1120	PC	2.57024291344975
1504	1124	PC	898.610181245506
1504	1135	PC	.61526407824973
1504	1149	PC	.719450635111545
1504	1154	PC	.670513949676736
1504	1172	PC	24.4354435610861
1504	1173	PC	.783647212192428
1504	1211	PC	1.17317241355852
1504	1221	PC	2861.83805747635
1504	1224	PC	.995295072320471
1504	1228	PC	3.27035794524503
1504	1232	PC	.532711197274543
1504	1238	PC	4.38618316843536
1504	1244	PC	60.4749409724743
1504	1247	PC	.627793504409023
1504	1263	PC	1.15924692004568
1504	1271	PC	6576.6634005984
1504	1273	PC	3.67194950099167
1504	1275	PC	1.90990732747754
1504	1277	PC	104.22756659555
1504	1401	PC	1053.49547967568
1504	1438	PC	163.012690279571
1504	1439	PC	64.340302949946
1504	1502	PC	2190.37466087614
1504	1503	PC	1222.73728413084
1504	1504	PC	24840.578759934
1504	1511	PC	865.972972014916
1504	1514	PC	15.250838959767
1504	1517	PC	728.901082316507
1504	1520	PC	869.516419826154
1504	1525	PC	1.18214576413644
1504	1531	PC	33.5931488049538
1504	1534	PC	152.461282131817
1504	1563	PC	1138.45344424217
1504	1671	PC	532.853983119563
1504	1677	PC	1.05789630582357
1504	1702	PC	112.286712320926
1504	1703	PC	125.342611204108
1504	1750	PC	1303.59982342415
1504	1804	PC	368.65362951103
1504	1805	PC	230.147874269984
1504	1813	PC	4.08941674915738
1504	1820	PC	9.78230216631803
1504	1824	PC	11.8779884285313
1504	1851	PC	6.22505424814038
1504	1860	PC	416.052467111824
1504	1865	PC	264.860721068733
1504	1866	PC	209.18363130224
1504	1868	PC	1003.84254248911
1504	1870	PC	278.004768107607
1504	1901	PC	357.693564483502
1504	1931	PC	166.404953873576
1504	1941	PC	5.8531574662449
1504	1971	PC	1062.78066568566
1504	1972	PC	.568729812106462
1504	2002	PC	.955665292276324
1504	2003	PC	.914542460267024
1504	2004	PC	108.590772219319
1504	2012	PC	5.55667868644431
1504	2014	PC	49.0803945421902
1504	2018	PC	3.10526848692324
1504	2019	PC	8.87485238487995
1504	2022	PC	1.97024604492447
1504	2028	PC	3.56746724056865
1504	2030	PC	5.40030392146044
1504	2301	PC	12745.195258127
1504	4001	PC	2311.7386745584
1504	4002	PC	9.59302808064495
1504	4004	PC	54.7810847425646
1504	4005	PC	124.172938580201
1504	5101	PC	4161.19911471468
1504	5102	PC	183.283611404469
1504	5104	PC	26.3622284938621
1504	5106	PC	41.3997894504813
1504	5201	PC	519.542738761068
1504	5204	PC	44.7387505507956
1504	5302	PC	351.58643691647
1504	5403	PC	6697.54483745556
1504	5404	PC	268.351256230213
1504	5501	PC	22.699257975722
1504	5605	PC	5984.37955233208
1504	5700	PC	671.792904324651
1504	5710	PC	916.935884762617
1504	5720	PC	2.47656745347262
1504	5730	PC	103.369771971031
1504	5750	PC	529.677087711978
1504	5760	PC	58.1454967337051
1504	5770	PC	10.2782443721196
1504	5790	PC	4458.02600225775
1504	5800	PC	11779.4309066885
1504	5810	PC	94.3640721402217
1504	5820	PC	548.679114354986
1504	5831	PC	31.4710053870138
1504	5835	PC	4929.34811282691
1504	5840	PC	1497.15844165543
1504	5841	PC	521.568042342584
1504	5842	PC	21.5353691606315
1504	5850	PC	143.647764464327
1504	5860	PC	1.46832062458851
1504	5880	PC	11.0858207156433
1504	5890	PC	13.9979899544105
1504	5900	PC	563.286946808809
1504	5920	PC	15138.386618388
1504	6000	PC	17057.7743599697
1504	6010	PC	1999.79787338624
1504	6020	PC	75726.1655189815
1504	6030	PC	2319.82912119988
1504	6040	PC	152.196327140681
1511	50	PC	231.800749134531
1511	52	PC	80.6538656295503
1511	56	PC	29.6923744809427
1511	58	PC	1961.55053570159
1511	5102	PC	83.3339931155933
1511	5201	PC	45.3590089110191
1511	5204	PC	21.0972134469856
1511	5404	PC	26.1712886255546
1511	5605	PC	224.660905139278
1511	5800	PC	116.811168620011
1511	5810	PC	21.0972134469856
1511	5820	PC	65.2450860304926
1511	5920	PC	85.1897665206522
1511	6010	PC	96.4406369695331
1511	6020	PC	426.310220055825
1511	6030	PC	4961.21680730178
1511	6050	PC	31.100808823098
1515	50	PC	4.34250976783788
1515	230	PC	125.543155682175
1515	235	PC	53953.1168558913
1515	305	PC	29.7772952468831
1515	306	PC	15.0551676992865
1515	602	PC	.791830141288795
1515	624	PC	82.5498166061937
1515	1245	PC	409.089053291481
1515	1401	PC	1.40996973729748
1515	1439	PC	948.201546115937
1515	1504	PC	971.166522824338
1515	1511	PC	204.264189785232
1515	1525	PC	1194.81588783829
1515	1529	PC	4.31605870724463
1515	1531	PC	76.6908096153327
1515	1532	PC	632.039240497777
1515	1545	PC	59.1264233487402
1515	1547	PC	204.217644175988
1515	1671	PC	29.6349206627482
1515	3001	PC	24.1328680485241
1515	4001	PC	382.636058052031
1515	4002	PC	48.6583786806449
1515	4005	PC	23.0125669455754
1515	5101	PC	39.4195572919858
1515	5102	PC	42.7316244585936
1515	5204	PC	28.9217401564209
1515	5402	PC	1.87530786195428
1515	5403	PC	295.423498519864
1515	5605	PC	1264.71641260757
1515	5700	PC	232.571383459053
1515	5710	PC	134.633430368491
1515	5730	PC	98.4536627525996
1515	5790	PC	11.5946768902392
1515	5800	PC	43.4631898693247
1515	5810	PC	5.10630703244634
1515	5820	PC	41.2714238056657
1515	5840	PC	43.7679273968923
1515	5841	PC	562.428269148363
1515	5850	PC	184.300763747781
1515	5860	PC	30.9425797222456
1515	5900	PC	16.0280218826405
1515	5920	PC	75.2545417436736
1515	5930	PC	813.181348362769
1515	6010	PC	191.031360871076
1515	6020	PC	4424.87680533715
1515	6030	PC	825.689261112866
1515	6040	PC	31.8714431476198
1515	6050	PC	11.7831843992794
1517	626	PC	.643681787055791
1517	1119	PC	3.16850107085772
1517	1677	PC	2.84302841106142
1517	1719	PC	6.3518845093493
1517	1804	PC	4.88667596119569
1520	6050	PC	10.7436116673238
1525	58	PC	57.9418896070955
1525	104	PC	70.1299586027876
1525	214	PC	1234.22354178813
1525	227	PC	1.45059768083054
1525	230	PC	.613874935636427
1525	231	PC	62.0997586224325
1525	305	PC	20.0006385110856
1525	306	PC	8.35853741179781
1525	310	PC	28.9213246963884
1525	906	PC	1.53022816595116
1525	1124	PC	742.41408839325
1525	1271	PC	25.5199224711327
1525	1274	PC	3.83373633849515
1525	1277	PC	577.051585500284
1525	1401	PC	58.7424595582492
1525	1503	PC	53.5099142114259
1525	1504	PC	221.957320801575
1525	1515	PC	.888157290256951
1525	1525	PC	12.344380521062
1525	1526	PC	.706621875669954
1525	1531	PC	2.79159240717164
1525	1547	PC	3.33152005666309
1525	1653	PC	296.285230909425
1525	1671	PC	105.42026443416
1525	1674	PC	.721284759811018
1525	1677	PC	779.063086630593
1525	1804	PC	.718246797672059
1525	1805	PC	277.724461722487
1525	1860	PC	106.035567638409
1525	1926	PC	7.20375317676258
1525	1972	PC	.718608473163564
1525	5101	PC	377.406365659651
1525	5102	PC	43.6091225502788
1525	5104	PC	21.1438169940746
1525	5106	PC	27.6200898289263
1525	5201	PC	476.075553871166
1525	5402	PC	33.9368051559061
1525	5501	PC	19.0793581959031
1525	5700	PC	42.5764037109849
1525	5720	PC	7.95634002443695
1525	5790	PC	25.4694895541123
1525	5800	PC	40.8780461885442
1525	5820	PC	271.236995697737
1525	5860	PC	25.0887050721357
1525	5880	PC	90.9184130745207
1525	5920	PC	441.212727841353
1525	6000	PC	48.9479363412826
1525	6010	PC	249.270919153893
1525	6020	PC	623.825806160593
1525	6030	PC	2316.2708908863
1525	6040	PC	25.8248231452628
1525	6050	PC	1114.68245431928
1531	826	PC	3330.00962082793
1531	1271	PC	5.27336497729732
1531	1426	PC	19.6260120979842
1531	1503	PC	18.4187832501701
1531	1504	PC	2022.41489510637
1531	1515	PC	40.9958168404016
1531	1531	PC	11992.285665254
1531	1532	PC	32.8631459872915
1531	5404	PC	22.9058017435808
1531	5790	PC	1354.770496287
1531	5820	PC	53.5643363849889
1531	5831	PC	38.1763362393013
1531	5835	PC	956.503210073612
1531	5860	PC	.791914256861404
1531	5900	PC	175.552413875802
1531	5920	PC	57.8518326087874
1531	6000	PC	3037.52466489042
1531	6010	PC	225.19633419314
1531	6020	PC	23533.5381770049
1531	6030	PC	183.050637865368
1532	58	PC	16.407014659152
1532	5102	PC	104.661894120669
1532	5800	PC	4.38538426543769
1532	5920	PC	20.2824022276493
1532	6010	PC	39.9618141188009
1532	6030	PC	2903.3358218897
1532	6050	PC	314.73942028263
1545	5403	PC	41.0084671903611
1545	5605	PC	805.32916064469
1545	5750	PC	298.775975244059
1545	5800	PC	572.080810402524
1545	5810	PC	89.5937368901793
1545	5820	PC	289.486581033366
1545	5840	PC	42.961251342283
1545	5920	PC	301.994163526426
1545	6000	PC	184.538102356625
1545	6020	PC	119.119833267239
1547	6020	PC	415.3571891138
1547	6030	PC	107.912805019359
1548	50	PC	11.0556874761061
1548	56	PC	503.388698682441
1548	58	PC	26.5754395235059
1548	538	PC	34.1148842058495
1548	545	PC	115.151475928864
1548	719	PC	22.5184169063889
1548	1026	PC	34.9214670077812
1548	1106	PC	230.815873262225
1548	1221	PC	110.99687693866
1548	1417	PC	29.628757542502
1548	1502	PC	10.6194060543886
1548	1528	PC	254.894474030633
1548	1636	PC	23.1426244551093
1548	1702	PC	765.321562250674
1548	1822	PC	18.5569882832597
1548	1824	PC	26.1383037854142
1548	1867	PC	115.005737919707
1548	3001	PC	20.2108009569455
1548	4001	PC	490.89114708894
1548	4002	PC	4.11476803498833
1548	4004	PC	34.5974433364128
1548	4005	PC	168.974371422182
1548	5101	PC	1446.2563527153
1548	5102	PC	67.8553437109841
1548	5103	PC	60.5558365510998
1548	5106	PC	143.066825322258
1548	5201	PC	275.483165879934
1548	5204	PC	9.29525256314851
1548	5402	PC	21.3146390182281
1548	5403	PC	847.282775364581
1548	5404	PC	1848.90482256839
1548	5501	PC	27.9414120377753
1548	5605	PC	6886.15157452619
1548	5700	PC	338.74263208937
1548	5710	PC	1249.36884338192
1548	5720	PC	63.6871259387067
1548	5730	PC	162.823142587253
1548	5750	PC	135.523220143384
1548	5760	PC	511.523021067272
1548	5790	PC	1246.01981856137
1548	5800	PC	2614.67155268722
1548	5820	PC	45.5721237534027
1548	5831	PC	629.48778250865
1548	5835	PC	1133.3959217755
1548	5840	PC	268.070397239238
1548	5841	PC	871.810720704797
1548	5842	PC	168.037076272884
1548	5850	PC	180.55539907878
1548	5900	PC	128.805642660772
1548	5920	PC	5226.72246904255
1548	6000	PC	2376.87028619485
1548	6010	PC	694.403209678915
1548	6020	PC	34740.2185063622
1548	6030	PC	1066.03560884703
1548	6040	PC	38.6709845605105
1548	6050	PC	3.40956112925573
1554	50	PC	5.14642585365409
1554	54	PC	1.33299265469409
1554	58	PC	2.10935101402141
1554	62	PC	1.26951681399437
1554	137	PC	14.0598210158881
1554	211	PC	148.695527369404
1554	301	PC	8.76267608868157
1554	306	PC	28.040563483781
1554	309	PC	87.6267608868156
1554	822	PC	52.0366377477607
1554	1071	PC	117.97096051063
1554	1106	PC	69.321297948594
1554	1119	PC	19.1272250384097
1554	1124	PC	18897.6269542728
1554	1221	PC	125.944146449736
1554	1244	PC	4339.99230387494
1554	1263	PC	119.279304112762
1554	1271	PC	995.5472187998
1554	1401	PC	206.254246323099
1554	1416	PC	496.185214513271
1554	1439	PC	884.209677125507
1554	1502	PC	13106.9681069228
1554	1503	PC	122277.961008395
1554	1504	PC	2949.49819808324
1554	1515	PC	30.673707536051
1554	1520	PC	73.859776004122
1554	1554	PC	2894.9784236315
1554	1671	PC	183.032419211925
1554	1702	PC	20022.1156695944
1554	1703	PC	9232.24814545989
1554	1719	PC	238.716764692823
1554	1750	PC	7149.72594352925
1554	1804	PC	2584.34473385641
1554	1813	PC	155.71402780931
1554	1820	PC	3077.52167548931
1554	1837	PC	326.309552666801
1554	1865	PC	286.24685688879
1554	1866	PC	31746.0635669049
1554	1901	PC	6.85503556611953
1554	1971	PC	820.787514276334
1554	2030	PC	4.16184159179855
1554	3001	PC	10.1580876147457
1554	4001	PC	184.283060719422
1554	4004	PC	.893544526772959
1554	4005	PC	2.28122405960834
1554	5501	PC	.58690738862355
1554	5605	PC	25.4342810926795
1554	5810	PC	150.853753352765
1554	5860	PC	231.808887478395
1554	6010	PC	32.3238511870874
1554	6050	PC	.773428705141184
1557	1401	PC	119.253040070528
1557	1502	PC	1671.8324031534
1557	1503	PC	66.5685383833536
1557	1504	PC	227.803978257351
1557	1702	PC	21.0638962087342
1557	1703	PC	10.2715745535457
1563	1124	PC	179.535846202172
1563	1244	PC	5391.54748204502
1563	1502	PC	738.512768013722
1563	1503	PC	19004.7814901995
1563	1504	PC	403.714267847255
1563	1563	PC	1.32200730103659
1563	1702	PC	2751.43845475853
1563	1703	PC	98.5963987125364
1563	1719	PC	3.49374444150045
1563	1804	PC	137.609739423638
1563	1820	PC	709.708389173632
1563	1865	PC	354.735127954178
1563	1866	PC	743.669181171755
1563	1901	PC	5.2552698870967
1569	1124	PC	837.97333722655
1569	1244	PC	682.928272580876
1569	1401	PC	99.2466270790737
1569	1502	PC	1966.84180145138
1569	1503	PC	171.817807679183
1569	1504	PC	171.627066678819
1569	1702	PC	1580.17408911691
1569	1750	PC	69.8806862272357
1569	1820	PC	497.445273168039
1569	1837	PC	436.309831733211
1569	1866	PC	7787.12968656166
1569	1868	PC	1214.89660683931
1573	5101	PC	145.896778469814
1573	5102	PC	188.747853699101
1573	5201	PC	20.3122690239099
1573	5403	PC	4302.33388954319
1573	5404	PC	1114.44045240798
1573	5501	PC	5.07806725597747
1573	5750	PC	182.263552433776
1573	5800	PC	2427.80442405492
1573	5841	PC	31.6402652103212
1573	5920	PC	285.641283148733
1573	6000	PC	1029.77344642851
1573	6020	PC	4330.92731439993
1573	6040	PC	19.5310279076057
1612	1101	PC	36.1011871514614
1612	1244	PC	774.024063514337
1612	1504	PC	586.517180967864
1612	1833	PC	59.3498097757297
1612	1866	PC	3618.52414537009
1617	52	PC	15.9850731072824
1617	58	PC	40.6934738700751
1617	235	PC	661.538986415106
1617	305	PC	31.7295906624958
1617	402	PC	22.1065491736709
1617	720	PC	64.7427269347448
1617	1124	PC	32.5524023488837
1617	1244	PC	45.5678256660442
1617	1245	PC	28.8226172026742
1617	1271	PC	4.78754436934056
1617	1401	PC	3.34324802587729
1617	1502	PC	14.0442484413783
1617	1503	PC	16217.4533787241
1617	1504	PC	43.2820679567506
1617	1520	PC	24.0091229217599
1617	1671	PC	1.58413159011164
1617	1702	PC	2217.94503803538
1617	1866	PC	763.908014783157
1617	1870	PC	30.1842890056512
1617	4001	PC	24.8665423856434
1617	4005	PC	3.37401536951671
1617	5101	PC	365.73442584067
1617	5605	PC	180.540763021441
1617	5800	PC	55.9880279657795
1617	5810	PC	39.0737500434861
1617	5820	PC	71.1882864354363
1617	5841	PC	11.5472852064159
1617	5900	PC	76.0258485009006
1617	5920	PC	1.12958302036222
1617	6010	PC	18.9210067141195
1617	6020	PC	155.151665708117
1617	6030	PC	546.42252577781
1620	301	PC	483.969683620012
1620	1274	PC	.726698840062009
1620	1620	PC	57135.9959334919
1620	1677	PC	10.4195535279779
1620	1971	PC	5.04533535476132
1620	6020	PC	1.76706074228837
1632	1525	PC	36.799425187716
1640	62	PC	.975704283738586
1663	5102	PC	111.252018635592
1663	5403	PC	49.0004572897077
1663	5800	PC	80.4027111310311
1663	5850	PC	168.923145078364
1663	6020	PC	216.139271990576
1671	1102	PC	105.348744026171
1671	1124	PC	10.3868338509214
1671	1130	PC	6.71438864059751
1671	1271	PC	193.154129294411
1671	1401	PC	9.25722262433407
1671	1416	PC	17.4568234960251
1671	1439	PC	1.40755107455699
1671	1502	PC	29.5656217548188
1671	1503	PC	14.6141744839361
1671	1504	PC	21.2258158083503
1671	1531	PC	784.883575373262
1671	1703	PC	48.9432440025141
1671	1750	PC	139.494858671917
1671	1804	PC	660.393275405252
1671	1805	PC	244.75559038204
1671	1813	PC	3.18700768709078
1671	1820	PC	182.125049493235
1671	1860	PC	386.351250743924
1671	1865	PC	349.757413585301
1671	1868	PC	5.37219964708132
1671	1870	PC	80.1375726598008
1671	1901	PC	147.210400983534
1671	1931	PC	599.117053175022
1671	1971	PC	6179.98770059172
1671	2003	PC	155.891203464474
1671	2004	PC	40.850941148336
1671	2012	PC	7.30499470980032
1671	2014	PC	17.5590383843994
1671	2028	PC	7.63601463604513
1671	2030	PC	22.1535679269333
1675	1251	PC	38.3370938221206
1675	1271	PC	34.9588853801083
1675	1416	PC	25.748814656637
1675	1503	PC	70.1959528490704
1675	1702	PC	103.975500340294
1675	1719	PC	30.0529240811287
1675	1750	PC	156.649566210858
1675	1804	PC	490.712156244187
1675	1805	PC	10.990865794694
1675	1820	PC	40.0675108885117
1675	1860	PC	276.095351357096
1675	1870	PC	74.5465792184194
1675	1901	PC	249.492952316249
1675	1931	PC	394.120150801737
1675	1941	PC	8.85760483158509
1675	1971	PC	5608.77740086155
1675	2012	PC	212.757970922934
1675	2014	PC	15.7107185544626
1675	2018	PC	2.37800795163778
1675	2025	PC	577.451538975512
1675	2030	PC	60.5832265756951
1750	50	PC	2.46381488431849
1750	4001	PC	29.8166091408914
1750	5102	PC	18.7823849601144
1750	5403	PC	43.6899062158732
1750	5605	PC	1.51020384372063
1750	5700	PC	16.5415766531036
1750	5710	PC	395.049819909332
1750	5790	PC	26.3509687671129
1750	5800	PC	340.802934835909
1750	5831	PC	243.990451547342
1750	5835	PC	1959.55563370314
1750	5920	PC	1534.2451420311
1750	6000	PC	1860.6828950417
1750	6020	PC	788.502966303739
1750	6030	PC	93.149698629938
1804	235	PC	181.05268641511
1804	309	PC	4.24328968218139
1804	1172	PC	9.03582004803352
1804	1275	PC	6.36882370025338
1804	1677	PC	26.9373869606032
1804	1971	PC	2.57152027625646
1804	5700	PC	18.4454793367636
1804	5880	PC	16.9637932916793
1804	5900	PC	18.7381098920798
1804	6020	PC	272.219574082883
1805	1503	PC	27.991263468142
1805	1866	PC	25.100873642946
1813	1502	PC	73.8647069472116
1813	1820	PC	30.73792351651
1818	1845	PC	43127.2556802629
1834	4001	PC	57.9736361243443
1834	4004	PC	1.73777797245889
1834	5700	PC	35.606437851379
1834	5831	PC	18.8517269796605
1834	6020	PC	111.127250544686
1835	1627	PC	2781.74176087284
1835	1834	PC	3263.60152108028
1835	5404	PC	23.5403200975104
1835	5800	PC	731.59965867978
1835	5840	PC	111.860329991892
1835	5841	PC	205.885314070368
1835	6030	PC	7.43593734097536
1841	1804	PC	.836559264046655
1841	1974	PC	.763375879588646
1848	5201	PC	1.31293575818529
1848	5700	PC	280.50979771499
1848	5800	PC	148.249565628733
1848	5810	PC	17.9411793464354
1848	5831	PC	182.303958786062
1848	5842	PC	19.8471796967282
1848	5920	PC	56.2904136206217
1848	6000	PC	38.7784257553167
1848	6010	PC	76.2985401227737
1848	6020	PC	1056.34265575629
1851	58	PC	17.8470391554932
1851	101	PC	1.51473882854835
1851	625	PC	1.52092853296592
1851	3001	PC	8.71989161425095
1851	4001	PC	428.105894802283
1851	4005	PC	23.071784493831
1851	5102	PC	29.0677476684571
1851	5201	PC	15.1947509999776
1851	5204	PC	1.97896872047254
1851	5403	PC	644.935062488666
1851	5404	PC	3412.26074510519
1851	5605	PC	470.088007676612
1851	5710	PC	355.463759861248
1851	5730	PC	16.5075899156198
1851	5760	PC	1.5536555214701
1851	5790	PC	24.578830349657
1851	5800	PC	38.8413880367526
1851	5810	PC	.699144984661546
1851	5820	PC	79.7976896521063
1851	5830	PC	76.9836310888436
1851	5835	PC	116.524164110258
1851	5840	PC	32.305353464868
1851	5841	PC	168.003568779469
1851	5900	PC	76.6107537636908
1851	5920	PC	190.870464951406
1851	6000	PC	148.33720298176
1851	6010	PC	353.588691853773
1851	6020	PC	8735.5757667402
1851	6030	PC	190.841333910378
1851	6040	PC	113.496477912793
1856	4002	PC	19.6641152132206
1857	1804	PC	.610316216414131
1857	1874	PC	.833154701599295
1857	5605	PC	277.931199844002
1857	5800	PC	18.1424872502928
1857	5835	PC	11892.7320294307
1857	5920	PC	2603.19331575653
1859	101	PC	33.1759581329284
1859	104	PC	147.198545678931
1859	235	PC	16.2596108475984
1859	303	PC	7.87713058600479
1859	305	PC	85.7731997142744
1859	306	PC	515.869431035834
1859	309	PC	.87523673177831
1859	1074	PC	4.34033063811839
1859	1273	PC	110.872675596285
1859	1504	PC	23.9125672698806
1859	1671	PC	10.305865501844
1859	1871	PC	.682463533316154
1859	1971	PC	528.731712537335
1859	1972	PC	128.359546330749
1859	2028	PC	354.599921202961
1860	1504	PC	11227.6251023799
1860	1866	PC	1341.93003902268
1860	2004	PC	85.4332487129594
1860	2028	PC	1.1836907240919
1860	5710	PC	24.3401949916025
1860	5880	PC	5.99872562308069
1865	55	PC	30.9202605287249
1865	1106	PC	6.31091430663417
1865	1422	PC	107.643161469403
1865	1439	PC	163.37701365301
1865	1804	PC	11342.1894176922
1865	1805	PC	.932973034757211
1865	1834	PC	51.5202399777247
1865	1860	PC	11.3427864397531
1865	1865	PC	323.881724100796
1865	1868	PC	91.9727979001102
1865	2018	PC	381.209843292626
1865	2028	PC	169.098674870272
1865	4001	PC	298.180556581425
1865	5403	PC	1.17048304840599
1865	5710	PC	15.8580945008205
1865	5840	PC	87.8993753251284
1865	5841	PC	89.9662533081053
1865	5842	PC	49.5046051297909
1866	58	PC	108.079679559014
1866	104	PC	11.8998564665034
1866	106	PC	.653242411184629
1866	211	PC	561.449618631554
1866	213	PC	29.4524663550384
1866	214	PC	34.8286158628147
1866	215	PC	2.53278413585901
1866	230	PC	3.8578908885926
1866	233	PC	1.02111727561648
1866	235	PC	149.196966259216
1866	306	PC	.864463834931136
1866	309	PC	746.316007515924
1866	412	PC	311.153529048036
1866	542	PC	74.6825362924577
1866	709	PC	284.830824498602
1866	926	PC	156.019266742504
1866	1102	PC	18.4368057822236
1866	1122	PC	181.109148813875
1866	1124	PC	.546727084737088
1866	1173	PC	6.76184558776933
1866	1271	PC	38.0798621567659
1866	1276	PC	339.777816664948
1866	1277	PC	23.6942487135338
1866	1502	PC	61.4669198856941
1866	1504	PC	48.6036765873876
1866	1531	PC	93.0677850772003
1866	1653	PC	13.1035446305109
1866	1671	PC	1.95861216963308
1866	1673	PC	71.0815731129736
1866	1677	PC	348.566332560622
1866	1805	PC	7.10764443512426
1866	1901	PC	2.10260935729517
1866	1925	PC	.632332838862129
1866	1971	PC	102.713308433643
1866	1972	PC	1.71652383448642
1866	1973	PC	60.7717119573337
1866	4001	PC	12.4076920411576
1866	5201	PC	1267.58570326214
1866	5404	PC	5.04561307980556
1866	5700	PC	456.176370206
1866	5800	PC	152.268699511995
1866	5820	PC	41.2875977710941
1866	5831	PC	897.613009609421
1866	5900	PC	145.528562440688
1866	5920	PC	37.9569480876267
1866	6000	PC	57.4911792820128
1866	6010	PC	345.305251929224
1866	6020	PC	904.692830123022
1866	6030	PC	296.76945188087
1867	441	PC	2514.55146124527
1867	1833	PC	128.568399421572
1867	1857	PC	1296.03952254625
1868	59	PC	24.4065959855718
1868	1439	PC	1.39876033962862
1868	1677	PC	.862138275040635
1868	1971	PC	1.19398281076398
1868	1974	PC	1.05861848047388
1868	2019	PC	.90189311080275
1868	4001	PC	66.879679237222
1868	5101	PC	58.7564757719332
1868	5403	PC	1594.9480776593
1868	5605	PC	24.616829863897
1868	5800	PC	18.8334515999687
1868	5830	PC	28.7708955708048
1868	6020	PC	9395.76178375633
1868	6030	PC	250.97739860566
1870	50	PC	18.8879566795345
1870	51	PC	4.71079616247278
1870	1271	PC	4.61221997202537
1870	1504	PC	22.6151590546537
1870	1835	PC	.457224730484819
1870	1931	PC	2.97961692158252
1870	1971	PC	9.90242139276059
1870	1973	PC	.629964767888555
1870	4001	PC	346.701944593097
1870	4005	PC	45.3365465388393
1870	5201	PC	100.581337898747
1870	5204	PC	68.5683633987696
1870	5403	PC	999.009003786678
1870	5605	PC	525.075657302134
1870	5700	PC	19.4330074751925
1870	5710	PC	229.503370561727
1870	5800	PC	155.247012788269
1870	5831	PC	660.635630012234
1870	5840	PC	189.312687516894
1870	5841	PC	35.1411767450578
1870	5842	PC	21.8652966508163
1870	5930	PC	.89446728787448
1870	6020	PC	10869.8565271384
1870	6030	PC	110.136273007631
1871	1531	PC	51.8844939654999
1917	1525	PC	6.53811576820235
1919	1919	PC	7845.28097947083
1923	1525	PC	3.61205295791173
1928	1971	PC	27352.9872832665
1929	231	PC	35.860230167369
1929	1504	PC	14.6543030181091
1929	1674	PC	5.32206688884798
1929	1901	PC	3.20334615639629
1931	58	PC	115.12627264611
1931	1926	PC	1.73497262046942
1931	1931	PC	12.3511559564918
1931	1938	PC	6291.65309015052
1931	1971	PC	1365.75372682841
1931	3001	PC	1.31828957854473
1931	4001	PC	222.167665810054
1931	4004	PC	1.47074483592746
1931	5101	PC	25.7265904241214
1931	5102	PC	1.79601277808227
1931	5201	PC	30.2346702978412
1931	5204	PC	33.2052617748974
1931	5403	PC	49.8711245644882
1931	5404	PC	7.31130335426457
1931	5501	PC	51.6717071178193
1931	5605	PC	774.201292321556
1931	5700	PC	44.1481598366838
1931	5710	PC	37.2684845998364
1931	5790	PC	16.9611505484727
1931	5800	PC	1.95112740693348
1931	5820	PC	146.949160653195
1931	5840	PC	62.7911822099332
1931	5841	PC	100.798168533294
1931	5842	PC	14.8285682926944
1931	5850	PC	34.5320284116122
1931	5920	PC	129.045615567173
1931	6010	PC	88.5343572170136
1931	6020	PC	1758.82916752463
1931	6030	PC	1049.82751482944
1936	4001	PC	73.7717252502558
1938	1243	PC	.796956269093845
1938	1439	PC	23.0830057017291
1938	1503	PC	7.24615829471173
1938	1671	PC	1.69930960183717
1938	1804	PC	20.0938021633587
1938	1813	PC	7.50691073783263
1938	1815	PC	2.71767879553369
1938	1828	PC	10.5612475007554
1938	1860	PC	.907934771731246
1938	1874	PC	2.76228400292253
1938	1901	PC	1.93904054756923
1938	1931	PC	3.52709135349896
1938	1941	PC	.585346567017574
1938	1971	PC	1.32489446642411
1938	1974	PC	.970933956946325
1938	2003	PC	5.18297110476518
1938	2028	PC	1.28979082597126
1973	58	PC	27.0649406318786
1973	1101	PC	353.102980933828
1973	1119	PC	40.0161223243162
1973	1271	PC	514.09992986924
1973	1439	PC	65.4651324496005
1973	1504	PC	13.9371058925094
1973	1515	PC	35.8064236360155
1973	1627	PC	7677.79346436358
1973	1971	PC	104.496722838076
1973	3001	PC	42.1143725829308
1973	4001	PC	465.912903412304
1973	4004	PC	1048.56101232988
1973	4005	PC	95.0834484215582
1973	5101	PC	1467.5746406619
1973	5102	PC	587.159420910695
1973	5104	PC	23.4506146490879
1973	5201	PC	2007.58562371166
1973	5403	PC	813.582922219189
1973	5404	PC	42.5013077246408
1973	5501	PC	182.259154161655
1973	5605	PC	1227.98166501005
1973	5700	PC	25.1683721721336
1973	5710	PC	3507.13029190287
1973	5730	PC	105.527765920896
1973	5750	PC	38.1072488047679
1973	5790	PC	26.0888087971103
1973	5800	PC	4814.38871395205
1973	5810	PC	500.780058959723
1973	5830	PC	1546.13126840951
1973	5831	PC	1364.11248304801
1973	5835	PC	14340.5267099729
1973	5840	PC	115.926159299879
1973	5841	PC	1195.86604824813
1973	5850	PC	286.29682894339
1973	5900	PC	3415.8556141439
1973	5920	PC	7428.92119179351
1973	6000	PC	3659.48209551539
1973	6010	PC	25.8933870083679
1973	6020	PC	11629.5223119008
1973	6030	PC	117.25307324544
1973	6050	PC	27.9511784438254
1974	227	PC	173.016550255211
1974	1972	PC	2.3467484366178
1974	3001	PC	56.3283763871092
1974	4001	PC	.879398049340798
1974	4004	PC	.959520982725181
1974	5840	PC	19.6584548385417
1974	5842	PC	20.7059156262009
2002	1504	PC	4.75625980437709
2002	1860	PC	145.117478989865
2002	1865	PC	1.93855623321691
2002	1866	PC	37.0060972069635
2002	1941	PC	.91562226984202
2002	1971	PC	.94533268039066
2002	1974	PC	10.261923864455
2002	2002	PC	28.4732223075395
2002	2004	PC	1.4095962201928
2002	2028	PC	59.9541282597394
2004	1504	PC	12008.8565311892
2004	2022	PC	1592.46732115388
2004	2028	PC	35.1938740418626
2004	5605	PC	32.3804313964227
2004	5710	PC	47.5116742270343
2004	5800	PC	7614.45680561734
2004	5840	PC	6993.08890242279
2004	5841	PC	1459.54784786169
2004	5842	PC	18.6877564870541
2004	6020	PC	4378.05565791224
2012	58	PC	3.74625825605253
2014	1938	PC	.790835073621551
2014	1971	PC	1.6622364358808
2014	5403	PC	91.2496955787245
2014	5710	PC	294.852560460009
2018	720	PC	2.6027092057666
2018	1149	PC	123.744873477016
2018	1271	PC	4.46039729180917
2018	1504	PC	1072.63037121226
2018	1620	PC	2.60180919315861
2018	1865	PC	6.66247480952765
2018	1971	PC	1.96891878582337
2018	2002	PC	1.19729910086719
2018	2004	PC	12.2604839469229
2018	2018	PC	24.4159601653733
2018	2019	PC	31.7175873750339
2018	5800	PC	55.2700131311128
2019	2028	PC	.615892795732596
2019	3001	PC	.746536938831796
2022	1504	PC	423.864044802007
2022	1860	PC	120.442057916603
2022	1865	PC	57.9389320019401
2022	1866	PC	94.9447495642655
2022	1868	PC	12.3808992064996
2022	1971	PC	1.34084075020229
2022	1974	PC	23.2935795064748
2022	2002	PC	90.778552661583
2022	2004	PC	67.5683377787438
2022	2019	PC	19.1207096713233
2022	2028	PC	284.540784250937
2023	1860	PC	4.30691647773641
2024	4001	PC	21.2846920398656
2028	50	PC	36.2623047564399
2028	52	PC	23.5626263902193
2028	54	PC	2.2351744905347
2028	56	PC	113.586708533994
2028	58	PC	1423.70216626604
2028	301	PC	26.4477705548878
2028	2002	PC	366.105634078516
2028	2028	PC	5778.92023109459
2028	3001	PC	164.131778284951
2028	4001	PC	425.756036957049
2028	4002	PC	17.4926699259237
2028	4004	PC	159.629359409017
2028	4005	PC	29.3079966458893
2028	5101	PC	13.9640096758666
2028	5102	PC	90.8676175602026
2028	5103	PC	113.459400769533
2028	5201	PC	2209.41750588377
2028	5204	PC	126.602226773877
2028	5402	PC	343.711527744484
2028	5403	PC	1807.32710770651
2028	5404	PC	541.678016926154
2028	5501	PC	195.146282063613
2028	5605	PC	4346.02371683088
2028	5700	PC	595.637072757654
2028	5710	PC	578.49619986024
2028	5800	PC	19.470313442549
2028	5840	PC	31.5538611013788
2028	5841	PC	8.38093252450924
2028	5842	PC	21.5470820887545
2028	5860	PC	3.84838738370322
2028	5880	PC	8.68996969320056
2028	6000	PC	19.8046178011333
2028	6010	PC	219.189956876796
2028	6020	PC	2463.90961430107
2028	6030	PC	1324.43320806642
2030	1971	PC	94.1923265621865
2030	2028	PC	.708730315727949
2030	2301	PC	86.1521819025805
2030	5830	PC	487.461721123564
2030	5831	PC	17.4023834441113
3001	1974	PC	.997381288191826
4001	104	PC	60.3890036483354
4001	211	PC	34.8045871013063
4001	217	PC	50.6083580692721
4001	219	PC	152.412690735756
4001	231	PC	29.4101651787366
4001	301	PC	9.19050564572362
4001	302	PC	7.5450396920212
4001	306	PC	34.5042450220848
4001	307	PC	10.1954742199282
4001	309	PC	33.0249779331687
4001	310	PC	5.18229442713603
4001	402	PC	10.0788380665
4001	502	PC	2.14171317433555
4001	822	PC	13.805270892588
4001	1122	PC	1.18180702065319
4001	1271	PC	10.9554004802444
4001	1273	PC	3.78697997958914
4001	1401	PC	1.65207914096244
4001	1439	PC	3.91514815832465
4001	1504	PC	584.348222186534
4001	1525	PC	9.99252448919235
4001	1534	PC	.69207377295289
4001	1554	PC	5.14420776803498
4001	1671	PC	2.64214842738877
4001	1860	PC	13.9857376152821
4001	1865	PC	18.8721095862985
4001	1972	PC	35.9685535426659
4001	2028	PC	3.9151827907716
4002	1653	PC	7.12142673883847
4003	219	PC	4.8164622898886
4004	1071	PC	1.98199325686683
4005	1504	PC	34.4286347018256
5101	106	PC	21.3032489334994
5101	211	PC	19.1629915724339
5101	219	PC	3.21942992842463
5101	301	PC	3.49892346918412
5101	305	PC	1.07883473633177
5101	306	PC	32.0744370573735
5101	307	PC	.677430460561481
5101	402	PC	41.6218683116575
5101	625	PC	.768344096111878
5101	1071	PC	6.01332905602799
5101	1260	PC	4.60785175947908
5101	1504	PC	174.085970116057
5101	2028	PC	22.2726713938369
5102	312	PC	3.49892346918412
5102	1504	PC	59.4522798651353
5106	309	PC	1.28196668218163
5106	1271	PC	27.4911017111006
5201	402	PC	227.352456459327
5201	602	PC	.613259232036994
5201	1504	PC	5.69706758493257
5402	1271	PC	.764398116064989
5402	1504	PC	21.0385946678832
5403	106	PC	385.561543769002
5403	211	PC	2.84696083811775
5403	220	PC	1.24760036967767
5403	228	PC	.712711278578532
5403	231	PC	12.326822975913
5403	301	PC	170.272194858287
5403	305	PC	3.73510080335405
5403	306	PC	25.5994847930112
5403	309	PC	21.1665431421921
5403	822	PC	.523063569225309
5403	1101	PC	.589000849124576
5403	1106	PC	5.57842729007918
5403	1175	PC	4.30488233866051
5403	1216	PC	.612917470161165
5403	1271	PC	38.3930137735543
5403	1504	PC	417.017622379661
5403	1514	PC	122.032171472931
5403	1531	PC	43.2608374852559
5403	1545	PC	60.8751249880007
5403	1677	PC	.587144094975282
5403	2028	PC	30.6172927594873
5404	231	PC	1.87911870692759
5404	309	PC	1.55507709741516
5404	1216	PC	.612917470161165
5404	1271	PC	4.33450687442959
5605	301	PC	2.14017485531762
5605	305	PC	1.91371675300654
5605	309	PC	3.25788651908477
5605	1173	PC	2.6590138621122
5605	1277	PC	.546554378153338
5605	1504	PC	678.363355803377
5605	1548	PC	1230.12596986417
5605	2028	PC	15.3969022987682
5700	301	PC	1.32667514873231
5700	1504	PC	246.654058287318
5700	1532	PC	134.779543588587
5700	1868	PC	158.097110361787
5700	1871	PC	1.7322879544594
5800	1439	PC	32.9358663884271
5800	1504	PC	22.9379390644192
5810	704	PC	2.1026813977958
5830	1504	PC	218.141683431744
5831	1504	PC	3383.5376845299
5831	1545	PC	925.000731081986
5831	1868	PC	2362.01260535981
5831	1972	PC	12.6380774647456
5840	1244	PC	2.07771926388804
5840	1271	PC	42.5865057283535
5840	1439	PC	5.74028210052789
5840	1504	PC	.783105391759376
5842	1504	PC	3.19132345223765
5842	2028	PC	40.5601670410871
5850	104	PC	17.0736513434811
5850	219	PC	.796077218664999
5850	220	PC	74.932797588025
5850	307	PC	6.58963920029676
5850	402	PC	11.7754424743608
5850	1271	PC	20.2565500757222
5850	1439	PC	5.09985239715041
5850	1441	PC	26.1079851587072
5850	1504	PC	165.837774978686
5850	1567	PC	89.0581643191202
5850	1663	PC	115.12833666864
5850	1804	PC	96.9872211460905
5850	2028	PC	101.187288947201
5930	106	PC	126.183777960764
5930	402	PC	329.242043505667
5930	1271	PC	25.8689438770085
5930	1504	PC	895.051804198625
5930	1514	PC	520.201873746232
5930	1515	PC	86.9264393751973
5930	1804	PC	1212.34026432613
5930	1860	PC	434.813610849347
6020	104	PC	145.822295560193
6020	211	PC	393.169218586596
6020	219	PC	41.672105876563
6020	220	PC	1302.23758832882
6020	301	PC	134.874752428375
6020	305	PC	3.97516583026751
6020	307	PC	67.0189632826641
6020	309	PC	6.10853722328394
6020	310	PC	11.1333800943067
6020	1271	PC	112.266353842782
6020	1503	PC	20.3807946614056
6020	1504	PC	718.153027663092
6020	1531	PC	273.815086969596
6020	2028	PC	125.962790981465
6030	220	PC	5.81765649306618
6030	402	PC	145.807190695367
6030	1271	PC	23.340400490534
6030	1504	PC	716.717173510754
6030	1972	PC	24.4760902150461
6040	302	PC	18.0544451009901
6040	306	PC	54.09724452633
6040	1439	PC	17.5074975569198
6050	211	PC	21.6899147439219
