50	231	PC	439.264175626766
50	233	PC	.421097032438802
50	301	PC	99.5462122069509
50	412	PC	257.869509756572
50	1034	PC	.522957834755982
50	1102	PC	6.88269317637992
50	1253	PC	1.04095423683718
50	1277	PC	16.7971860151738
50	1416	PC	6.2351110291553
51	125	PC	77.6511834710017
51	301	PC	10.0980130053714
51	1840	PC	37.3062077800154
51	1866	PC	1.18372654586619
51	1868	PC	.536524207376475
51	1922	PC	44.6811935408537
51	1931	PC	1.15552049199464
51	1933	PC	2.87452874927365
51	1939	PC	1616.09749922908
51	2004	PC	11.6630594764102
51	2020	PC	81.0107719214069
52	104	PC	64.4750550682631
52	106	PC	23.1499658011205
52	219	PC	12.2647491412404
52	230	PC	102.265675630849
52	231	PC	13.5827297977266
52	301	PC	43.3406718190539
52	605	PC	1.92055026981906
52	628	PC	27.7950677308723
52	704	PC	45.2437036378436
52	805	PC	147.566579820716
52	1721	PC	49505.803311178
52	1804	PC	1.02013107422667
54	417	PC	22.520196894749
54	1719	PC	31320.2469450681
55	106	PC	173.700458850354
55	301	PC	3729.35777109173
55	412	PC	34.5069506726697
55	426	PC	9251.62446395097
55	428	PC	17.1452399556942
55	1702	PC	103.522219087068
56	138	PC	2.08638496660853
56	235	PC	.788914247934533
56	301	PC	183.871352810472
56	1130	PC	1214.11224454097
56	1663	PC	1.44970081290237
56	1901	PC	.539032135121935
57	301	PC	18.8496242766932
57	432	PC	44.5459581011113
57	602	PC	1744.01773166682
58	101	PC	351.735917630705
58	104	PC	61.4473131549669
58	105	PC	116505.524635463
58	106	PC	160.374558667207
58	118	PC	38.4593484164494
58	124	PC	9.81474128105049
58	128	PC	207.348268150859
58	211	PC	13.147553708862
58	213	PC	10.4155006060658
58	219	PC	570.265894281353
58	220	PC	.882767374834285
58	230	PC	562.179388827565
58	231	PC	15.8486948168665
58	235	PC	302.94307120686
58	301	PC	2779.59252387586
58	402	PC	8.97839313812442
58	412	PC	95.3307502121616
58	427	PC	4.99966366772317
58	501	PC	19.8584594550372
58	502	PC	26.4494214134425
58	513	PC	1.32049236105118
58	528	PC	1.328331427077
58	529	PC	30.1531298542742
58	602	PC	25.1786492699983
58	604	PC	2.62566941643434
58	605	PC	5.63238300283475
58	617	PC	10.6865254274241
58	626	PC	8.14346646428554
58	627	PC	2.06161967368714
58	628	PC	331.939450843586
58	704	PC	8.25841150236525
58	706	PC	21.8315008771691
58	709	PC	13.2887417715539
58	806	PC	16.1036916749946
58	906	PC	38.3930851666902
58	1032	PC	1.72960195702442
58	1034	PC	22.1856616564497
58	1101	PC	6.66914006679866
58	1102	PC	9.83455398492505
58	1106	PC	12.2721303550955
58	1121	PC	2.90479396991877
58	1173	PC	48.6562663937099
58	1221	PC	4.06289981068622
58	1241	PC	181.64226998166
58	1247	PC	1.84799820278607
58	1271	PC	34.5748776254917
58	1274	PC	1.53505384157808
58	1416	PC	723.272879382015
58	1420	PC	2.71991235273477
58	1449	PC	177.171104324179
58	1502	PC	2.73124089962448
58	1516	PC	1.57117126308311
58	1640	PC	92.8831097029673
58	1663	PC	2.85750275837982
58	1677	PC	30.1653519046259
58	1702	PC	33.4966631096371
58	1703	PC	562.638375646966
58	1719	PC	78.4662902159847
58	1729	PC	58.2002752290539
58	1804	PC	19.9809673071864
58	1805	PC	6.62569628001416
58	1828	PC	22.0171564159779
58	1833	PC	465.50365279749
58	1841	PC	6.62829414093712
58	1901	PC	15.2746664336297
58	1925	PC	16.6592084672556
58	1931	PC	2.27059776676946
58	1939	PC	417.804973866904
58	1971	PC	18.9284403372053
58	2012	PC	9.5179576535561
59	106	PC	34.0529750418772
59	118	PC	10.2631518345611
59	125	PC	9.53904624536012
59	128	PC	156.698153299559
59	135	PC	34.2679276109582
59	214	PC	6.9090127052161
59	230	PC	5.98412965063849
59	235	PC	1200.71652821403
59	237	PC	16.2706684745995
59	301	PC	18.1427633663172
59	402	PC	89.3404697140875
59	412	PC	17.8045691431465
59	415	PC	14.8209365649342
59	515	PC	9.53920098647258
59	605	PC	285.312516045236
59	706	PC	29.4531491123938
59	709	PC	23.448762875541
59	719	PC	156.893677365207
59	1102	PC	182.910747215065
59	1149	PC	10.8957408602373
59	1211	PC	121.70805018524
59	1504	PC	40.4870840089651
59	1702	PC	221.172733703547
59	1743	PC	.547765469652304
60	101	PC	100387.46300328
60	105	PC	10.7873841355264
60	106	PC	50.3412379788062
60	111	PC	1.18709762805556
60	118	PC	162.628101875272
60	119	PC	197.217170131359
60	125	PC	344.142012262431
60	127	PC	109.524451120651
60	128	PC	313.672579952852
60	135	PC	591.939508652472
60	136	PC	88.4269469002739
60	137	PC	45.781550567231
60	211	PC	34.4405772830897
60	213	PC	124.159168556303
60	219	PC	1572.29017938425
60	221	PC	10.1608205931368
60	231	PC	11.1665711317848
60	233	PC	21.4117135138374
60	235	PC	2843.5647066837
60	237	PC	38.0600432154374
60	301	PC	537.618212405971
60	402	PC	2419.86798036577
60	412	PC	6693.84820688866
60	415	PC	103.495206737941
60	417	PC	438.568972184895
60	420	PC	14655.7211165812
60	427	PC	105.891752962452
60	430	PC	60.2539696996069
60	437	PC	52.4696742531252
60	438	PC	29.83316524583
60	439	PC	16.0950812107119
60	511	PC	38.2263453538321
60	513	PC	11.7906257811892
60	516	PC	50.7366526666332
60	517	PC	37.0334149066752
60	522	PC	36.8127475106241
60	528	PC	43.5770845224025
60	538	PC	49.145389780418
60	542	PC	46.8491112810745
60	605	PC	70.9310921766828
60	612	PC	25.1566064574449
60	706	PC	44.1797236685906
60	709	PC	20898.6058995058
60	719	PC	841.832348012722
60	720	PC	97.4448678582113
60	805	PC	.724081436527513
60	904	PC	34.1636949458402
60	906	PC	1.63308010524981
60	1102	PC	111.983884091263
60	1149	PC	21.2180216751989
60	1211	PC	35.5422088149479
60	1260	PC	30.1737446677072
60	1271	PC	44.3558227836096
60	1273	PC	40.5061327830028
60	1416	PC	110.980805676136
60	1449	PC	37.5787610789642
60	1502	PC	.974162509056435
60	1529	PC	9.92771248241629
60	1624	PC	302.307338965167
60	1640	PC	36.7936881045437
60	1644	PC	10.6027455232601
60	1812	PC	23.7251679146319
60	1826	PC	664.404389734955
61	426	PC	24.2129316716255
61	1640	PC	37.2991134845226
61	1833	PC	1018.64592169229
62	101	PC	246.18353171852
62	104	PC	28.5091511285024
62	105	PC	696.312490601719
62	106	PC	21.4747638604834
62	118	PC	19.1088019703444
62	119	PC	21.8268150525659
62	123	PC	24.9624647055896
62	125	PC	16.7887213918338
62	127	PC	152.076741994844
62	128	PC	114.663674146197
62	135	PC	31.5712753529368
62	211	PC	196.031119150793
62	213	PC	314.038678964964
62	215	PC	.569206551748567
62	216	PC	1.42447895190056
62	219	PC	8.69399939125904
62	220	PC	49.3746128283381
62	221	PC	1346.57611860624
62	231	PC	1.46928567523485
62	235	PC	333.524455456656
62	301	PC	259.040961622456
62	403	PC	9.06046940424645
62	412	PC	53533.9137062545
62	417	PC	17.1638939866381
62	419	PC	24.9380342812949
62	420	PC	13.0056715082619
62	425	PC	49.0364498102868
62	428	PC	270.496776800997
62	432	PC	15.6426982993207
62	434	PC	9.71146547472882
62	436	PC	71.4462519643706
62	437	PC	267.565776850151
62	502	PC	13.7628053520651
62	514	PC	62.4001077217393
62	516	PC	37.3053329718796
62	522	PC	16.0113923748694
62	602	PC	277.900119372522
62	605	PC	7.29439765940894
62	701	PC	14.1951782748527
62	706	PC	153.879786064401
62	806	PC	10.8949847591601
62	815	PC	25.9295937072996
62	941	PC	41.3507671995286
62	1120	PC	855.98091369572
62	1416	PC	97.071711841866
62	1432	PC	11.6477605993324
62	1449	PC	13.0171355731892
62	1504	PC	82.2053541983198
62	1519	PC	20.4295811647184
62	1520	PC	43.8451060177555
62	1535	PC	503.50195347371
62	1621	PC	41.9899746409943
62	1634	PC	39.3206592474011
62	1636	PC	42.9336692655904
62	1638	PC	130.34443356082
62	1640	PC	37.3950803288224
62	1653	PC	47.4783275176141
62	1663	PC	23.8823544322067
62	1664	PC	23.999232541297
62	1665	PC	18.1576640298014
62	1677	PC	346.966194047075
62	1702	PC	963.718422886147
62	1703	PC	71.91176587801
62	1711	PC	802.514675174082
62	1714	PC	101.467217506602
62	1719	PC	389.149207087831
62	1721	PC	108.451476569058
62	1725	PC	133.172355092821
62	1729	PC	55.2902614676012
62	1738	PC	219.620416473287
62	1743	PC	10.2432142824981
62	1804	PC	71.3955734482106
62	1805	PC	130.456577265888
62	1812	PC	48.7756974993817
62	1828	PC	145.177742152125
62	1833	PC	20.0381895850948
62	1838	PC	2.0129231572214
62	1840	PC	187.985219652319
62	1848	PC	159.957385651523
62	1865	PC	11.2006368623784
62	1866	PC	2.36745309173238
62	1870	PC	69.4962334857177
62	1871	PC	16.2121589215892
62	1931	PC	8.66640368995979
62	1933	PC	38.4899399527742
62	1940	PC	5.5163845042952
62	1971	PC	4.32316229923824
62	1973	PC	19.2446016500271
62	2011	PC	5.38401120328099
62	2012	PC	100.767506553572
62	2020	PC	10.7858272442567
62	2021	PC	3.53428452457508
62	2025	PC	18.5582549827339
101	54	PC	76.2216766575017
101	58	PC	54844.7747067566
101	101	PC	67409.4382623315
101	105	PC	8967.69028996526
104	58	PC	1500.9425105378
104	101	PC	319.610524629789
104	105	PC	989.17556287172
104	136	PC	1102.81640088355
105	51	PC	371.526405669593
105	58	PC	30461.0371937325
105	101	PC	1666.48859609416
105	105	PC	56428.8744272311
106	58	PC	11525.5747181056
106	101	PC	963.845626667273
106	105	PC	11194.1161753443
106	106	PC	16739.7980723781
106	5850	PC	23.2616810660906
111	58	PC	695.579992836961
111	105	PC	177.080405022311
111	106	PC	310.368404970063
118	58	PC	31027.54972109
118	101	PC	51370.8281203612
118	105	PC	7142.57885334407
119	60	PC	55160.2873689992
119	101	PC	7877.51283495189
119	105	PC	26158.9501544869
119	125	PC	33399.2817726902
119	4002	PC	29.0025046997091
119	5101	PC	24976.622506855
121	60	PC	16253.2950294368
121	101	PC	2713.49833334279
121	105	PC	7992.67657048587
121	221	PC	15347.7887513726
122	60	PC	10005.7319265333
122	101	PC	2330.98049784309
122	105	PC	17352.6754705779
122	122	PC	22243.6341029298
123	58	PC	7501.68183569134
123	101	PC	4078.13123206203
123	105	PC	12681.4844685331
123	138	PC	12102.2019775123
124	58	PC	2937.44337579541
124	101	PC	1381.6405152484
124	105	PC	5728.2911464044
124	124	PC	4786.73191981367
125	58	PC	15009.6447334835
125	101	PC	4227.98276478826
125	105	PC	16496.5077624095
125	125	PC	16351.0231285344
127	58	PC	4166.43786018023
127	101	PC	719.486097773433
127	105	PC	4123.22847616389
127	124	PC	3704.97688635336
128	58	PC	29406.3150087483
128	101	PC	5179.55532938705
128	105	PC	14721.2063860963
128	128	PC	48477.4969947086
135	58	PC	6364.75621557166
135	105	PC	13727.6988799894
136	58	PC	3571.86318963425
136	101	PC	704.931488027681
136	105	PC	3197.12584512663
136	136	PC	3540.40985756722
137	58	PC	27612.275721286
137	101	PC	4693.09933398165
137	105	PC	21007.9626701393
137	137	PC	28458.9992483191
137	5810	PC	111.715721037497
138	58	PC	9185.00647869883
138	101	PC	4596.33703152864
138	105	PC	10298.0986122166
138	138	PC	10070.6770047823
211	58	PC	7950.9387419274
211	101	PC	9720.91470523933
211	105	PC	8127.96423487423
211	213	PC	20011.9179687387
213	60	PC	17661.3690685881
213	101	PC	1289.66144100651
213	105	PC	1462.22194423426
213	213	PC	9478.30257900203
214	60	PC	7814.51512812489
214	101	PC	7567.86643560981
214	105	PC	7045.50995717906
214	213	PC	13084.0901873289
215	58	PC	2393.80809844088
215	101	PC	5935.99326219734
215	105	PC	2342.59117482954
215	213	PC	6240.0044856614
216	60	PC	10447.757326884
216	101	PC	1028.37549339235
216	105	PC	250.239357152972
216	213	PC	4970.051781218
217	60	PC	1042.36167420978
217	101	PC	454.948574795636
217	105	PC	1268.8955259183
217	213	PC	1278.89603334793
219	50	PC	24868.3777106568
219	54	PC	26801.8586036879
219	56	PC	2317.13144101156
219	60	PC	1079.77702836897
219	62	PC	278.186829827884
219	101	PC	3308.67424451925
219	105	PC	985.422540836926
219	220	PC	12831.7878291395
219	6030	PC	5583.72483544162
220	60	PC	770.680550782435
220	101	PC	3673.26040174419
220	105	PC	291.657908605059
220	220	PC	3336.5247762934
221	60	PC	96137.0103977573
221	101	PC	29120.0849401973
221	105	PC	37758.669625925
221	221	PC	83900.3273108483
226	54	PC	48.0250828816258
226	60	PC	15184.7843433133
226	101	PC	15233.2839377827
226	105	PC	585.164726328649
226	227	PC	16957.0866191548
227	60	PC	7896.34839242645
227	101	PC	6915.97597932286
227	105	PC	2169.03147784863
227	227	PC	8711.23656169891
228	60	PC	271.389482830164
228	101	PC	1092.53790330164
228	105	PC	649.192290111065
228	227	PC	1531.60782366559
229	60	PC	26832.1696116252
229	101	PC	2532.88084457508
229	105	PC	1673.48543439979
229	138	PC	12476.891709432
230	60	PC	284.416178006012
230	101	PC	1123.60180834142
230	105	PC	65.1807139984391
230	227	PC	1617.56540560601
231	50	PC	36578.4606971324
231	52	PC	45031.2877963125
231	55	PC	197.311009596842
231	56	PC	18053.436310304
231	60	PC	9204.17431018501
231	101	PC	905.575014385581
231	227	PC	4395.99229660935
231	4003	PC	52.7467321575735
233	60	PC	3703.92366166608
233	101	PC	10966.2172032935
233	105	PC	437.696577926125
233	227	PC	11514.842946402
234	60	PC	649.163642929752
234	101	PC	5157.76852060608
234	105	PC	248.788959861715
234	235	PC	9457.12691621209
235	60	PC	10962.1557421278
235	101	PC	1729.57129019003
235	105	PC	12715.6334524206
235	235	PC	22389.1021493952
235	5800	PC	54.4089820111
235	5810	PC	246.164482211365
236	60	PC	167790.021545129
236	101	PC	11911.1448417715
236	105	PC	1880.52779704517
236	236	PC	105945.112475987
236	5800	PC	114.634917547461
236	5810	PC	39.0800855275436
237	60	PC	14283.7476014139
237	101	PC	1401.97485400273
237	105	PC	40832.030723051
237	237	PC	75139.2217857804
238	60	PC	7121.56515482816
238	101	PC	26634.9029999626
238	105	PC	1459.15012022226
238	235	PC	45286.5340650481
239	60	PC	59391.1117240732
239	101	PC	4946.86299909654
239	105	PC	3785.36912349348
239	239	PC	62263.9914467328
301	50	PC	18740.9424570384
301	54	PC	13567.043424296
301	56	PC	7683.28360809999
301	60	PC	883.759836771629
301	101	PC	1265.34103831518
301	105	PC	7237.58619662523
301	308	PC	15491.7898540318
301	4004	PC	31.1108473178154
301	6000	PC	18.7404839853683
301	6030	PC	4100.40556673281
307	5101	PC	8219.5105198984
402	50	PC	102983.674601555
402	54	PC	3213.25924026857
402	55	PC	76812.0495816217
402	56	PC	4116.79848975902
402	60	PC	115615.384634299
402	101	PC	80161.2642283177
402	105	PC	18470.206852698
402	402	PC	109440.799358435
403	60	PC	21106.1917523492
403	101	PC	23266.7633736544
403	105	PC	8481.69716981574
403	403	PC	40756.903796673
412	55	PC	418656.829091994
412	60	PC	31479.0140137484
412	101	PC	25447.0376092907
412	105	PC	94653.1750232827
412	412	PC	140588.888218099
412	4001	PC	121.127664759163
415	101	PC	1793.42915685024
415	105	PC	4680.81339518397
415	415	PC	63053.7037457902
415	426	PC	41358.9655202946
417	60	PC	66010.5262012771
417	101	PC	58505.2971517774
417	105	PC	6919.40393106627
417	417	PC	84689.5598331466
417	3001	PC	135.671086715196
417	5605	PC	9790.37644197621
417	5850	PC	1.80273614775343
417	6010	PC	1476.62320417107
418	60	PC	35184.9044258071
418	101	PC	30938.3086557374
418	105	PC	17417.5022128266
418	402	PC	62460.6033291896
419	60	PC	47566.6659788156
419	101	PC	29584.9279281412
419	105	PC	21655.2436064303
419	236	PC	70209.2082641391
420	59	PC	201609.659190293
420	60	PC	69785.615542115
420	101	PC	37142.5481426922
420	105	PC	10827.6847130326
420	420	PC	72769.8058730903
423	50	PC	9.80190116609289
423	57	PC	921.868804671037
423	59	PC	2448.51491129001
423	101	PC	20198.9938162784
423	105	PC	37777.0102836115
423	423	PC	102180.246037244
423	426	PC	40487.360156012
423	4001	PC	233.285247753011
423	4004	PC	92.1378709612732
423	4005	PC	1039.00152360585
423	5101	PC	636.457046516744
423	6020	PC	1193.89005494859
425	101	PC	50406.9789182507
425	105	PC	35218.5090921564
425	426	PC	201042.696024083
426	101	PC	8319.50632359156
426	105	PC	392.695884664545
426	426	PC	120303.6110822
427	54	PC	15753.5687901288
427	55	PC	4299.83188542929
427	59	PC	2680.22854191759
427	101	PC	20575.6800493111
427	105	PC	4450.34215911547
427	426	PC	145661.136705541
427	427	PC	143590.923060956
427	5101	PC	105709.635026547
428	60	PC	188085.7446144
428	101	PC	19399.8826527712
428	428	PC	137238.591623525
429	60	PC	52577.3887768326
429	101	PC	61199.3759706074
429	423	PC	93401.7650983002
430	60	PC	83811.5367989382
430	101	PC	8346.21526500871
430	430	PC	62318.0925068914
432	101	PC	6622.97926820487
432	430	PC	55859.0572595978
432	1719	PC	78756.4281815149
434	434	PC	12137.7321433834
434	1719	PC	12243.5556593799
436	436	PC	1187.2926308687
436	1719	PC	3128.47130504206
437	437	PC	12556.1594721665
437	1719	PC	47445.5717952723
438	438	PC	12480.8591283793
438	1719	PC	49823.3496510019
439	438	PC	752.228190772793
439	1719	PC	9238.76682270233
441	1640	PC	37.0676919856219
441	1719	PC	282.819392531704
501	60	PC	102710.376098032
501	521	PC	40943.6341950516
502	101	PC	16704.9518901789
502	105	PC	4631.66252929107
502	502	PC	171595.085961701
511	512	PC	2796.69047262618
511	1719	PC	5619.300481151
512	512	PC	317.16890459116
512	1719	PC	2968.78390219153
513	513	PC	5348.66334862195
513	1438	PC	7689.56324970061
514	513	PC	622.51950796975
514	1719	PC	1882.22610513584
515	515	PC	3649.05365823741
515	1719	PC	12523.6480577175
516	519	PC	10108.6516828061
516	1719	PC	16568.1025422718
517	517	PC	8806.47199210242
517	1719	PC	25345.0300629746
519	519	PC	5931.38988893329
519	1719	PC	12898.686541496
520	60	PC	36144.8389430955
520	519	PC	12565.503877111
521	60	PC	48283.9709063745
521	521	PC	15109.8671464484
522	60	PC	57779.2088718642
522	101	PC	6621.97656780016
522	522	PC	23418.0996708346
528	60	PC	63608.0170306139
528	101	PC	7126.46240332844
528	105	PC	3696.96183054987
528	605	PC	66018.4057632302
529	60	PC	34594.6800882316
529	101	PC	4833.26171939108
529	105	PC	1128.79260693012
529	529	PC	39021.4223727494
532	60	PC	30991.3489129063
532	101	PC	2838.76673464913
532	532	PC	17015.1869960468
533	60	PC	16893.4181095364
533	101	PC	18458.0657781452
533	532	PC	27291.7462343521
534	60	PC	26428.0067773321
534	101	PC	31043.5837044053
534	534	PC	26520.6253306991
536	60	PC	105936.3777885
536	101	PC	10011.5386866253
536	105	PC	2614.56162316525
536	536	PC	79919.6206866979
538	60	PC	116793.198269045
538	101	PC	2119.14437288031
538	105	PC	12717.5327611713
538	538	PC	62208.4809283545
540	58	PC	62286.2914323896
540	101	PC	11255.4964619598
540	540	PC	27710.7896397679
541	60	PC	15045.251254986
541	101	PC	2545.25638788637
541	541	PC	10264.3573085178
542	101	PC	5513.95359656466
542	542	PC	12936.7204106047
542	1719	PC	35966.272226456
543	101	PC	2877.8242586685
543	542	PC	4596.45882769409
543	1719	PC	16156.9043657482
544	101	PC	895.437635768188
544	544	PC	1084.06493856182
544	1719	PC	5101.51909263686
545	545	PC	555.215753048
545	1719	PC	1785.82847080049
602	101	PC	2626.14737966104
602	105	PC	73.0876713729095
602	624	PC	18526.8173776002
602	5820	PC	49.2312540085287
604	101	PC	9744.76522721738
604	105	PC	194.319882986414
604	624	PC	49037.9338539154
604	631	PC	37995.2966744342
605	57	PC	31149.6519957864
605	60	PC	126430.239468238
605	101	PC	74989.4857361722
605	105	PC	7842.98474951627
605	605	PC	163818.893990059
605	5101	PC	217485.890640229
605	5605	PC	.693279570538793
605	5870	PC	5677.94906409746
605	6020	PC	7073.12620794865
612	60	PC	4459.91122059467
612	101	PC	8767.93890949841
612	105	PC	177.347257355973
612	605	PC	10041.528994375
615	58	PC	10102.9453729938
615	101	PC	4762.81450505362
615	616	PC	9101.75179323901
616	58	PC	37305.0731337057
616	101	PC	724.45688257753
616	616	PC	19233.4036734009
617	617	PC	16068.1140291338
617	1719	PC	29861.9988610723
618	617	PC	2091.21175958258
618	1719	PC	4798.42562842689
619	617	PC	21698.3695367655
619	1719	PC	51386.5065409069
620	617	PC	9135.62874432093
620	1719	PC	25703.1435328274
621	60	PC	65244.7221236835
621	101	PC	11032.500324369
621	621	PC	47495.363015953
622	60	PC	44275.3147207453
622	101	PC	3964.93548779932
622	622	PC	30049.1435969548
623	60	PC	86106.6760831192
623	101	PC	10882.7207359088
623	105	PC	1342.33331799505
623	623	PC	65363.4844611435
624	101	PC	10270.5208617986
624	624	PC	101207.303272594
625	101	PC	4800.55789706474
625	624	PC	13326.1805584486
626	60	PC	37913.6051608824
626	101	PC	2374.50868091222
626	105	PC	4830.87055439374
626	220	PC	17146.8848146224
627	57	PC	235.963160039823
627	60	PC	11886.6441870061
627	101	PC	2336.89849186049
627	105	PC	105.887118180471
627	220	PC	5628.28021816432
628	52	PC	30154.7666976617
628	60	PC	22629.2197101507
628	101	PC	2494.46589447278
628	105	PC	847.29711277449
628	220	PC	9384.45648463481
631	60	PC	36651.6773657492
631	101	PC	6261.1719795875
631	631	PC	24856.9692185657
632	58	PC	26821.4681743972
632	101	PC	4548.65683273816
632	631	PC	21083.7642370399
633	58	PC	41425.4723214157
633	101	PC	6492.44049414884
633	633	PC	18493.0415739086
701	58	PC	2654.23642523149
701	101	PC	2833.42711995007
701	105	PC	438.304149429416
701	714	PC	1873.17362781462
702	58	PC	61174.7902676783
702	714	PC	23240.4665076664
704	58	PC	4334.61632034208
704	101	PC	3867.203504956
704	105	PC	600.8041664323
704	714	PC	3872.15094994751
706	58	PC	112640.105708133
706	709	PC	58111.3975936792
709	58	PC	119493.524431258
709	59	PC	42944.7012392333
709	709	PC	66457.0857066255
709	4001	PC	451.471500455074
709	4002	PC	324.571403029864
709	4003	PC	60.399565601422
709	4004	PC	144.18616838858
709	4005	PC	84.3966994093944
709	5101	PC	48.8077297789269
709	5700	PC	6.34843412777117
711	58	PC	4523.9421957503
711	105	PC	643.530621023505
711	714	PC	3937.03309566351
713	60	PC	8732.38416071443
713	101	PC	1582.69672569238
713	105	PC	843.442331974796
713	714	PC	7718.66860782472
716	58	PC	40629.1247013014
716	101	PC	4324.71706337525
716	105	PC	932.942156840062
716	701	PC	11698.5659088208
720	50	PC	437.317258819185
720	54	PC	28000.4658237644
720	57	PC	664.456231277866
720	4001	PC	37.3379132808791
723	58	PC	4241.26188172483
723	722	PC	1001.60092656543
805	101	PC	8930.61018754797
805	806	PC	9552.86822011276
805	815	PC	2846.36088005321
806	101	PC	9286.2118651286
806	714	PC	53016.0808832472
806	5101	PC	85139.1998264562
807	60	PC	56959.2914453873
807	101	PC	4001.38800867027
807	714	PC	37865.6318466597
807	5850	PC	12.4872499096822
811	101	PC	7762.77311947636
811	105	PC	139.714211309378
811	811	PC	9754.89959791218
811	5101	PC	1315.63781511113
814	101	PC	3507.89444020916
814	714	PC	19405.840485422
814	815	PC	12079.3403649238
814	5840	PC	3156.5035315462
815	101	PC	4279.29685269047
815	815	PC	3074.17157241834
815	911	PC	8641.94890468073
817	101	PC	3067.72558962623
817	815	PC	24349.7251275322
817	830	PC	16238.0179928866
819	101	PC	2734.85947942611
819	821	PC	11766.6217067422
819	5101	PC	27706.6706164685
821	821	PC	9041.87048755204
821	5101	PC	8008.78692421692
822	821	PC	9178.03519400251
822	5101	PC	11154.6819550347
826	101	PC	4796.42438712643
826	834	PC	7422.55212447777
826	5101	PC	21935.2489551801
827	714	PC	19723.9424413446
827	5101	PC	20554.9052977591
828	101	PC	7238.04423657168
828	828	PC	8655.46987862718
828	5101	PC	12217.7928955597
829	101	PC	3757.25901700574
829	828	PC	6298.35735379707
829	5101	PC	8948.80925848936
830	101	PC	1284.40974601983
830	830	PC	8581.49399584247
830	5101	PC	8744.48663184218
831	831	PC	9030.52349178363
831	5101	PC	10705.1409582862
833	834	PC	5594.52119848263
833	5101	PC	9155.83002306345
834	101	PC	5523.50888841978
834	834	PC	6036.50707256512
834	5101	PC	9185.8886174889
901	815	PC	2988.59392313378
901	901	PC	4398.81403771947
904	904	PC	9261.89908043964
904	1071	PC	14087.5518404863
906	101	PC	1503.07773130144
906	906	PC	14217.9766319845
906	929	PC	15669.0627187711
911	815	PC	5148.72411958328
911	911	PC	8870.53969074178
912	815	PC	13870.2657408323
912	929	PC	23657.8066080433
914	901	PC	11853.1852758781
914	5101	PC	16535.0967380125
919	101	PC	1624.780550476
919	906	PC	20762.703886986
919	929	PC	32378.3914628469
926	1071	PC	10246.6334640246
926	1074	PC	7858.03745538595
928	1014	PC	31894.8506010386
928	1075	PC	56368.5612229657
929	101	PC	1223.97579362752
929	929	PC	41398.4873583552
929	5101	PC	47156.7997267332
935	929	PC	9734.49885762
935	1014	PC	6239.15633556915
937	929	PC	17832.9903156086
937	1014	PC	11810.5732209662
938	929	PC	7633.68187902787
938	1014	PC	4697.12627960697
940	834	PC	4443.51142875417
940	5101	PC	3208.80460763114
941	834	PC	54.5756158048254
941	5101	PC	311.525610081371
1002	50	PC	7159.39911659784
1002	52	PC	17844.9573326661
1002	57	PC	7314.89923180405
1002	59	PC	6086.64489534027
1002	1002	PC	25257.9383645053
1002	1071	PC	17459.9854486322
1002	4001	PC	3111.48878284304
1002	4003	PC	62.7150219253337
1002	5101	PC	352594.348919759
1002	5605	PC	53.1761816196275
1002	5810	PC	81155.4676929739
1002	6020	PC	3380.35191487469
1003	1032	PC	19805.4642744558
1003	5101	PC	17158.088155987
1004	1034	PC	12771.3715389613
1004	5101	PC	4040.51729220433
1014	1014	PC	34894.4588327622
1017	1017	PC	12889.496430549
1017	1071	PC	8447.18273263971
1018	1017	PC	5774.73321811265
1018	1071	PC	4596.59875600843
1021	1021	PC	48652.5427166809
1021	1071	PC	32320.2203080232
1026	929	PC	7284.32532968295
1026	5101	PC	6093.78362318406
1027	1014	PC	13151.0066886277
1027	1021	PC	23810.563558037
1029	1029	PC	31115.1318117818
1029	1071	PC	19571.681326514
1032	1032	PC	27891.0997395966
1032	1071	PC	12011.1232989941
1034	1014	PC	5497.86898472595
1034	1034	PC	12628.5393310837
1034	5101	PC	8373.84248168941
1037	1034	PC	15940.7751047265
1037	5101	PC	6420.23034642091
1046	1046	PC	689.049717760425
1046	5101	PC	354.102729581704
1071	1071	PC	11415.4607682769
1071	1075	PC	14222.7717688253
1101	1114	PC	1890.62882459431
1101	2303	PC	43.448718738995
1101	5101	PC	6883.59125586867
1102	1102	PC	887.303940423006
1102	5101	PC	2346.73919026958
1106	1106	PC	1.05928421061815
1106	5101	PC	144.422033162518
1111	5101	PC	65.3828792483815
1112	1046	PC	5493.38769622407
1112	5101	PC	25944.7437717484
1114	1114	PC	3515.64103533928
1114	5101	PC	14839.8703744061
1119	1121	PC	3243.45880861841
1119	5101	PC	6687.76424296721
1120	1121	PC	60.5445644275437
1120	5101	PC	208.642091444465
1121	1121	PC	22.0162052463795
1124	5101	PC	194.679896758162
1129	1130	PC	968.144902228157
1129	5101	PC	3053.51185893508
1130	1130	PC	598.009716868323
1130	5101	PC	4913.55130730926
1133	1133	PC	5934.02998947661
1133	5101	PC	17618.5306566137
1134	1134	PC	5444.84017258126
1134	5101	PC	16841.6722386519
1135	1134	PC	2700.60298791663
1135	1238	PC	2299.25668581472
1141	1133	PC	41.958482596276
1141	5101	PC	548.066231090913
1142	1102	PC	65.8199784621916
1142	5101	PC	645.406179469994
1145	1106	PC	217.68290528203
1145	5101	PC	2793.53475574356
1146	1106	PC	6213.76117948606
1146	5101	PC	14372.0554715729
1149	50	PC	1721.90263795865
1149	52	PC	102959.622817824
1149	54	PC	26355.8037807372
1149	55	PC	1129.73103855429
1149	56	PC	32799.6673198204
1149	62	PC	341.78505733861
1149	1106	PC	564.068842154164
1149	3001	PC	143.679291277682
1149	5101	PC	1021.27009164923
1159	1154	PC	6063.54642534764
1159	5101	PC	28133.4120600585
1173	4001	PC	276.614740263336
1173	4005	PC	188.733695563701
1211	1154	PC	3886.00616542819
1211	1238	PC	8025.41283422219
1216	1106	PC	140.410813444143
1216	1238	PC	1368.93248804434
1219	1219	PC	92.3266105987335
1219	1238	PC	322.861435859514
1221	1219	PC	8369.92017638963
1221	1238	PC	11814.8836299676
1222	1219	PC	2895.97801911361
1222	1238	PC	4012.7064171111
1223	1224	PC	147.614703346425
1223	1238	PC	570.08104960337
1224	1224	PC	11773.4630330334
1224	1238	PC	12667.2378206367
1227	1234	PC	2405.79323586845
1227	1238	PC	2764.73250772209
1228	1234	PC	6311.77275175537
1228	1238	PC	5494.7405042826
1231	1234	PC	19699.1493648726
1231	1238	PC	21163.7627789085
1232	1234	PC	647.333127421889
1232	1238	PC	871.419875340636
1233	1233	PC	1422.51937053521
1233	1238	PC	1659.71140377341
1234	1234	PC	5671.47777464138
1234	1238	PC	6028.57978543839
1234	5101	PC	46305.2575062879
1235	1234	PC	12213.4773184643
1235	1238	PC	15240.7717747142
1238	1234	PC	1347.63897534666
1238	1238	PC	1114.32439835625
1241	1224	PC	7324.14788267542
1241	1238	PC	4915.2494619438
1242	1238	PC	2864.13811778457
1243	1224	PC	4319.25511816796
1243	1238	PC	1290.86597534702
1245	1238	PC	556.030522402545
1245	1245	PC	316.278644039896
1246	1238	PC	327.431813735013
1246	1245	PC	377.906468062376
1251	1235	PC	2074.97174037049
1251	1238	PC	666.934846409565
1252	1234	PC	48.3024722346472
1252	1238	PC	91.2885932302686
1253	1238	PC	2356.15104676139
1253	1253	PC	4346.39454210676
1256	1234	PC	371.929036206784
1256	1238	PC	236.143220504744
1259	1238	PC	58.8471923302558
1259	1245	PC	36.6278576737379
1260	1234	PC	25397.4399009775
1260	1238	PC	7030.73058109812
1263	1234	PC	18082.0304810402
1263	1238	PC	7125.03697906327
1264	1234	PC	416.608823023832
1264	1238	PC	411.93034631179
1266	1238	PC	188.612795930307
1266	1432	PC	98.9577404487505
1271	50	PC	7688.8255249649
1271	54	PC	35153.2940928793
1271	56	PC	29723.8619324404
1271	62	PC	15000.0092258041
1271	1234	PC	9647.21126706491
1271	1238	PC	3719.44433574565
1273	5930	PC	2.85424128729355
1401	1401	PC	20.9695334426308
1401	1438	PC	152.362358372205
1411	1429	PC	150.726372430541
1411	1438	PC	595.542329509868
1412	1429	PC	4.33744956634651
1412	1438	PC	77.3621163333897
1413	1429	PC	10.0133193382163
1413	1438	PC	38.2468388981147
1416	52	PC	17658.9618557568
1416	57	PC	3189.33766956318
1416	1430	PC	593.478974596712
1416	1438	PC	2123.8090427374
1416	5101	PC	104939.47449642
1416	5501	PC	7268.47153544353
1416	5810	PC	72338.1419999035
1417	1238	PC	2432.69319709492
1417	1420	PC	888.62498720779
1418	1238	PC	234.342123188198
1418	1420	PC	351.721916856845
1419	1238	PC	367.942792808415
1419	1420	PC	237.105321338065
1420	1420	PC	2909.73986449081
1420	1438	PC	13349.1718083127
1421	1238	PC	82.1300876804498
1421	1420	PC	16.1190021085088
1422	1420	PC	184.588572532923
1422	1719	PC	422.451655347689
1426	1426	PC	829.748748379446
1426	1719	PC	5022.85039035441
1428	1429	PC	3592.0001648257
1428	1438	PC	5928.26002920778
1429	1429	PC	1882.50403558466
1429	1438	PC	2641.58167322979
1430	1430	PC	4056.41045148068
1430	1438	PC	6091.44654183974
1431	1431	PC	168.155735222292
1431	1438	PC	1313.14146883527
1432	57	PC	5067.99111477941
1432	1432	PC	1415.55378940959
1432	1438	PC	5429.77622890235
1432	5101	PC	193397.101717554
1433	1433	PC	1195.1120841266
1433	1438	PC	2162.22129237342
1438	1438	PC	3155.04504154934
1438	2301	PC	126.910190137076
1439	1438	PC	137.348978899664
1439	2303	PC	28.0148423533977
1441	1438	PC	1621.24386108473
1443	1438	PC	1587.33586944099
1443	1449	PC	1299.84635537123
1444	1438	PC	1948.14859921937
1444	1449	PC	1489.66289699402
1445	1431	PC	11041.5730567788
1445	1438	PC	7062.56398188497
1449	1438	PC	3762.41826542614
1449	1449	PC	3483.81918788281
1502	1438	PC	3916.47178018019
1502	1535	PC	1890.64684612029
1503	1719	PC	110.685857982821
1504	1438	PC	66.2306596939275
1504	1528	PC	20.9059023858751
1511	1438	PC	189.642327857655
1514	1438	PC	795.713137407411
1514	1528	PC	266.736557180329
1515	1438	PC	11.0735426676976
1517	1438	PC	49.0399746712321
1519	1438	PC	14374.3412247473
1519	1528	PC	15467.7725605904
1520	1438	PC	6587.92326870222
1520	1528	PC	3556.7651173837
1523	1438	PC	1098.12069097462
1523	1523	PC	1422.26638285723
1524	1438	PC	3614.06809687851
1524	1523	PC	5987.08239607061
1525	1438	PC	2073.59201214568
1525	1528	PC	4381.52870837299
1526	1438	PC	14.7179243764283
1528	1438	PC	2748.98120853067
1528	1528	PC	7266.54323762375
1529	1438	PC	3164.35374093209
1529	1529	PC	3030.32603473928
1531	1438	PC	110.384432823212
1531	1528	PC	106.271670461532
1532	1438	PC	31.0711736835709
1532	1528	PC	36.5853291752814
1534	1529	PC	4323.59186268282
1534	1719	PC	3750.67365214158
1535	1438	PC	9021.06985021611
1535	1535	PC	6669.82192782117
1539	1535	PC	7217.00075609666
1539	1719	PC	5942.58135485707
1543	1535	PC	3116.75940474286
1543	1719	PC	5334.63844877632
1545	1529	PC	72.035818985987
1545	1719	PC	59.3410406333802
1548	1548	PC	1803.37891285384
1548	1719	PC	4955.58241371003
1551	1548	PC	1858.70587755887
1551	1719	PC	1780.2312190014
1554	1548	PC	60.4531907157716
1554	1719	PC	185.706272837844
1557	1535	PC	8625.98623890603
1557	1719	PC	13380.7991420044
1560	1566	PC	5237.83599242624
1560	1719	PC	5886.87088005557
1563	1566	PC	1581.8825256841
1563	1719	PC	3628.3345451866
1566	1566	PC	12511.1871378426
1566	1612	PC	11709.0767241874
1567	1566	PC	3315.45615739916
1567	1719	PC	9343.84214168062
1569	1612	PC	13664.5454834346
1571	1612	PC	1775.49003809644
1573	1719	PC	93.4680578521596
1612	1612	PC	3667.64503206943
1613	1612	PC	323.953196421582
1613	1638	PC	491.974309928944
1617	1719	PC	222.449468107364
1620	1719	PC	195.485896215562
1621	1719	PC	216.746092725354
1622	1612	PC	1893.65891549454
1622	1638	PC	3853.23714660101
1627	1627	PC	3885.94877519872
1627	1719	PC	4805.09414795747
1630	1630	PC	5071.14863241786
1630	1702	PC	5674.79824071127
1632	1630	PC	32.559541781174
1632	1702	PC	22.0154199206051
1633	1630	PC	2977.84142540321
1633	1702	PC	3594.98857056469
1634	1635	PC	1228.52453450335
1634	1719	PC	3137.57253412853
1635	1635	PC	22825.4132864463
1635	1719	PC	36060.3186980044
1636	1612	PC	5186.70357467875
1636	1638	PC	6349.33283207954
1638	1612	PC	9705.36157023591
1638	1638	PC	14763.4414066862
1640	1640	PC	38.2340223143525
1640	1719	PC	460.72864077851
1644	1640	PC	2488.63539272972
1644	1719	PC	8741.34983877058
1648	1648	PC	21672.7759884368
1648	1719	PC	33926.6947534419
1653	1612	PC	15511.9454616214
1653	1653	PC	25580.8997280822
1657	1612	PC	5318.56750473514
1657	1653	PC	8780.42555700862
1662	1653	PC	3405.38126332632
1662	1719	PC	2312.75289248645
1663	1714	PC	1384.47838684499
1663	1719	PC	2205.32994392834
1664	1664	PC	15119.3452074226
1664	1719	PC	17795.5592781977
1664	5850	PC	139.257033114746
1665	1665	PC	4459.47632747977
1665	1719	PC	6226.7396181862
1671	1653	PC	9879.95632495836
1671	1719	PC	11678.7702073592
1677	52	PC	1.24777443707262
1702	62	PC	5898.05617715194
1702	1702	PC	58069.0005052636
1702	1703	PC	27922.5988893158
1703	1702	PC	7386.13603774156
1703	1703	PC	5421.15738214225
1711	1664	PC	7140.48538510991
1711	1719	PC	14772.2142549838
1714	1664	PC	17424.740637034
1714	1719	PC	21502.7035606624
1717	1719	PC	1493.27236667709
1719	1719	PC	25396.6849154123
1721	1719	PC	17039.5432444067
1721	1721	PC	10091.2447213815
1724	1702	PC	8869.16918455563
1724	1703	PC	1731.22924854997
1725	1702	PC	23433.6983894228
1725	1703	PC	9484.94044603866
1729	1702	PC	43640.8408875103
1729	1729	PC	22618.694676277
1736	1702	PC	22185.7880167772
1736	1736	PC	12422.6498322248
1738	1702	PC	26086.3072593517
1738	1738	PC	12371.4480968627
1739	1702	PC	104.438609441142
1740	1743	PC	493.832308336142
1740	1826	PC	1377.72643355794
1742	1702	PC	7751.80219957844
1742	1743	PC	2494.8657470042
1743	1702	PC	12363.1848921287
1743	1703	PC	13093.0390605022
1744	1702	PC	12136.3304553956
1744	1703	PC	9599.62906089044
1748	1702	PC	2330.41375916748
1748	1703	PC	1193.46375203878
1749	1702	PC	627.859754190648
1749	1703	PC	509.076346208631
1751	1702	PC	508.639586694559
1751	1751	PC	249.846578377661
1804	1702	PC	1259.1079527425
1804	1804	PC	205.51730567634
1805	51	PC	2.75569093116705
1811	1702	PC	1719.93592283566
1811	1751	PC	1147.58598058951
1812	1702	PC	2289.44609357125
1812	1813	PC	534.807703593889
1813	1702	PC	8585.23276071504
1813	1813	PC	1271.270498292
1815	1702	PC	4935.50135947226
1815	1813	PC	31.4367252291748
1820	1702	PC	86.6393065977868
1822	1702	PC	4805.45921478422
1822	1832	PC	719.971849917253
1824	1826	PC	19524.1524298216
1824	1832	PC	8507.7873550822
1825	1826	PC	9406.85841551876
1826	1826	PC	23886.4266676263
1827	1702	PC	169.248878004979
1828	1702	PC	6581.41755462295
1828	1833	PC	428.013363945342
1832	1826	PC	8835.37557768831
1832	1832	PC	3566.86170811341
1833	1702	PC	24671.761127642
1833	1833	PC	2566.70540841313
1837	1702	PC	2804.65530592641
1838	1702	PC	516.969506144273
1839	1702	PC	1745.44222889303
1840	1702	PC	3241.97321408697
1840	1840	PC	2168.53909859388
1841	1702	PC	6009.8662440209
1841	1840	PC	2729.13135171415
1845	1702	PC	760.519584594464
1845	1840	PC	479.894440266817
1848	1702	PC	102.628020479011
1849	1931	PC	8888.24792815886
1851	1931	PC	60.0812249179155
1854	1931	PC	13.228893559908
1860	1702	PC	641.030197380248
1865	1702	PC	3056.7452820415
1866	1702	PC	1998.72163697966
1867	1702	PC	281.510089715445
1870	1931	PC	7402.15376013116
1922	1931	PC	2969.15168083126
1924	1931	PC	10553.5598913242
1925	1931	PC	270.270874553387
1931	1931	PC	332.382814668141
1933	1931	PC	119.872576599835
1972	2301	PC	346.754374036427
1973	2301	PC	906.469767743627
2012	1702	PC	10200.9004304425
2030	1702	PC	5675.38091834714
3001	233	PC	2.85489513517832
3001	235	PC	100.696138034977
3001	303	PC	27.7022156780688
3001	306	PC	34.0908919061337
3001	417	PC	5005.79812564691
3001	436	PC	1.54106732294146
3001	438	PC	1.96936148812794
3001	815	PC	118.125047547479
3001	1130	PC	46.9965693035637
3001	1271	PC	144.504021317141
3001	1671	PC	11.9348573312071
3001	1717	PC	1.66452695483915
3001	1744	PC	74.1691721681127
3001	1805	PC	8.59549787677513
3001	1866	PC	12.429128731595
3001	1870	PC	12.7440244782367
3001	1871	PC	11.6727544235442
3001	1901	PC	13.5384815332951
3001	1933	PC	2.11756951196492
3001	1938	PC	2.67885151603998
3001	1940	PC	3.5212921085751
3001	1941	PC	24.7982771599267
3001	1971	PC	1.5533142760379
3001	1972	PC	37.0114928162129
3001	2002	PC	24.0058492060106
3001	2003	PC	193.635434406675
3001	2004	PC	44.739249314272
3001	2011	PC	.909897893354485
3001	2012	PC	273.154398556935
3001	2017	PC	67.9808250428203
3001	2020	PC	292.668973704505
3001	2021	PC	58.6359891905284
3001	2023	PC	5.02447991590733
3001	2025	PC	84.0092435379115
3001	2027	PC	6.73799114793647
3001	2028	PC	52.6688350025496
3001	2030	PC	372.152233044685
4001	106	PC	5.48936229135319
4001	119	PC	96.2552199356045
4001	214	PC	4.18567487509258
4001	219	PC	19.1039197150034
4001	220	PC	3.96868067660542
4001	227	PC	4.58125503195856
4001	233	PC	4.61779288115093
4001	302	PC	164.799572247661
4001	305	PC	.383724494204112
4001	306	PC	15.3826398115157
4001	412	PC	7.55422433644931
4001	417	PC	555.677645988464
4001	604	PC	8.55594482826894
4001	626	PC	112.70176808118
4001	628	PC	7.56071595477638
4001	709	PC	21.1355066372868
4001	720	PC	26.4493212758002
4001	806	PC	1.7192553389674
4001	906	PC	.557445612849693
4001	914	PC	.630284427527029
4001	1071	PC	7.8979847024348
4001	1102	PC	11.1348673537525
4001	1119	PC	42.8622393901266
4001	1235	PC	11.938800446221
4001	1238	PC	17.4262334123306
4001	1260	PC	1.24012510807069
4001	1401	PC	1.26192171521688
4001	1523	PC	.651771120864587
4001	1528	PC	1.11446854366219
4001	1674	PC	947.766912100039
4002	626	PC	8.26462324483814
4002	704	PC	31.174936741774
4002	1569	PC	43.3907445379147
4003	106	PC	1.15465896473291
4003	219	PC	1.32371043363154
4003	704	PC	3.19607325297393
4003	901	PC	3.37498903632263
4003	1674	PC	41596.9958678915
4004	219	PC	3.30110503201941
4004	628	PC	4.46093679631284
4004	709	PC	51.1662324065654
4004	720	PC	31.2605089870953
4005	211	PC	.997683389549821
4005	231	PC	40.3171989284442
4005	233	PC	24.0524915138773
4005	1119	PC	142.176927962296
4005	1529	PC	4.52843025513726
4005	1531	PC	1.82020922997344
5101	106	PC	59.9949440773929
5101	136	PC	7.78100940989189
5101	217	PC	5.8947733183685
5101	233	PC	7.42272735146363
5101	301	PC	.740520953727233
5101	304	PC	2.82071163283373
5101	305	PC	163.843627016485
5101	412	PC	4687.1800024272
5101	417	PC	18.3683777751741
5101	709	PC	6.27024286569893
5101	722	PC	21.7764878477822
5101	1073	PC	15.5288877965747
5101	1102	PC	11.3740054445714
5101	1130	PC	8.89309171683156
5101	1432	PC	2.46649424863652
5101	1445	PC	2.84401551365224
5101	1504	PC	5.41068274489204
5101	1973	PC	.756037921965352
5102	106	PC	26.7085868727564
5102	217	PC	27.0927602398626
5102	722	PC	6.62054845924031
5103	417	PC	19.8739825108441
5106	231	PC	33.5193038710243
5106	305	PC	124.690264590326
5106	704	PC	121.760568490957
5106	928	PC	2.95556355466841
5106	1231	PC	3.52669252529117
5106	1271	PC	3.13440313201807
5201	231	PC	.391809513395959
5302	104	PC	35.0317246166501
5302	1724	PC	3208.61333813853
5402	106	PC	64.9637633928419
5402	305	PC	.504900650268568
5402	1247	PC	1.67673026809282
5403	106	PC	11.4898031408668
5403	231	PC	14.4643012028675
5403	302	PC	92.4910671205314
5403	602	PC	25.0179500289365
5403	1677	PC	7.87700583859666
5404	106	PC	43.8675762421069
5404	125	PC	23.1614736904884
5404	303	PC	41.5095654607465
5404	1102	PC	11.2021249417953
5501	106	PC	7.59992744820105
5501	1275	PC	30.4117473116831
5501	1677	PC	4.77394293248283
5605	104	PC	36.2828576386733
5605	233	PC	7.47982525416719
5605	306	PC	.41738453755535
5605	501	PC	1.45391357416448
5605	709	PC	2.26332984462283
5605	1172	PC	.874599065771015
5605	1724	PC	204405.977379594
5700	220	PC	76.6875863061169
5700	303	PC	15.6519201583256
5710	532	PC	9.42866834559064
5710	625	PC	8.65634012251974
5770	1449	PC	3.02418301195304
5790	217	PC	15.7193955156493
5800	106	PC	21.5978012911517
5800	128	PC	12.1560275643121
5800	219	PC	.506605227686147
5800	220	PC	17.3535466847765
5800	229	PC	47.3737352563937
5800	234	PC	67.8529298428731
5800	304	PC	.504900650268568
5800	522	PC	16.0113923748694
5800	604	PC	16.2777349266819
5800	704	PC	18.0581916657392
5800	713	PC	312.322793976532
5800	720	PC	10.981881933227
5800	723	PC	19.0611331563799
5800	1071	PC	17.1695319618148
5800	1149	PC	.713639167454137
5800	1515	PC	37.1697408887191
5800	1525	PC	7.16973604631042
5800	1531	PC	18.2020922997344
5800	1743	PC	16.1116083473731
5810	105	PC	44.1643775583396
5810	106	PC	151.866047115609
5810	137	PC	40.9624399812067
5810	231	PC	914.431162997715
5810	235	PC	9.86142809918167
5810	304	PC	347.102367037965
5810	713	PC	409.136499156223
5810	906	PC	902.904865883306
5810	1032	PC	5.0861576177151
5810	1072	PC	41.016104131002
5810	1102	PC	50.5179216854813
5810	1106	PC	838.171047169455
5810	1121	PC	13.5994461014678
5810	1149	PC	14.6550900459332
5810	1246	PC	15.0744372804941
5810	1247	PC	13.6036512863155
5810	1275	PC	92.4247077389945
5810	1424	PC	35.9959699497609
5810	1449	PC	15.4496306045427
5810	1554	PC	14.9276772987879
5810	1563	PC	9.95561401271273
5810	1621	PC	5.36110125878686
5810	1671	PC	22.8751432181469
5810	1673	PC	204.802151803513
5810	1674	PC	14363.2626438167
5810	1743	PC	363.763744856499
5810	1751	PC	11.2237002414989
5810	1805	PC	333.469503044388
5810	1833	PC	2.07782363595444
5810	1901	PC	1.3994660525745
5820	106	PC	109.408669117315
5820	135	PC	23.3644960983806
5820	211	PC	97.1032942842667
5820	213	PC	47.089798514748
5820	216	PC	6.24637829175645
5820	217	PC	99.4742997474683
5820	230	PC	10.4182100197144
5820	231	PC	10574.9975379839
5820	233	PC	56.9622951846454
5820	302	PC	4864.48214503419
5820	303	PC	14.9315952306091
5820	304	PC	1411.12326540527
5820	306	PC	129.483454763542
5820	403	PC	20.8264956444832
5820	412	PC	20.3480790207389
5820	419	PC	13.7942426030207
5820	436	PC	.87722293767437
5820	501	PC	12.3933773413822
5820	522	PC	11.9372330378018
5820	602	PC	35.0616525952979
5820	627	PC	18.7376552581449
5820	701	PC	152.838310448038
5820	713	PC	14.1085938297342
5820	720	PC	16.2489520672506
5820	805	PC	13.4959044220002
5820	941	PC	20.1734672748148
5820	1071	PC	4.24468984611532
5820	1149	PC	28.6730022637823
5820	1247	PC	62.6948293506487
5820	1272	PC	8.91295659848217
5820	1277	PC	19.2886346585728
5820	1401	PC	10.7651629398117
5820	1433	PC	.524720276513969
5820	1504	PC	51.3388852784247
5820	1528	PC	34.4445077894528
5820	1531	PC	45.505230749336
5820	1532	PC	16.5899102297763
5820	1671	PC	22.6165546426374
5820	1672	PC	95.4788586496565
5820	1673	PC	23.63101751579
5820	1743	PC	552.169504028308
5820	1805	PC	1211.39614683067
5820	1818	PC	201.6893164306
5820	1820	PC	7.23330811389089
5820	1835	PC	8.40897795745147
5820	1851	PC	20.7308857972983
5820	1867	PC	79.6277020722637
5820	1868	PC	5.86957482869863
5820	1870	PC	20.0600385305578
5820	1901	PC	16.793592630894
5820	1925	PC	251.822342224134
5820	2003	PC	75.4806337703264
5820	2004	PC	1.92841591871862
5820	2012	PC	105.611377972223
5820	2018	PC	72.6085141179815
5820	2019	PC	.877379654811609
5820	2020	PC	18.7308143170883
5820	2021	PC	25.7616207924105
5820	2023	PC	8.89894263035356
5830	2003	PC	139.901133941456
5831	303	PC	27.8301238428035
5831	1743	PC	108.552509005896
5831	1805	PC	4633.82892597231
5831	2019	PC	4.34098887351558
5831	2025	PC	13.4017112768171
5835	1743	PC	23.6196470514073
5840	106	PC	108.007935291246
5840	125	PC	4.34444983385173
5840	217	PC	5.89477331836849
5840	228	PC	.756977351777314
5840	231	PC	16.0315392564513
5840	235	PC	1.02997137924786
5840	302	PC	1651.33479877705
5840	305	PC	262.999382720562
5840	306	PC	1357.91346887564
5840	308	PC	15.4836199415694
5840	516	PC	24.0839870086749
5840	602	PC	3.03867655825915
5840	624	PC	4.26721911009202
5840	625	PC	6.69337823600039
5840	722	PC	16.9002290879905
5840	906	PC	.47108079959129
5840	1017	PC	11.1790877293494
5840	1173	PC	12.0926707563237
5841	220	PC	1.24492834912527
5841	312	PC	11.9425833810192
5841	516	PC	80.7838936513009
5841	937	PC	5.03694469424466
5841	1272	PC	2.81292588770853
5842	106	PC	241.541405237284
5842	125	PC	.548913538329495
5842	217	PC	9.50395744500846
5870	704	PC	18.1337489530435
5920	1172	PC	8.12127703930228
6000	626	PC	30.5574708665167
6010	1805	PC	10.3145974521302
6020	106	PC	7235.80290434721
6020	231	PC	3756.09496048747
6020	302	PC	8962.92902348092
6020	303	PC	8787.29091727416
6020	304	PC	.585684754311539
6020	305	PC	50.6516332349427
6020	306	PC	192.831656350571
6020	709	PC	83.9179466287547
6020	814	PC	3787.83535435862
6030	105	PC	252.930329944219
6030	219	PC	.931499934777754
6030	220	PC	22.3332600812776
6030	237	PC	457.29141923348
6030	303	PC	162.456833230414
6030	306	PC	12.9254566468753
6040	220	PC	194.465353153666
6040	237	PC	27.8504366228963
