50	106	PC	21.7461098513055
50	213	PC	17.7693484396562
50	301	PC	5.85933837494967
50	706	PC	1.2439339263958
50	805	PC	34.4120429239048
50	1034	PC	1857.1724432405
50	1853	PC	75.5961179145939
51	301	PC	165.478438680768
51	423	PC	480.431931806266
51	1805	PC	51.0173051796394
51	2030	PC	.569440635683638
52	106	PC	1813.17546192594
52	124	PC	9911.74563642841
52	125	PC	406.96014454853
52	213	PC	10.0951003319544
52	220	PC	111.340451717737
52	229	PC	243.031123262607
52	231	PC	4.61734816002576
52	233	PC	324.006523133893
52	237	PC	35.0166263350477
52	301	PC	1181.77777670696
52	417	PC	1239.35733886305
52	427	PC	127.059527228106
52	605	PC	29.4639704353592
52	626	PC	1.34111130600952
52	627	PC	36.697583769898
52	904	PC	3.1529403365177
52	1003	PC	35.1205156232997
52	1102	PC	7.4809976055967
52	1173	PC	139.375872984154
52	1251	PC	76.6340574020329
52	1271	PC	38.5582149928137
52	1416	PC	228.417766451356
52	1548	PC	296.11300817315
52	1804	PC	102.02618598103
54	301	PC	68.455306213596
55	1130	PC	21.2692716404673
56	105	PC	1.36164243728735
56	124	PC	43.7950429164391
56	904	PC	100.781485756548
57	418	PC	44.8926724583256
58	101	PC	122.20446223194
58	104	PC	203.25291024999
58	105	PC	43.2807774709194
58	106	PC	145.628011998406
58	124	PC	1220.61421730307
58	136	PC	46.5690811854172
58	213	PC	19.1323268796179
58	217	PC	43.6232058293047
58	219	PC	95.9890122978979
58	220	PC	281.835338631568
58	230	PC	155.848097890004
58	231	PC	20.7333346066173
58	235	PC	3072.90634352521
58	237	PC	58.6543154690916
58	301	PC	1477.5662701642
58	402	PC	397.982340871457
58	403	PC	2.42442850719197
58	412	PC	200.352643381459
58	425	PC	4.39828899563071
58	427	PC	957.60775093825
58	434	PC	522.060084109297
58	501	PC	6.62012350326429
58	513	PC	5.44623165173111
58	517	PC	5.39758566202108
58	602	PC	287.56053524438
58	605	PC	3.25006897574269
58	617	PC	6.11678620279733
58	625	PC	1.83326691194608
58	626	PC	143.349338753876
58	701	PC	2.4127113015859
58	704	PC	37.5849414936911
58	706	PC	2350.19718416601
58	709	PC	231.357572199485
58	716	PC	2.68825301238508
58	722	PC	12.5586859747527
58	728	PC	1654.00244534752
58	805	PC	1758.06380809551
58	806	PC	63.4592623536435
58	819	PC	4197.12475110731
58	904	PC	17.1159618268104
58	906	PC	81.1659960763642
58	1002	PC	921.977433862437
58	1032	PC	.79207100017974
58	1034	PC	21.454974988865
58	1101	PC	2.71542583315382
58	1102	PC	74.6104827864844
58	1106	PC	28.6463848317777
58	1121	PC	5.73839002634639
58	1149	PC	54.7476470810977
58	1173	PC	16.2176065871613
58	1221	PC	3.27165822562102
58	1253	PC	198.561095216607
58	1271	PC	1982.02463383543
58	1273	PC	37.3693366972019
58	1274	PC	15.23820656516
58	1277	PC	42.414036492095
58	1416	PC	110.040325718226
58	1420	PC	4.67329324336566
58	1432	PC	22.223540273902
58	1502	PC	1215.13493378918
58	1504	PC	7.60290902056804
58	1516	PC	1.76932299268102
58	1534	PC	3.62758040231525
58	1545	PC	6.89742665243634
58	1548	PC	134.694509368046
58	1551	PC	336.323338157286
58	1560	PC	11.0576617081386
58	1622	PC	91.3862465598863
58	1634	PC	3.16858855571943
58	1663	PC	2.10975796431812
58	1677	PC	238.556293621724
58	1702	PC	9.76712347425241
58	1703	PC	6.20187184393831
58	1717	PC	15.1879922589618
58	1719	PC	2708.47612411527
58	1804	PC	1754.04533925065
58	1805	PC	2.40348193290746
58	1833	PC	1.89994271774469
58	1841	PC	3.36386205918306
58	1901	PC	28.4582884798631
58	1971	PC	2.8215945165476
58	2003	PC	148.593873792038
58	2012	PC	5.43052472364266
58	2101	PC	40.1236570990626
59	106	PC	2872.3856440881
59	233	PC	36.3624251058772
59	301	PC	2.11371030139972
59	403	PC	1626.29080038442
59	529	PC	2.68826969614023
59	821	PC	.76074733820865
59	1034	PC	6.93647313351632
59	1102	PC	.591206616331183
59	1119	PC	5.90646405915169
59	1142	PC	.378456792680534
59	1173	PC	83.7818679702923
59	1271	PC	211.350429113943
59	1416	PC	4.30618872080458
59	1502	PC	72.3380720198348
59	1804	PC	10.8486121308199
59	1833	PC	13.4353092183375
59	1922	PC	11.8594653106222
60	301	PC	.884521669083694
60	914	PC	631.804474928969
60	1871	PC	140.914890562649
62	211	PC	232.057565156544
62	301	PC	3151.40987528281
62	428	PC	4.98303381713242
62	517	PC	50.0744817037019
62	520	PC	6.95599510160906
62	1271	PC	68.2981662167708
62	1634	PC	13.0155534020601
62	1718	PC	66.1860084031155
62	1721	PC	823.198047004377
101	105	PC	202079.793398418
101	106	PC	81414.6435087551
101	1037	PC	2765.54602811664
101	1401	PC	2220.22567844487
101	2012	PC	1.23515309540925
101	4001	PC	159482.588170182
101	5101	PC	23790.5883782326
101	5831	PC	26437.4043198826
101	5840	PC	46490.651380652
104	56	PC	2.42892963096063
104	1273	PC	653.336883951394
104	1277	PC	36.5430138846166
104	1401	PC	623.453831550239
104	1671	PC	895.309245977108
104	1675	PC	9.14877458279191
104	2002	PC	2.48176316603234
105	58	PC	30.8004341592748
105	105	PC	27490.7465295775
105	106	PC	15992.8915792171
105	136	PC	14873.0658599467
105	215	PC	15666.3786662325
105	306	PC	11317.8632572607
105	1263	PC	.763980684792434
105	1271	PC	8.91133816871875
105	1401	PC	1279.21008420514
105	1504	PC	7.41927425118093
105	1833	PC	33406.3256445735
105	1901	PC	118.006733630397
105	5831	PC	6.52139961718491
105	6020	PC	27.7203907433472
106	50	PC	6.75240287337947
106	105	PC	168954.505326668
106	106	PC	237139.107183889
106	111	PC	91535.8306757209
106	135	PC	52863.4322221234
106	306	PC	23657.9081717183
106	516	PC	8120.35517649486
106	701	PC	1194.89020514484
106	914	PC	52145.4108164384
106	1037	PC	35.4567143845786
106	1531	PC	674.352508373732
106	1804	PC	3.33968528068998
106	1833	PC	22791.9460106843
106	1901	PC	665.16462189667
106	1928	PC	17.4903224704553
106	1931	PC	30.2799956727675
106	1939	PC	10.3052226153221
106	1973	PC	9.98733162084588
106	1974	PC	4.14390607161284
106	2004	PC	3.8972015163938
106	2012	PC	3.04633552307795
106	2023	PC	10.9858093217173
106	6020	PC	6.93009768583681
119	125	PC	131985.401544184
123	106	PC	91.6281521628971
123	211	PC	46736.2693741524
123	306	PC	142544.519810852
124	60	PC	25.8680970540004
124	122	PC	27759.1070981225
124	124	PC	65090.8677212369
125	52	PC	16.84826046783
125	119	PC	17277.8871575199
125	125	PC	90369.7997445766
125	128	PC	7459.43553295759
125	138	PC	21645.4656099809
125	217	PC	8269.90302700269
125	235	PC	48852.7476744685
125	301	PC	14178.3036322578
125	306	PC	34652.4065399031
127	128	PC	132364.143188144
128	125	PC	3066.6306431833
128	217	PC	5640.80050041081
128	402	PC	2819.44556382657
128	1002	PC	4477.79464519655
135	106	PC	26088.2030786126
135	111	PC	26826.9456197945
135	415	PC	4.45473909309864
135	519	PC	16.4108917129188
135	605	PC	5.91595990579198
135	814	PC	17.55663713955
135	1071	PC	3.25987300097258
135	1072	PC	4.43153534086288
135	1102	PC	2.98930359632403
135	1119	PC	1.45164995422742
135	1246	PC	20.1314800377388
135	1271	PC	1.56612916648357
135	1273	PC	2.10252840600419
135	1274	PC	76.982818156972
135	1504	PC	1.34064032044284
135	1677	PC	6.25755850852783
135	1804	PC	7.71170818842106
135	1805	PC	1.39209095854288
135	1833	PC	1.01016128072059
136	135	PC	120115.925404605
137	306	PC	11933.3528511
211	123	PC	41141.7977299502
211	211	PC	2304.58597701272
211	1271	PC	23073.1907478321
213	211	PC	248536.846434472
213	213	PC	1179126.81581104
213	229	PC	25966.2734725097
213	236	PC	140682.26939696
213	306	PC	72451.3208378556
213	311	PC	1208290.30703291
214	137	PC	13333.7634985136
214	214	PC	318861.42731013
214	216	PC	35260.5193785894
214	217	PC	48373.1840552635
214	303	PC	25007.3981556849
215	229	PC	30133.9481276439
216	216	PC	102412.78473207
216	306	PC	83122.8933236203
219	219	PC	6450275.46341492
219	220	PC	35829.6079150905
219	229	PC	2789.50743161485
219	231	PC	46412.5517266543
219	302	PC	19506.9821934017
219	307	PC	38300.903506414
219	605	PC	546488.166308637
219	624	PC	8736.75596422
219	625	PC	35740.2247654308
219	626	PC	252149.905044942
219	806	PC	6.78728030202119
219	1102	PC	44.251824117514
219	1931	PC	3.44733295070616
219	6030	PC	59.1240640597589
220	60	PC	7.09488768717107
220	711	PC	141800.688029714
220	4001	PC	14.4984029887341
221	221	PC	113620.550481168
221	236	PC	12586.2524729254
221	301	PC	4.96867805465678
221	402	PC	25573.8479615444
221	806	PC	2.49729730714221
226	219	PC	35929.8733105649
226	238	PC	168248.00721537
226	301	PC	2.48433902732839
226	1271	PC	1090.55235297024
227	227	PC	66171.7585676233
227	1432	PC	15694.3339037939
228	58	PC	1.24018200581064
229	229	PC	477072.885473412
229	301	PC	32552.3809862795
229	302	PC	4087.37063785583
229	306	PC	287149.343294457
229	307	PC	41263.5158951708
229	311	PC	55555.8477834421
230	52	PC	1721.30247235575
230	58	PC	5.31775011582441
230	230	PC	1143449.81198646
230	231	PC	159829.857500946
230	301	PC	134742.100944991
230	306	PC	799166.880765728
230	806	PC	2.49729730714221
230	1271	PC	219.059137221162
230	1411	PC	5.91506339986693
230	3001	PC	3181.83439299953
230	4001	PC	2140.21693549359
230	4002	PC	7.67392568070451
230	4003	PC	1.24892099685969
230	5101	PC	58.6267857292301
230	5201	PC	11.2898024857348
231	227	PC	130986.147728799
231	231	PC	926639.484710204
231	234	PC	394785.151481176
231	236	PC	265353.252843639
231	306	PC	204730.84525408
231	427	PC	3.31580986372993
231	1612	PC	.538400281080287
231	1972	PC	.898897792926262
233	104	PC	13959.7596798558
233	213	PC	202256.136623032
233	301	PC	2.48433902732839
233	303	PC	19054.6662044647
233	306	PC	393435.346948072
233	427	PC	12.2270488725041
235	104	PC	4.13806706833948
235	123	PC	1.10525221406983
235	213	PC	2.99682521936063
235	226	PC	18496.0778056438
235	235	PC	4716921.75184095
235	238	PC	18188.1196644096
235	301	PC	3.39727624538003
235	306	PC	24736.5595082186
235	309	PC	277832.978602513
235	311	PC	24756.4368374486
235	542	PC	3.20229084289738
235	702	PC	1.95932600321009
235	906	PC	.854295590092647
235	1074	PC	5.7605087924185
235	1102	PC	2.74814689031821
235	1106	PC	2.46775741327659
235	1120	PC	1.20200400044099
235	1124	PC	1.09402184901807
235	1127	PC	2.61459402324636
235	1172	PC	9.63991940719114
235	1173	PC	8.26084545306444
235	1274	PC	3.1704396092726
235	1401	PC	1.12707326236556
235	1420	PC	1.41780400943217
235	1430	PC	1.41461410443324
235	1502	PC	7.00107208698175
235	1504	PC	1.60343884336753
235	1520	PC	2.29331242173471
235	1532	PC	3.74090264957123
235	1640	PC	2.36024486195416
235	1703	PC	1.41570476303271
235	1714	PC	5.17042657836889
235	1805	PC	2.5031100675392
235	1813	PC	3.83636318017618
235	1820	PC	1.22708679829649
235	1824	PC	1.84714155172509
235	1833	PC	1.2970158345134
235	1856	PC	2.30487573886187
235	1860	PC	1.05609786199637
235	1866	PC	2.34272878397853
235	1901	PC	3.51867603298502
235	1942	PC	2.99670940585431
235	1971	PC	7.3013903524164
235	2002	PC	4.34286554123622
235	2003	PC	1.65385651983257
235	2004	PC	.965973667796752
235	2012	PC	7.46865875507796
235	2015	PC	1.60948833352338
235	2019	PC	1.11536198153062
235	2020	PC	5.5331440789112
235	2023	PC	3.03433800675012
235	2030	PC	4.46513186787125
236	236	PC	38799.0347412239
236	806	PC	2.50210980716118
237	237	PC	567617.3428518
237	417	PC	308420.043469482
237	806	PC	3.48357897898203
301	211	PC	52290.0016000476
301	213	PC	196017.215174532
301	214	PC	70956.9538703739
301	228	PC	300592.558976603
301	230	PC	551693.16953073
301	231	PC	1909859.78527437
301	235	PC	65467.4327152602
301	236	PC	505890.570706975
301	301	PC	360114.238684227
301	306	PC	171252.219838721
301	602	PC	375427.864007863
301	605	PC	6957.4364436473
301	1172	PC	.769398568723178
301	1449	PC	2138.22372743721
302	626	PC	17243.8230635056
302	702	PC	217784.558353408
302	1037	PC	467.620827941983
302	1106	PC	25.0829571389883
302	1111	PC	547.815681120572
302	1130	PC	1392.49705269327
302	1159	PC	618.10848789716
302	1271	PC	33.2090279880815
302	1671	PC	20.28235631284
302	1833	PC	19502.2813953243
303	307	PC	18249.6884187907
303	602	PC	5088.37716052629
303	612	PC	18671.8836292391
305	306	PC	52085.8889764366
305	309	PC	77528.6653879675
305	704	PC	2.36857978677649
305	1072	PC	2.18977306896682
305	1102	PC	1.27135744923363
305	1221	PC	1.27824174604425
305	1272	PC	.782404699399201
305	1677	PC	1.94093219315157
305	1804	PC	1.76757278038496
305	1824	PC	.483911318552261
306	213	PC	241992.500198295
306	228	PC	412144.686285154
306	229	PC	247084.436449682
306	233	PC	51977.9281814151
306	235	PC	266555.844074644
306	236	PC	246717.652582525
306	301	PC	47716.9764463737
306	303	PC	202742.814127575
306	306	PC	3331502.19577006
306	307	PC	108276.14097673
306	308	PC	5157.47926150868
306	309	PC	6271.30107386347
306	311	PC	19031.8306260391
306	428	PC	2.4749232488184
306	605	PC	138358.032692784
306	626	PC	15022.8340631508
306	627	PC	216358.524689147
306	628	PC	58407.8796613106
306	1002	PC	1.02596151479735
306	1102	PC	1.78486130005501
306	1172	PC	8.47037295962086
306	1221	PC	.702674452950381
306	1443	PC	1703.13628433608
306	1805	PC	4.78798750110964
306	1971	PC	83.1183268460136
307	229	PC	20137.2518104962
307	306	PC	552263.68692949
308	306	PC	61624.9863575216
308	311	PC	32434.203346111
309	104	PC	8.10927612545839
309	213	PC	1.60530081788936
309	231	PC	2.8907627361123
309	235	PC	8.72606448451432
309	306	PC	35513.377345557
309	309	PC	26228.604492614
309	720	PC	26.2261017822854
309	805	PC	1.65547602550299
309	806	PC	2.46419333706184
309	906	PC	34.453284866676
309	911	PC	.660033520689574
309	1017	PC	1.64513482548727
309	1034	PC	4.49809032871171
309	1071	PC	.764354750488417
309	1075	PC	1.6870893141411
309	1101	PC	1.1685568634778
309	1127	PC	5.97997317986745
309	1173	PC	12.9836008472036
309	1504	PC	5.80622630795868
309	1804	PC	6.93581505668533
309	1805	PC	.277703275064359
310	310	PC	190216.108488996
310	1101	PC	.592006362900177
311	213	PC	535595.09568265
311	311	PC	37246.0002901126
402	60	PC	81264.5711620528
402	101	PC	413.383335738419
402	105	PC	303.58145051593
402	106	PC	594.932463580887
402	128	PC	11658.3219108695
402	221	PC	63684.0422096717
402	237	PC	6650.18982367812
402	305	PC	.756793956918263
402	402	PC	155347.208336366
402	1520	PC	10.0669657166637
402	1971	PC	1.14183596433186
403	403	PC	23476.8830940409
403	412	PC	266601.549334853
403	602	PC	.600668194844827
412	101	PC	686.95156980688
412	105	PC	606.50084468384
412	106	PC	527.621128914657
412	221	PC	1181.59258596135
412	237	PC	5165.23521664185
412	403	PC	636289.094975767
412	412	PC	709534.595588976
417	237	PC	1351790.13617468
417	306	PC	3.33430096092216
417	417	PC	1919974.09181971
418	50	PC	4.89599204090473
418	51	PC	.895267116051151
418	54	PC	6.12698432547506
418	55	PC	1.11908389506394
418	56	PC	1.06312970031074
418	58	PC	1.11908389506394
418	4001	PC	47.7680960608043
418	5810	PC	22.8231034853703
419	402	PC	121492.729079307
419	419	PC	379271.425699677
419	1173	PC	1.08384917476226
420	60	PC	1.07432053926138
420	309	PC	5794.66963878998
420	420	PC	43949.9696636833
423	101	PC	11691.0932884831
423	111	PC	9852.09979400856
423	301	PC	5099.44045922729
423	402	PC	5.59124536961738
423	420	PC	6257.83139287684
423	423	PC	100.096013463962
425	51	PC	630.044232920997
425	101	PC	564.492132869418
425	105	PC	79.832123024481
425	106	PC	691.374702907119
425	221	PC	704.404887838068
425	237	PC	3144.66203324548
425	427	PC	6417.0798141727
425	538	PC	3911.58287542346
425	619	PC	17622.5534524824
425	631	PC	4195.64364149157
425	1263	PC	4154.21243683745
425	1702	PC	6672.25819381803
427	101	PC	1134.31148188115
427	105	PC	609.381477035972
427	106	PC	1332.43033409805
427	221	PC	2029.40041209123
427	237	PC	7433.1469870653
427	402	PC	1.45636008651983
427	423	PC	95.6577094168922
427	427	PC	119523.339126259
427	1271	PC	9656.51852754956
428	1046	PC	1.24457190588649
429	101	PC	280.161755261537
429	105	PC	110.976772266156
429	106	PC	306.163932512044
429	221	PC	833.480719508849
429	237	PC	1656.15451203412
437	101	PC	633.394629287218
437	105	PC	749.555036664044
437	106	PC	724.141186264908
437	221	PC	1079.46754030586
437	237	PC	2947.00883249834
438	101	PC	844.506934008262
438	105	PC	336.69003570118
438	106	PC	747.205662438202
438	221	PC	1237.03361021311
438	237	PC	3606.40778398308
438	438	PC	10694.6453612113
441	101	PC	315.393914757989
441	105	PC	163.592704280751
441	106	PC	520.909804947574
441	221	PC	598.557374932652
441	237	PC	2218.36458530332
501	412	PC	5668.76938390864
501	501	PC	30858.1202112955
501	502	PC	327726.597425277
501	522	PC	10566.4557005758
502	502	PC	179667.97901061
511	101	PC	428.79953737942
511	105	PC	149.15505607717
511	106	PC	359.94430650354
511	221	PC	293.164987804747
511	237	PC	1306.11072439874
511	511	PC	22325.1464900774
512	101	PC	946.44413522315
512	105	PC	335.293905106098
512	106	PC	385.434510697305
512	221	PC	1138.44494254984
512	237	PC	3159.64549394597
515	515	PC	30867.3183625611
516	101	PC	1159.81434770563
516	105	PC	922.047996868833
516	106	PC	1447.667751516
516	221	PC	3297.527543696
516	237	PC	9275.88869644262
516	516	PC	497081.601175425
517	58	PC	19.8384570953028
517	309	PC	.757936297961571
520	101	PC	702.569306412046
520	105	PC	694.024476661537
520	106	PC	1216.89855316682
520	221	PC	1599.61384795427
520	237	PC	5542.62350450075
520	402	PC	107.008918048718
521	402	PC	62.3641336264936
521	423	PC	12.5221881163188
521	428	PC	2.9771888549691
521	517	PC	2.25034904347
521	521	PC	3865.46037904832
522	101	PC	330.152590180569
522	105	PC	152.452435664861
522	106	PC	378.301852661588
522	221	PC	923.850452630196
522	237	PC	2864.58292751313
522	522	PC	3962.42088771592
528	101	PC	186.8524661331
528	105	PC	49.3442389939753
528	106	PC	279.347358413467
528	221	PC	349.813172670039
528	237	PC	884.85679562619
528	528	PC	993497.943819419
529	101	PC	242.930491315407
529	105	PC	99.3524436130297
529	106	PC	360.584831203339
529	221	PC	359.720797321229
529	237	PC	1384.37565267863
529	528	PC	311267.760757507
533	101	PC	889.785819886275
533	105	PC	611.419551037204
533	106	PC	835.034246819351
533	221	PC	1170.43815943519
533	237	PC	4228.86570602059
533	533	PC	11304.7250855867
533	534	PC	11048.2785282302
534	402	PC	1.66786140353305
534	423	PC	47.7643208058913
534	533	PC	44153.6730078954
534	534	PC	94781.4443901252
538	402	PC	4.1417163652229
538	423	PC	69.2310539709901
540	540	PC	42477.8704555897
542	101	PC	1446.91285069102
542	105	PC	545.05999575571
542	106	PC	1181.32186609019
542	221	PC	2266.00388239973
542	237	PC	6219.14205770799
542	542	PC	1250181.94791602
543	101	PC	500.160103651918
543	105	PC	43.920332041314
543	106	PC	232.005270550433
543	221	PC	476.240259668196
543	237	PC	1264.06479849521
544	50	PC	29.4668716498219
544	101	PC	546.271749085235
544	105	PC	385.568868078811
544	106	PC	619.104057849383
544	221	PC	372.243365802108
544	237	PC	1749.94834946513
544	805	PC	15715.4523959817
545	545	PC	526087.468659918
602	106	PC	1769.48430485648
602	302	PC	111389.856274075
602	602	PC	1154531.42127933
602	624	PC	132749.908435171
602	625	PC	110928.560801958
602	627	PC	89.5552630167626
602	702	PC	825.491968635843
602	704	PC	18105.3479032754
602	709	PC	1368.88373220666
602	805	PC	12132.9517408523
602	806	PC	357.93655710785
602	1037	PC	57860.2753291043
602	1071	PC	1575.82633625588
602	1101	PC	541.142650743355
602	1149	PC	834.570551277686
602	1271	PC	19.5685872600845
602	1401	PC	1212.96778924649
602	1438	PC	82903.7478543932
602	1504	PC	655.223654913207
602	1671	PC	162.341917015628
602	1675	PC	199.156461976652
602	1805	PC	922.413726708807
602	1833	PC	77365.308458574
602	2101	PC	11699.7956713072
605	101	PC	1.93799687289768
605	106	PC	86.4364255277839
605	213	PC	42255.0938410711
605	215	PC	10.6803879360941
605	216	PC	2.4906021230177
605	217	PC	7.08578758483638
605	219	PC	55583.724478955
605	226	PC	22087.2929294171
605	229	PC	3.07302635378521
605	231	PC	12.6189402960987
605	301	PC	8421.037973509
605	305	PC	5.71887429337654
605	306	PC	12888.1954990427
605	311	PC	12.1289185793249
605	403	PC	6.43532578393969
605	412	PC	24.7959716959441
605	417	PC	16.396350481429
605	502	PC	53468.1304922393
605	511	PC	29.8927476592545
605	529	PC	7636.70701868229
605	543	PC	6.25850624103235
605	605	PC	473670.823409836
605	704	PC	7.11247892677323
605	706	PC	19.2153243090992
605	709	PC	11.2097297751868
605	720	PC	47.7536801116196
605	5101	PC	88.081169822555
612	602	PC	4441.91671810753
612	5880	PC	1880.10426205312
615	605	PC	1.02130882467244
616	720	PC	3.12131572907313
617	617	PC	349064.562793758
618	618	PC	146245.295370586
619	620	PC	7427.85253488451
619	1271	PC	16.6646977889086
619	1901	PC	13.4600515745791
620	1271	PC	7446.51793051576
621	621	PC	11684.976852166
622	622	PC	.984184284781278
622	1246	PC	.644222917364327
622	1657	PC	1.44504560809722
623	213	PC	1.206072895506
623	226	PC	5908.7808781407
623	418	PC	91497.8562979598
623	1154	PC	2.37220798426236
623	1172	PC	2.4523125868818
623	1246	PC	14.2798769137608
623	1503	PC	1.2989289601167
623	1850	PC	.276060280486497
624	213	PC	.99573430919914
624	219	PC	8052.69408027801
624	602	PC	281921.38982296
624	604	PC	152905.796624156
624	605	PC	.808798553361698
624	624	PC	2278848.90641303
624	625	PC	642232.782245184
624	1824	PC	1.52913117382543
624	1833	PC	2.34702273163644
625	106	PC	44.3715669150942
625	219	PC	24925.2773406051
625	423	PC	4.4295433359936
625	602	PC	291282.619604887
625	625	PC	307145.651819412
625	626	PC	15698.1943534841
625	1411	PC	3.89530764066147
626	219	PC	127572.078547887
626	220	PC	120789.633851388
626	306	PC	13911.8757918353
626	602	PC	1643679.08634179
626	625	PC	49644.0492486305
626	626	PC	166612.10403604
627	58	PC	21.2480803857914
627	220	PC	1528300.89815267
627	303	PC	59373.3747941829
627	306	PC	31835.1054631613
627	627	PC	202004.26707763
627	701	PC	180.070159423281
627	1037	PC	680.612530404703
627	1102	PC	26.126326854563
627	1420	PC	275835.41216362
627	6010	PC	19.6635236899684
627	6030	PC	1.94160521314133
628	105	PC	1802.20814868841
628	301	PC	13894.5393371115
628	602	PC	365577.846738006
628	628	PC	95533.5182994332
628	702	PC	670.320943112204
628	704	PC	14756.7915346245
628	1037	PC	61870.7285332492
631	502	PC	1.08816021899273
631	631	PC	97562.5658376218
631	1702	PC	4.46981289904942
633	633	PC	9925.82206218007
701	602	PC	798.917084263577
701	1037	PC	666.461855196406
702	702	PC	271201.026737353
702	713	PC	137203.184975918
704	101	PC	4.12428440026621
704	136	PC	6.63891626980559
704	216	PC	6.55687725855876
704	217	PC	4.40228106989021
704	220	PC	24.5896666120121
704	229	PC	4.46628770077873
704	231	PC	17.7306754598013
704	301	PC	10.2932260889274
704	305	PC	35.7250630771728
704	311	PC	6.17593565335643
704	403	PC	8.47750019986099
704	417	PC	10.7997690521124
704	511	PC	45.4314118033289
704	528	PC	7.42810816430747
704	602	PC	564.116707295265
704	627	PC	7.25284726130255
704	706	PC	7.31018156524468
704	720	PC	17767.524678369
704	722	PC	32719.8676099063
704	826	PC	16.3565553857656
704	829	PC	24193.7305466295
706	50	PC	11.7995144381803
706	219	PC	1.61295039894969
706	706	PC	880759.846539867
706	1845	PC	2.41878318960996
709	50	PC	1.864614627268
709	51	PC	137.795020955106
709	58	PC	173.596787182793
709	105	PC	7121.67307187962
709	106	PC	265.551697963934
709	220	PC	1129.20438511905
709	235	PC	489.101525418334
709	306	PC	1854.0456005178
709	403	PC	199.707377199251
709	501	PC	137.28618604701
709	602	PC	701.902211593178
709	625	PC	300.897419701086
709	701	PC	2624.24925430322
709	704	PC	120891.140149293
709	709	PC	597070.132511685
709	1037	PC	4110.23629303265
709	1071	PC	1536.0348651444
709	1101	PC	9.42311871101668
709	1102	PC	273.028372798272
709	1119	PC	2.88447141251715
709	1277	PC	412.729007024704
709	1401	PC	430.097371938565
709	1504	PC	256.379902626205
709	1671	PC	127.187759616904
709	1833	PC	819.30878021842
709	1901	PC	993.319601693413
709	3001	PC	57.5699766168997
709	4001	PC	243866.7286106
709	4002	PC	1177.03798346293
709	4004	PC	35617.635533245
709	4005	PC	27986.7001711507
709	5101	PC	118614.516918695
709	5104	PC	28719.8433349096
709	5201	PC	4021.27452053186
709	5302	PC	28.4353730658371
709	5403	PC	28864.5840453513
709	5404	PC	18199.8041462778
709	5501	PC	1211.41681565318
709	5605	PC	146791.403120291
709	5700	PC	12365.4249775562
709	5710	PC	287.267191013477
709	5720	PC	263.842969758423
709	5760	PC	58.0361302737166
709	5790	PC	1856.69001510212
709	5800	PC	398.211761335923
709	5831	PC	60.8330522146187
709	5840	PC	4043.88297288749
709	5880	PC	47609.205278034
709	5900	PC	44.4011358118194
709	5910	PC	26.4542200243648
709	5930	PC	29102.8281870456
709	6000	PC	4217.29213322341
709	6010	PC	2460.59207750854
709	6020	PC	255591.933494348
709	6030	PC	41971.9298600243
709	6040	PC	474.89403788232
711	58	PC	17.7999770232788
711	220	PC	150467.17907594
711	711	PC	230186.287260665
713	602	PC	832989.281834739
713	713	PC	380144.013029315
713	4003	PC	1.24510191824838
714	806	PC	269638.926860273
716	50	PC	9.92678891569373
716	702	PC	15215.9415513693
716	716	PC	1992390.6034837
722	722	PC	181921.244262248
723	704	PC	8532.6980534747
723	723	PC	36730.4839310534
728	58	PC	32.7484597755364
805	101	PC	1.93873752096103
805	136	PC	6.13518480149595
805	215	PC	10.0514371761664
805	216	PC	2.3439345948977
805	217	PC	3.14902192702176
805	220	PC	73.1749716356145
805	231	PC	7.6569248351838
805	301	PC	5.70733309709278
805	305	PC	23.0531493725709
805	311	PC	17.1219992912784
805	403	PC	6.53475100929753
805	417	PC	16.6496726746473
805	511	PC	23.0956989556058
805	516	PC	2.43458068631385
805	528	PC	1.31861582354505
805	543	PC	4.43993855805332
805	627	PC	6.70253343719576
805	704	PC	5.5701616153643
805	706	PC	93.7093574399888
805	709	PC	5.44962754802535
805	720	PC	5.66476156697282
805	805	PC	16792.3032093842
805	806	PC	461534.890954964
805	906	PC	164.54089035155
805	1002	PC	400.877664535057
805	1037	PC	5193.19346474503
805	1071	PC	257.141957643357
805	1102	PC	5200.90601181947
805	1106	PC	196.741510252466
805	1134	PC	4656.87050526132
805	1135	PC	3790.00418610425
805	1263	PC	634.184503595338
805	1271	PC	745.879925730258
805	1273	PC	4188.44930651942
805	1274	PC	.935806423891817
805	1401	PC	218.933788362506
805	1504	PC	297.454453447221
805	1511	PC	2545.35163576831
805	1554	PC	55.331718971093
805	1563	PC	39.180492631128
805	1569	PC	151.650336683586
805	1677	PC	.812915312816399
805	1833	PC	19894.2819491581
806	51	PC	7.30191359417806
806	62	PC	67.7148092195801
806	706	PC	74149.5301230306
806	709	PC	55282.4492062132
806	805	PC	44539.0818543303
806	806	PC	2443425.01767805
806	1037	PC	1355.2412769839
806	1071	PC	364.336832406663
806	1101	PC	8893.27700346767
806	1102	PC	1378.901848374
806	1106	PC	6676.28213220865
806	1677	PC	9354.3198955921
807	305	PC	2.27843324059722
807	604	PC	19588.7964943622
807	807	PC	406968.009962814
807	826	PC	69173.9240871561
807	827	PC	79189.2327081557
814	709	PC	2.0104962742281
814	805	PC	513774.010140251
814	814	PC	159518.719517116
814	1804	PC	3.98572325832694
814	1931	PC	3.45807739127204
815	704	PC	27.0105752425191
815	709	PC	2001.94511828669
815	805	PC	62264.6208425174
815	806	PC	21689.538908017
815	815	PC	91327.8143535393
815	901	PC	15056.9896012112
815	4001	PC	462603.544796258
815	5101	PC	199281.557297689
815	5501	PC	22287.4297067232
815	5831	PC	4987.92504259414
821	821	PC	572478.205806919
821	822	PC	1.29550909811102
821	828	PC	170180.394624663
821	1411	PC	4.7407661729842
827	827	PC	3696109.3354037
827	828	PC	12902.235649511
828	828	PC	337050.077468042
833	833	PC	92070.6857853931
833	1824	PC	96131.9579883818
901	901	PC	333573.476253852
904	904	PC	1015248.61280254
904	926	PC	150775.793533465
904	1072	PC	112513.722270831
904	1504	PC	2904.42647268107
906	213	PC	1.21105986005963
906	302	PC	2106.15199509983
906	602	PC	328.467122140941
906	805	PC	2907.43460309998
906	826	PC	.96345111573476
906	906	PC	355086.88663272
906	1504	PC	893.330217449332
906	1838	PC	5.37540565857322
906	4001	PC	75560.2169564402
919	919	PC	168869.408909629
919	4001	PC	37.4118923202504
926	709	PC	4989.42864987246
926	926	PC	22235.8519989442
926	928	PC	4322.02368079906
926	1072	PC	355248.02780112
926	1671	PC	785.046827646559
928	926	PC	228698.436129636
928	928	PC	186136.23644477
928	1071	PC	754728.583182858
928	1072	PC	191830.736537424
937	926	PC	12430.6639680487
940	940	PC	189760.942773872
1002	704	PC	1966.5102687941
1002	1002	PC	8194.63869905083
1002	1014	PC	10582.0357409526
1002	1071	PC	93590.3371493125
1002	1101	PC	72.6514830548214
1002	1246	PC	26.4215392150901
1003	1504	PC	377.596681784878
1003	5404	PC	.802751779908145
1004	704	PC	18382.2304041291
1004	1101	PC	929.355187348512
1018	1017	PC	20402.2844922912
1018	1018	PC	39787.1463900519
1032	1032	PC	1746262.31810581
1037	805	PC	154931.865350943
1037	806	PC	7483.32309764972
1037	1037	PC	1867583.08102009
1037	1101	PC	1561.02291580203
1037	1149	PC	447.739556734429
1037	1511	PC	12221.8415695944
1046	1029	PC	249529.901429652
1071	602	PC	1039.32463546045
1071	805	PC	1095.89563830068
1071	926	PC	575.510131189888
1071	1071	PC	436434.406280204
1071	1554	PC	44.730423492663
1071	1557	PC	331.95124639567
1071	1638	PC	298.667793862843
1071	1671	PC	274.680698797065
1071	1675	PC	279.306747842286
1071	1833	PC	6015.88881891477
1072	511	PC	4.63345340619839
1072	926	PC	5592.99127461647
1072	1271	PC	567.350075119504
1072	1833	PC	3128.33282940729
1074	1528	PC	1.22356761055826
1075	1071	PC	82142.9889044443
1075	1072	PC	141.504829466162
1075	1073	PC	36535.395402277
1101	51	PC	8399.73800541506
1101	105	PC	2359.17976794354
1101	309	PC	3.85284569798705
1101	602	PC	392.478922402106
1101	701	PC	3215.0921821849
1101	805	PC	2573.09078822477
1101	806	PC	7383.45583377948
1101	1004	PC	2092.76549888351
1101	1032	PC	338.231471628391
1101	1037	PC	11361.5369987798
1101	1071	PC	2964.19367943072
1101	1101	PC	1251.58886585171
1101	1102	PC	4542.64254096124
1101	1106	PC	6020.60413721335
1101	1149	PC	42.3928793737103
1101	1159	PC	1961.95081514162
1101	1172	PC	871.128856284766
1101	1173	PC	363.358560375464
1101	1221	PC	1184.75693644872
1101	1228	PC	1289.42051211411
1101	1251	PC	1146.25627786352
1101	1263	PC	552.937537461419
1101	1271	PC	4465.98856111173
1101	1401	PC	6544.78824452342
1101	1424	PC	1446.24951026627
1101	1438	PC	298.492668092814
1101	1439	PC	2476.09096260856
1101	1502	PC	3731.03303263606
1101	1503	PC	788.002035495728
1101	1504	PC	4029.50967338211
1101	1520	PC	1934.12937387975
1101	1531	PC	1459.41250213202
1101	1671	PC	2225.07767296536
1101	1702	PC	3472.00262970068
1101	1703	PC	3597.94699224917
1101	1719	PC	759.519307207968
1101	1750	PC	788.018873743675
1101	1833	PC	5764.25872121669
1101	2303	PC	283.629102575905
1101	3001	PC	1751.89667940052
1101	4001	PC	158745.668780426
1101	4004	PC	9837.2052093474
1101	4005	PC	2014.14232040442
1101	5101	PC	145502.910542816
1101	5102	PC	8002.51554538519
1101	5103	PC	2762.56024564387
1101	5403	PC	3616.35541475704
1101	5404	PC	9880.31408184116
1101	5850	PC	2564.97791338066
1102	233	PC	3.9631766225455
1102	709	PC	17988.5831726445
1102	1102	PC	1151449.49621797
1102	1114	PC	110994.888771673
1102	1120	PC	184168.806145539
1102	1172	PC	26942.9296484748
1102	1175	PC	402914.677871668
1102	1263	PC	4682.71224885321
1102	1277	PC	6110.93250375562
1102	1676	PC	.997518382401713
1106	106	PC	780.907751231057
1106	805	PC	6337.22893611879
1106	1101	PC	561.260570187203
1106	1106	PC	61310.0119800594
1106	1130	PC	470.787080706533
1106	1146	PC	330.375590701267
1106	1149	PC	3340.42432991195
1106	1246	PC	135.677803286642
1106	1263	PC	127.271253664033
1106	1271	PC	167.010351639094
1106	1273	PC	783.199020448475
1106	1401	PC	5186.95999542881
1106	1503	PC	111.612457240064
1106	1504	PC	126.996338226452
1106	1554	PC	803.645712764345
1106	1563	PC	578.116865578467
1106	1569	PC	137.969885895378
1106	1671	PC	284.05240784744
1106	1833	PC	15446.8977467381
1106	1871	PC	4346.62368934162
1111	805	PC	641.564827723133
1111	906	PC	16466.8524237553
1111	926	PC	3529.88212038075
1111	1003	PC	5582.93974657664
1111	1004	PC	1915.94796099391
1111	1032	PC	762.741798977458
1111	1037	PC	42998.1812419327
1111	1106	PC	9608.18391153387
1111	1173	PC	372.675446538937
1111	1224	PC	973.773547307334
1111	1228	PC	103447.297321445
1111	1271	PC	244.500166146442
1111	1401	PC	507.004027851141
1111	1502	PC	303.286227817048
1111	1833	PC	41931.3517584043
1111	4001	PC	565346.398698254
1111	5101	PC	543673.532798867
1111	5403	PC	57734.754955992
1111	5404	PC	342046.151333316
1111	5605	PC	173335.986422819
1111	5800	PC	42896.9205373648
1111	5810	PC	54909.9263389683
1111	5820	PC	60067.4239453785
1111	5831	PC	143160.973145844
1119	231	PC	1.80767899665947
1119	709	PC	9131.04760706711
1119	1119	PC	942854.291746412
1119	1121	PC	24937.2235383683
1119	5760	PC	64.3022751495957
1121	1102	PC	6738.43640906268
1121	1119	PC	20903.6509130203
1121	1120	PC	254715.747155936
1121	1121	PC	6284.61356790717
1121	1124	PC	65832.138962077
1121	1173	PC	17998.1932148378
1122	1106	PC	1646.95103995491
1122	1122	PC	147178.471267594
1122	1173	PC	20313.7915187255
1122	1175	PC	28721.7634327008
1122	4001	PC	191906.956841753
1122	5403	PC	56648.8311675775
1122	5831	PC	32709.2752423254
1124	805	PC	559.378260756216
1124	1106	PC	112.933785596908
1124	1121	PC	557206.525638242
1124	1124	PC	272081.273932944
1124	1149	PC	258.919484452632
1124	1263	PC	116.746822434435
1124	1271	PC	1006.28340505669
1124	1833	PC	1263.38494724806
1124	2004	PC	4.29422045254566
1124	4005	PC	64.8072759640773
1124	5103	PC	6.81899863588053
1124	5930	PC	8.76728396041781
1124	6000	PC	8.52740132983417
1127	805	PC	1496.66981077333
1127	1833	PC	2910.4773756266
1129	58	PC	72.3544462400036
1129	106	PC	1.72877119779659
1129	301	PC	1.50929184215341
1129	1102	PC	10079.086352501
1129	1129	PC	6819183.4664745
1129	1235	PC	2.25832046300604
1129	1243	PC	5.05838055101918
1129	4001	PC	28491.2375147022
1129	5101	PC	1229.00273628468
1129	5403	PC	30.4419581958952
1129	5605	PC	21739.2111868527
1129	5800	PC	175887.686097251
1129	5810	PC	29511.6519534286
1129	5850	PC	14992.0555723145
1129	5930	PC	81696.3526033271
1130	227	PC	1.331587252644
1130	231	PC	16.1619418044649
1130	302	PC	37819.3947705595
1130	1037	PC	2094.91938330635
1130	1102	PC	.740443329477885
1130	1106	PC	421.410329588462
1130	1127	PC	468.648859410313
1130	1130	PC	175119.541036575
1130	1149	PC	8915.34416289032
1130	1173	PC	19513.859395149
1130	1175	PC	1483.96409344088
1130	1263	PC	52.3528351723924
1130	1511	PC	371.052759852584
1130	1675	PC	989.384789652423
1130	1804	PC	820.488561685644
1130	1833	PC	1352.61924518538
1130	4001	PC	268976.618870635
1130	5101	PC	25240.0363793807
1130	5201	PC	17019.4899881611
1130	5605	PC	27725.3178464935
1130	5800	PC	10742.3582081675
1130	5810	PC	246533.114715745
1130	5820	PC	42405.647766882
1130	5831	PC	155918.839166064
1130	5850	PC	6386.72282949881
1130	5930	PC	16102.8217429663
1133	2301	PC	7817.78121763795
1133	2302	PC	7817.78121763795
1133	2303	PC	7817.78121763795
1133	2304	PC	7817.78121763795
1133	2305	PC	7817.78121763795
1133	2306	PC	7817.78121763795
1134	1017	PC	1.11342304253354
1134	1106	PC	153.036996573664
1134	1149	PC	274.831774280599
1134	1173	PC	5895.85323053533
1134	2302	PC	292621.427243681
1134	4001	PC	1800555.55324015
1134	5101	PC	4158250.07036172
1134	5201	PC	865761.11940111
1134	5403	PC	323848.167433085
1134	5501	PC	15432.1728599628
1134	5605	PC	1775452.95661681
1134	5810	PC	333179.463484663
1134	5820	PC	11210.9117346833
1134	5831	PC	188836.606731681
1134	5840	PC	512615.031589652
1134	5880	PC	31243.2527494036
1134	5920	PC	43426.2978315916
1135	104	PC	781.116984660439
1135	602	PC	3026.22600676147
1135	805	PC	64763.2028699901
1135	806	PC	29896.2120817071
1135	1101	PC	315.176299405683
1135	1106	PC	811.942283308962
1135	1146	PC	660.751181402534
1135	1149	PC	419.190504145814
1135	1173	PC	1705.58720987516
1135	1247	PC	1477.09363033308
1135	1263	PC	2357.57270287254
1135	1271	PC	5358.96454040414
1135	1273	PC	5582.28123916728
1135	1401	PC	387.282986248038
1135	1439	PC	411.417051267323
1135	1502	PC	1477.10152805014
1135	1511	PC	5889.30296415563
1135	1554	PC	2835.76716221773
1135	1671	PC	1685.8694855361
1135	1675	PC	472.191015642497
1135	1833	PC	247.441471561411
1135	2302	PC	6222.64113799111
1135	4001	PC	3896.82198128884
1142	1142	PC	44829.0287217087
1146	1172	PC	460.637525173342
1146	1221	PC	1101.22391526178
1146	1401	PC	250.668599513293
1146	1871	PC	9704.54237575602
1146	4001	PC	37.0618438208268
1146	5101	PC	2.36816893423813
1149	50	PC	55.560986137352
1149	104	PC	36.8261414499213
1149	124	PC	19085.3883328698
1149	306	PC	9145.83612999334
1149	516	PC	9294.43590165199
1149	1106	PC	1382.89480939285
1149	1146	PC	200883.292979086
1149	1149	PC	264578.090517077
1149	1172	PC	307.091683448895
1149	1221	PC	515.466513526789
1149	1224	PC	857.680755030443
1149	1228	PC	1050.21693678791
1149	1263	PC	3124.509277452
1149	1271	PC	8815.28353194463
1149	1401	PC	2580.63323198935
1149	1416	PC	1677.83413739536
1149	1424	PC	38.9446738583225
1149	1503	PC	1717.90173768666
1149	1563	PC	233.98880251081
1149	1820	PC	1486.94703761118
1149	1871	PC	16339.3830624807
1154	1154	PC	141941.068102532
1159	1263	PC	793.154452834251
1159	1273	PC	827.098884307894
1172	1172	PC	1548030.89711126
1172	1173	PC	107777.076556822
1172	1671	PC	7.70870357581949
1173	58	PC	163.412431595565
1173	1102	PC	222522.848137254
1173	1121	PC	74964.5261831139
1173	1127	PC	138030.893936554
1173	1172	PC	4882913.24639082
1173	4005	PC	76.7137346536558
1173	5605	PC	.789055556437603
1173	5830	PC	2.43535665567161
1175	1172	PC	2262.93908629377
1175	1175	PC	183958.836342915
1211	805	PC	1.63474174905159
1211	829	PC	20.4800512688975
1211	834	PC	1.95653499852896
1211	1211	PC	1196590.08739333
1219	1871	PC	532.71581711791
1221	1439	PC	276.656287995704
1221	1504	PC	2217.79928863025
1221	1833	PC	8632.06911514867
1221	2302	PC	4418.60994420897
1222	627	PC	1.15696989186896
1224	1122	PC	1.53742179102101
1227	829	PC	11.8852239559939
1227	834	PC	11.7801835270394
1227	1865	PC	11.3860641458521
1228	834	PC	2.55473859622542
1228	1671	PC	2074.6595649837
1228	1833	PC	263.803466916246
1228	5403	PC	25958.1269952941
1228	5605	PC	61220.5584199891
1233	1233	PC	396981.552791949
1235	829	PC	1.75243206633264
1235	834	PC	1.63230905024296
1235	1235	PC	574414.897901969
1235	1421	PC	48194.149042578
1235	5810	PC	50.5093850640002
1238	805	PC	1916.23963997017
1241	829	PC	10.5648773170957
1241	1241	PC	517691.659920061
1243	1243	PC	108935.371999938
1243	1271	PC	9035.84151381975
1244	1244	PC	511069.676288562
1245	829	PC	10.5648773170957
1246	1246	PC	24699.5492981047
1246	1271	PC	5576.94073584263
1246	1638	PC	1.55481747160129
1246	2303	PC	253.608822700175
1247	237	PC	21.0110707298608
1247	1106	PC	3838.3574149165
1247	1130	PC	1.76127047203032
1247	1172	PC	1400.78453893508
1247	1221	PC	627.468354591236
1247	1244	PC	861.088723894378
1247	1246	PC	28845.5071034529
1247	1247	PC	278163.811036634
1247	1263	PC	2.23500168573036
1247	1271	PC	88126.942543983
1247	1401	PC	531.571079005553
1247	1421	PC	1353.9511825854
1247	1428	PC	418.876596233446
1251	1235	PC	32959.328130638
1251	1401	PC	3281.51977136305
1252	829	PC	10.5648773170957
1252	1252	PC	34433.60400166
1252	1271	PC	293.540125202479
1253	1253	PC	2613.61203855286
1253	1256	PC	48774.8420831505
1259	1172	PC	1.88912277671623
1263	104	PC	2048.81863486515
1263	105	PC	11736.6283725199
1263	402	PC	3.75622380006935
1263	805	PC	2828.68843405334
1263	926	PC	1198.27661186412
1263	1106	PC	1645.9039230799
1263	1221	PC	646.205924138754
1263	1224	PC	293.706129956739
1263	1228	PC	1116.96959430627
1263	1251	PC	986.191262325378
1263	1263	PC	369165.471904623
1263	1271	PC	10623.6159281687
1263	1273	PC	66.5482860912373
1263	1401	PC	4908.57274767457
1263	1411	PC	1797.48071306765
1263	1416	PC	3128.91230976926
1263	1502	PC	4722.27023018039
1263	1504	PC	1425.61668438458
1263	1520	PC	3351.68574891114
1263	1563	PC	162.443470739472
1263	1671	PC	2649.456345659
1263	1833	PC	495.625269739671
1263	1901	PC	3163.41759108656
1263	2030	PC	56.1309700431422
1263	2304	PC	3841.970401596
1271	105	PC	5.15044514232298
1271	106	PC	2906.59842137818
1271	302	PC	950.78574116792
1271	709	PC	308.016184472853
1271	720	PC	1.32213724846167
1271	805	PC	420.270610693256
1271	906	PC	4726.21089419113
1271	1037	PC	975.893310369231
1271	1101	PC	781.982480913189
1271	1106	PC	6553.12151037181
1271	1122	PC	.800436844341981
1271	1146	PC	203.235739325617
1271	1149	PC	4520.81201035996
1271	1173	PC	509.748295917263
1271	1175	PC	850.105249522304
1271	1219	PC	947.224684388841
1271	1221	PC	2695.80776233647
1271	1224	PC	705.246455764385
1271	1228	PC	2337.76472375125
1271	1238	PC	2253.45800626642
1271	1241	PC	4289.79005898814
1271	1243	PC	18545.9319029285
1271	1244	PC	3039.44869892081
1271	1246	PC	107185.200714597
1271	1247	PC	76937.7764376974
1271	1251	PC	2180.99990706574
1271	1263	PC	2328.43122840801
1271	1271	PC	486974.370629231
1271	1273	PC	350179.384178274
1271	1275	PC	21389.8803350869
1271	1277	PC	493477.268648605
1271	1401	PC	11718.5508295197
1271	1411	PC	76.9249948531092
1271	1416	PC	1928.53219366682
1271	1424	PC	290.182030957444
1271	1438	PC	1371.610749684
1271	1502	PC	3291.40070703118
1271	1503	PC	709.011492938141
1271	1504	PC	5562.43949876099
1271	1511	PC	681.883968947119
1271	1520	PC	6.96454181591926
1271	1554	PC	2988.35932906974
1271	1563	PC	222.961626505158
1271	1671	PC	2411.67019164543
1271	1675	PC	2013.66246742163
1271	1677	PC	10.8928397937158
1271	1702	PC	1463.67577874186
1271	1719	PC	2558.88704565836
1271	1833	PC	36131.5700406628
1271	1871	PC	28.8118419725035
1271	1901	PC	1067.41084361816
1271	1931	PC	3.32481025176112
1271	1971	PC	10.7401214141111
1271	2030	PC	23.6997429071045
1271	2302	PC	222.806764702682
1273	104	PC	1418.19471725784
1273	1120	PC	2.02650308217086
1273	1263	PC	326.220470243221
1273	1271	PC	10661.3999615548
1273	1416	PC	770.984552715218
1273	1502	PC	4004.02984208981
1273	1833	PC	507.391706369275
1273	1971	PC	486.885504106371
1274	805	PC	11.3505131777706
1274	834	PC	9.46220419934362
1274	1142	PC	12.8042103922295
1274	1502	PC	3.23849460701558
1274	1503	PC	4.57734386832963
1274	1504	PC	2.53442966112814
1275	806	PC	7.18298852391811
1275	6020	PC	118.242499544832
1276	1247	PC	5696.36936868953
1276	1271	PC	49347.7268648213
1276	1272	PC	592172.722378378
1276	1276	PC	1676721.46516652
1276	1277	PC	4661.05333127072
1277	834	PC	1.00930178126332
1277	1276	PC	5638.37096524684
1401	101	PC	1728.29464398975
1401	104	PC	362.437094350796
1401	105	PC	223.914872786069
1401	805	PC	1064.32369123076
1401	1071	PC	9.81798738099802
1401	1102	PC	2404.31120055191
1401	1106	PC	6154.52148921682
1401	1173	PC	883.73314758432
1401	1221	PC	96.0588288498461
1401	1246	PC	67.6049896389284
1401	1251	PC	517.76914785124
1401	1263	PC	8067.55721451159
1401	1271	PC	11516.9141222815
1401	1401	PC	29598.8836639332
1401	1411	PC	13212.245549739
1401	1416	PC	12923.3244544914
1401	1421	PC	1848.7046084705
1401	1424	PC	2307.5780550648
1401	1428	PC	156.644089015823
1401	1438	PC	6123.62142191569
1401	1439	PC	5088.41384940031
1401	1502	PC	5537.47624799495
1401	1503	PC	14586.5094221183
1401	1504	PC	14933.8897573763
1401	1511	PC	2238.9909218759
1401	1520	PC	2975.8743429939
1401	1554	PC	563.459703583459
1401	1563	PC	534.428602433784
1401	1671	PC	866.240739866563
1401	1702	PC	5108.80514330086
1401	1719	PC	98.6253732645935
1401	1750	PC	.908300199471927
1401	1804	PC	704.321627677304
1401	1820	PC	1053.14211929351
1401	1833	PC	6546.49794310315
1401	1871	PC	39.9454342207687
1401	1931	PC	1.16458504750069
1401	1971	PC	8147.32416225552
1401	2303	PC	117110.362640217
1401	5101	PC	15387.6465259124
1401	5800	PC	16184.1228539417
1401	5820	PC	91739.4333298527
1401	5831	PC	162558.599710968
1401	5835	PC	6315.77568808305
1411	231	PC	1.56364912124838
1411	709	PC	3159.98383931088
1411	1149	PC	351.016604499404
1411	1263	PC	3067.62229381274
1411	1271	PC	9244.53923074065
1411	1401	PC	29596.6840724431
1411	1413	PC	6682.39727447452
1411	1421	PC	4.65555296607407
1411	1438	PC	1978.05880103623
1411	1503	PC	11188.8184742597
1411	1504	PC	13943.2991790885
1411	1554	PC	8329.31996564387
1411	1563	PC	4149.8669959235
1411	1833	PC	1977.38319504525
1411	4001	PC	110890.082967295
1411	5101	PC	47836.5541570472
1411	5103	PC	8260.58298995805
1411	5404	PC	469630.261416652
1411	5501	PC	146391.946440806
1411	5605	PC	9850.13222446379
1411	5790	PC	65785.5665570546
1411	5800	PC	41358.9296502083
1411	5810	PC	214463.240408072
1411	5820	PC	76195.4230332433
1411	5831	PC	41214.3166038271
1411	5835	PC	224810.624640077
1411	5840	PC	254967.755638299
1411	5841	PC	78567.4870637783
1411	5842	PC	52596.2395084976
1411	5850	PC	4546.33275572582
1413	1134	PC	1925.86311441644
1413	1271	PC	364.380388130863
1413	1401	PC	6918.08834303619
1413	1411	PC	1930.93696402207
1413	1416	PC	4648.30138372978
1413	1421	PC	1215.79649171128
1413	1424	PC	653.236144442378
1413	1503	PC	484.701410587054
1413	1504	PC	2819.75871509797
1416	1401	PC	547.044003758067
1416	1439	PC	111.977680234022
1416	1504	PC	2043.67131333661
1416	1554	PC	159.031222324374
1416	4003	PC	11.7514613952589
1416	5831	PC	10.1460589436537
1420	1420	PC	320118.16687208
1420	1426	PC	1990.62780532781
1421	51	PC	25153.3060718064
1421	1421	PC	1162692.0498683
1421	1671	PC	7318.84289721541
1421	4001	PC	11927.4427615552
1421	5101	PC	3356.77755585988
1421	5403	PC	13707.5223508064
1421	5800	PC	18648.8530678749
1421	5831	PC	7966.5837615863
1421	5840	PC	22980.4499965973
1422	1422	PC	181684.876810129
1424	602	PC	460.258202599445
1424	1173	PC	1124.88848246968
1424	1247	PC	1279.96159570145
1424	1271	PC	10.8039356833551
1424	1273	PC	2385.86913007425
1424	1439	PC	228.312015595045
1424	1504	PC	64.4224226851667
1424	1554	PC	7215.6301002578
1424	1563	PC	5247.64707846405
1424	4001	PC	11996.821377342
1424	5930	PC	1453.30036611438
1426	1420	PC	7400.44210191584
1426	1426	PC	10450.7959780483
1428	1503	PC	747.963393812357
1428	6020	PC	71.7378232696608
1433	423	PC	2.6714522973137
1438	805	PC	1888.2886828374
1438	1246	PC	.741723314895671
1438	1263	PC	13.5035755337746
1438	1271	PC	148.036120752224
1438	1273	PC	266.465017354002
1438	1401	PC	2658.83498957569
1438	1411	PC	489.738991519869
1438	1428	PC	534.990094340332
1438	1438	PC	523.998857374393
1438	1439	PC	956.822718438869
1438	1504	PC	6021.40968899739
1438	1511	PC	1076.66639694786
1438	1520	PC	2157.90851135786
1438	2301	PC	58748.1241605596
1438	2302	PC	62542.2497411036
1438	2303	PC	62542.2497411036
1438	2304	PC	62542.2497411036
1438	2305	PC	62542.2497411036
1438	2306	PC	62542.2497411036
1438	5402	PC	1403751.92832729
1438	5403	PC	603915.330883585
1438	5501	PC	422572.042771088
1438	5605	PC	31030.063871812
1439	1246	PC	934.964702372295
1439	1263	PC	1719.49607330209
1439	1271	PC	9.40713895288861
1439	1401	PC	4191.81411744654
1439	1438	PC	466.868825612726
1439	1439	PC	889200.59626221
1439	1504	PC	752.693692251718
1439	1554	PC	296.66713915806
1439	1675	PC	801.122825600179
1443	1923	PC	.934847078889029
1445	829	PC	9.94733765312826
1445	834	PC	10.8097300054
1445	1445	PC	1312265.42636167
1449	834	PC	24.9455307816924
1502	106	PC	564.077069024587
1502	309	PC	.653967446842376
1502	805	PC	788.608269787314
1502	829	PC	21.7596974280304
1502	834	PC	36.3787257066076
1502	937	PC	2.21417932251151
1502	1135	PC	6.21015366124263
1502	1173	PC	2004.95995015303
1502	1263	PC	526.684557646484
1502	1271	PC	880.245785081193
1502	1401	PC	3105.17818544182
1502	1438	PC	195.342341643381
1502	1439	PC	256.252355649646
1502	1502	PC	1149456.00821452
1502	1503	PC	13857.9705587317
1502	1504	PC	29310.9624568581
1502	1547	PC	28184.317597482
1502	1554	PC	48420.7394453092
1502	1557	PC	2945.23199348098
1502	1563	PC	20731.8882858658
1502	1566	PC	872.880862242091
1502	1671	PC	1453.4848666842
1502	1675	PC	2357.72439730154
1502	1677	PC	3.24109886581016
1502	1703	PC	1.71484881229644
1502	1714	PC	1508.57364737852
1502	1750	PC	1.16040286016966
1502	1833	PC	5899.78255163658
1502	1870	PC	.946366705633321
1503	106	PC	621.223352650801
1503	625	PC	1.97504818169829
1503	805	PC	3452.07720916375
1503	1106	PC	62.2118973548962
1503	1173	PC	233.578177358036
1503	1263	PC	638.634116358618
1503	1271	PC	622.812433424095
1503	1401	PC	6653.74391121655
1503	1416	PC	818.306575346471
1503	1439	PC	253.726616375945
1503	1502	PC	11060.8798375759
1503	1503	PC	144729.86238297
1503	1504	PC	10599.7066661276
1503	1520	PC	341.374596012493
1503	1531	PC	43.6008307433822
1503	1554	PC	10088.7943467781
1503	1563	PC	16043.4127295703
1503	1566	PC	387.754433174891
1503	1569	PC	225.619566429192
1503	1638	PC	361.462313798919
1503	1671	PC	26506.1713440219
1503	1675	PC	94982.3732867483
1503	1702	PC	11824.5655510179
1503	1750	PC	513.46906345009
1503	1804	PC	195.196206140854
1503	1805	PC	59.0556875473752
1503	1833	PC	25875.9558047219
1503	1931	PC	326.96312956139
1503	2301	PC	9124.28881472961
1504	106	PC	667.176630431856
1504	302	PC	334.411241093826
1504	709	PC	60.6648000119755
1504	805	PC	870.39300397701
1504	1037	PC	502.005603228912
1504	1071	PC	819.26325605272
1504	1106	PC	21.2312527566221
1504	1221	PC	276.059193269192
1504	1247	PC	35.1909538785876
1504	1271	PC	1517.25959706559
1504	1273	PC	355.197525016606
1504	1401	PC	3179.59349156596
1504	1411	PC	971.942600172052
1504	1424	PC	13.0571300701078
1504	1438	PC	12.2277636225489
1504	1439	PC	300.780354249578
1504	1502	PC	1763.15776417519
1504	1503	PC	7324.0109313682
1504	1504	PC	16385.4970915844
1504	1511	PC	5246.03751194492
1504	1520	PC	215152.307937696
1504	1554	PC	13667.0047079723
1504	1557	PC	904.752500385718
1504	1563	PC	12098.027332462
1504	1566	PC	5779.39901960935
1504	1569	PC	45.1992987986199
1504	1671	PC	5971.65781280208
1504	1675	PC	906.697261424159
1504	1702	PC	73.9075191563798
1504	1750	PC	49.1823280022308
1504	1804	PC	533.086886354636
1504	1813	PC	136.4523556715
1504	1833	PC	1848.52438401198
1504	1860	PC	175.769282331081
1504	1865	PC	157.65215878941
1504	1870	PC	2686.51239090003
1504	1871	PC	2547.25356764602
1504	1901	PC	3425.42891463374
1504	1931	PC	98.0820582736334
1504	1971	PC	872.807397840445
1504	2012	PC	14.0987496152776
1504	2018	PC	957.871426411729
1511	51	PC	1.13709155883814
1511	56	PC	19092.3358186719
1511	57	PC	3931.380355527
1511	58	PC	468.481722241315
1511	59	PC	2029.02617759078
1511	60	PC	32.8619460504223
1511	62	PC	40.9352961181732
1511	623	PC	4791.16679558154
1511	805	PC	2861.06225827301
1511	1130	PC	616.618115093194
1511	1263	PC	1027.62763925865
1511	1271	PC	2597.27502346737
1511	1273	PC	3268.13081640249
1511	1401	PC	2416.83164599656
1511	1438	PC	566.884961291546
1511	1504	PC	75957.9531018692
1511	1511	PC	26428.002376495
1511	1671	PC	2374.9501979023
1511	1675	PC	1772.71044008101
1511	1805	PC	209162.67450538
1511	1833	PC	201.601723086307
1511	3001	PC	7136.84145989171
1511	4001	PC	10785.3134355798
1511	4005	PC	32.7482368945385
1511	5101	PC	37562.6825546592
1511	5102	PC	68215.4188990773
1511	5104	PC	3468.12925445634
1511	5201	PC	152667.049781168
1511	5203	PC	62540.0357360978
1511	5302	PC	6163.9459221498
1511	5404	PC	359595.369640578
1511	5501	PC	145528.740336074
1511	5605	PC	40380.509146616
1511	5700	PC	11779.0177488484
1511	5710	PC	1.13709155883814
1511	5730	PC	27.2901974121154
1511	5820	PC	819.160758986997
1511	5831	PC	1447.40384524507
1511	5835	PC	659.058267502587
1511	5842	PC	9458.66871388331
1511	5850	PC	3900.56517428249
1511	5880	PC	61267.4028634461
1511	6000	PC	247.885959826715
1511	6020	PC	130881.512605388
1511	6030	PC	88522.7347741846
1511	6040	PC	129943.86690597
1514	520	PC	1.35364072097625
1514	1247	PC	1.53176851883949
1514	1515	PC	3.01629753405824
1515	1515	PC	236376.661537401
1516	1515	PC	98669.9619221445
1517	106	PC	2360.66478853037
1517	1504	PC	1525.78802049281
1517	1569	PC	202.561237601861
1517	1671	PC	3687.8328699527
1517	1833	PC	7862.46720036596
1519	1519	PC	757998.199136022
1519	1520	PC	721678.574388149
1520	829	PC	17.4595552087242
1520	834	PC	21.8921829680185
1520	1401	PC	1598.97405783374
1520	1503	PC	594.915019150895
1520	1504	PC	16000.6772120916
1520	1520	PC	191429.402961191
1520	1554	PC	534.115112268213
1520	1671	PC	7890.42287797481
1520	1675	PC	1176.94745487885
1520	1833	PC	16297.0570954203
1524	1102	PC	.61362243619741
1524	1524	PC	2673.04953653508
1524	5930	PC	14689.5685736509
1525	1520	PC	1.87720653486823
1525	1634	PC	4.05162534683111
1528	829	PC	10.9195253333954
1528	1528	PC	1217820.64981426
1529	829	PC	21.8390506667909
1529	834	PC	9.12784790008687
1531	1242	PC	1.31416011540397
1531	1401	PC	249.856357067989
1531	1504	PC	89662.8053201958
1531	1531	PC	16067.0833534754
1531	1824	PC	1.29991365286166
1534	1534	PC	2422658.48483542
1535	1263	PC	.652598912358248
1535	1535	PC	385076.083240626
1535	1851	PC	2.45364301903162
1539	829	PC	10.8798487140152
1539	834	PC	9.0946814266519
1539	1539	PC	835896.639261243
1539	1671	PC	1.16141624519747
1548	1548	PC	45716.1331930693
1548	6030	PC	3.89727092501722
1551	52	PC	9712.40938418768
1551	805	PC	1.47179742118758
1551	834	PC	9.0946814266519
1551	1101	PC	194.204133814811
1551	1102	PC	2.16315127420451
1551	1234	PC	3.03825174000792
1551	1243	PC	.994106031136059
1551	1244	PC	1.70119357970883
1551	1256	PC	1.57010877055768
1551	1264	PC	5.2617905165261
1551	1271	PC	17.5424608671231
1551	1275	PC	1.28583482795667
1551	1411	PC	15.3535595587613
1551	1428	PC	6.53131354690976
1551	1439	PC	37.4609888883842
1551	1622	PC	7.41865924087925
1551	1805	PC	83.9926421004907
1551	1813	PC	2.88918145786847
1551	1849	PC	4.21646317030215
1551	1852	PC	73.5823398856773
1551	1860	PC	1.68806826989714
1551	1865	PC	34.6073935629072
1551	1866	PC	72.4083248981655
1551	1874	PC	9.95323556396779
1551	1931	PC	16.0419114902895
1551	1971	PC	13.4418441686356
1551	2002	PC	285.909687728378
1551	2003	PC	10.5612829186166
1551	2004	PC	8.15076637801542
1551	2025	PC	8.42390509491574
1551	4001	PC	11144.8273820668
1551	5101	PC	12329.9624002007
1551	5403	PC	49823.5319835097
1551	5501	PC	41876.2900446003
1551	5605	PC	21613.8998932169
1554	1504	PC	1.81486288265175
1554	2301	PC	46470.6114695079
1557	1106	PC	356.411659928837
1557	1502	PC	367.170413869959
1557	1503	PC	984.860247651382
1557	1557	PC	444.393057287887
1557	1833	PC	727.337193331204
1560	1502	PC	55642.2129743496
1560	1551	PC	11459.4530745606
1560	1560	PC	470155.542534266
1563	1149	PC	168.940209310589
1563	1271	PC	225.048904436341
1563	1438	PC	287.519764100115
1563	1439	PC	812.555281837482
1563	1502	PC	14988.3772704764
1563	1503	PC	58390.9437376445
1563	1504	PC	44086.0700959492
1563	1511	PC	621.583696051503
1563	1554	PC	6477.57311346897
1563	1563	PC	29425.103780424
1563	1671	PC	215.799677978969
1563	1702	PC	390.100802455279
1563	1719	PC	166.48770864617
1563	1750	PC	744.33885454007
1563	1833	PC	1712.07156166771
1563	1837	PC	86.6068937562435
1563	1845	PC	7995.03366162033
1566	829	PC	9.90071468177272
1566	1566	PC	620845.57660837
1566	1567	PC	153321.140575314
1567	829	PC	9.90071468177272
1567	1567	PC	44227.2520890329
1569	1569	PC	3703.06581431574
1569	1677	PC	66233.1439742274
1569	1833	PC	150.704460132335
1571	829	PC	19.8014293635454
1612	1106	PC	260.329369090414
1617	427	PC	1.45766226584962
1617	625	PC	30.3461260210696
1627	1627	PC	664489.099249349
1630	1630	PC	189246.293759533
1634	50	PC	37.9984034646567
1634	52	PC	135.36507900912
1634	55	PC	1.16840010653356
1634	56	PC	.660400060214622
1634	58	PC	54.8640050024455
1634	60	PC	1.16840010653356
1634	61	PC	1.06680009726977
1634	306	PC	2758.7174907934
1634	427	PC	1.31053491742132
1634	625	PC	68.8713189954467
1634	815	PC	5.14624823743047
1634	1276	PC	11694.0234937596
1634	1634	PC	12.563772275406
1634	4001	PC	126.396055969111
1634	5106	PC	2.56880569570606
1634	5201	PC	1.12888899181987
1634	5403	PC	4.64975115850593
1634	5605	PC	13.1158075131441
1634	5800	PC	26.8675580053128
1634	5810	PC	9.3697786321049
1634	5820	PC	27.8271136483597
1634	5831	PC	172.584549069421
1634	5880	PC	88.5048969586776
1635	625	PC	18.8657653063776
1636	427	PC	1.19719058077464
1636	625	PC	40.6357743443412
1638	1271	PC	527.539232794022
1638	1503	PC	176.484772330051
1638	1504	PC	142.856925984486
1638	1833	PC	68.3521483591722
1638	5930	PC	14.2364161287316
1640	438	PC	5746.6956676407
1640	1640	PC	252749.852662044
1648	55	PC	105.953925076255
1648	625	PC	8.6092186535147
1648	1677	PC	7128.63594380085
1653	625	PC	2.64374598334943
1653	1653	PC	179910.533678904
1657	1653	PC	16675.4171862043
1662	625	PC	9.93487924688476
1662	1672	PC	16303.678129143
1662	1677	PC	54345.5937637106
1663	1274	PC	14.1204165805882
1664	1664	PC	33005.3504105328
1671	106	PC	1523.04471066995
1671	602	PC	2382.52923255574
1671	1037	PC	10368.5076887762
1671	1071	PC	2320.39866238292
1671	1102	PC	33.7239160405668
1671	1106	PC	1557.67116456693
1671	1238	PC	595.814628443543
1671	1271	PC	344.345613431161
1671	1273	PC	192.230216631189
1671	1401	PC	585.412074687923
1671	1438	PC	232.00283906875
1671	1502	PC	2301.31821920953
1671	1503	PC	2616.68685539602
1671	1504	PC	1542.68987709289
1671	1520	PC	80.4918467888879
1671	1531	PC	19501.3820447899
1671	1563	PC	1070.78015139363
1671	1674	PC	90320.5349614893
1671	1702	PC	1723.14407763968
1671	1703	PC	2720.16648346816
1671	1719	PC	7901.44247803329
1671	1750	PC	586.466332225995
1671	1804	PC	6108.10496706672
1671	1805	PC	259.479028930328
1671	1820	PC	3.58030812373205
1671	1833	PC	12759.5356224871
1671	1860	PC	631.916430379631
1671	1865	PC	1.2796599188638
1671	1868	PC	47616.0648029787
1671	1870	PC	4.00768302225834
1671	1901	PC	1282.41547600467
1671	1931	PC	285.934163429448
1671	1941	PC	4.48154813137589
1671	1971	PC	356.482583047982
1671	1972	PC	29.9417189318957
1671	2014	PC	200.409262456004
1671	2030	PC	44.4905640833175
1673	1673	PC	713095.582535453
1674	1271	PC	5.77653405569515
1675	805	PC	53339.8850292328
1675	1037	PC	472.904459395073
1675	1502	PC	427.380080183302
1675	1503	PC	7968.28648955155
1675	1702	PC	617.134281002087
1675	1750	PC	353.263207701421
1675	1804	PC	781.469354937809
1675	1805	PC	94.3560105201191
1675	1860	PC	101.059071650552
1675	1865	PC	83.1778947261473
1675	1870	PC	25.1911504256239
1675	1901	PC	109.088121625327
1675	1931	PC	185.483436080867
1675	1971	PC	295.894634150499
1675	2012	PC	69.6587124305232
1675	2014	PC	40.0818524912007
1675	2025	PC	48.4280978192647
1676	625	PC	8.26202183144159
1677	58	PC	13.8014842201923
1677	305	PC	2.1775634885098
1677	625	PC	19.809156866644
1677	1121	PC	5.68891382021373
1677	1135	PC	1.27402437050181
1677	1449	PC	1473.70849650999
1677	1563	PC	13391.1526144471
1677	1620	PC	.945742155263136
1677	1671	PC	74743.0499384714
1677	1675	PC	679279.07305142
1677	1677	PC	3893915.92270775
1677	1703	PC	8345.12241979016
1677	1751	PC	8603.13632153
1677	1913	PC	1.0325017217558
1702	625	PC	20.6985988868202
1702	1401	PC	1075.04428486748
1702	1438	PC	230.824106277032
1702	1503	PC	2441.80927362805
1702	1504	PC	290.035601524449
1702	1554	PC	2437.2758854518
1702	1563	PC	1751.09777532543
1702	1671	PC	4727.60820832971
1702	1675	PC	15034.4587925705
1702	1721	PC	13022.0013287625
1702	1729	PC	8577.58725746074
1703	1563	PC	726.328058744022
1703	1804	PC	4116.49027042489
1703	1868	PC	20949.8607413594
1711	50	PC	581.10493783688
1711	62	PC	3395.95653820651
1711	1711	PC	761936.764985993
1714	720	PC	2.74008288406264
1714	1664	PC	6712.9866880303
1714	1744	PC	15253.6364470203
1714	1804	PC	362.608341678999
1714	1805	PC	75.3960259955994
1714	1871	PC	81.9810956124981
1714	1901	PC	164.45698406017
1714	1931	PC	1.67155737474381
1717	1717	PC	44536.0616508676
1718	62	PC	33.3360515337554
1719	625	PC	48.5378060393578
1719	1271	PC	283.832222232483
1719	1401	PC	551.786426805128
1719	1554	PC	1903.75945766873
1719	1557	PC	498.083001883259
1719	1563	PC	119.616560828663
1719	1640	PC	5121.61477238908
1719	1664	PC	11177.6095599854
1719	1671	PC	43510.8893261161
1719	1702	PC	56431.4347029975
1719	1717	PC	13852.7911456778
1719	1719	PC	393603.010063096
1719	1721	PC	6229.26999060505
1719	1868	PC	2127.96853029356
1721	58	PC	26349.216085853
1721	219	PC	1153.01640182298
1721	540	PC	92.3059587282886
1721	720	PC	.906199365180072
1721	1271	PC	62.6561196981198
1721	1674	PC	15263.6088905115
1721	1677	PC	61054.4355620459
1721	1702	PC	205263.375751347
1721	1719	PC	118269.838809023
1721	1729	PC	27940.4299485401
1721	1742	PC	9777.71758327365
1721	3001	PC	123645.450952831
1721	6040	PC	35693.1214655026
1724	1723	PC	56623.529194057
1725	1749	PC	39911.8526081923
1729	105	PC	3.06874558488308
1729	219	PC	5.24321888657594
1729	220	PC	3.89533976778571
1729	226	PC	51.0180849299149
1729	228	PC	1.62690558754361
1729	233	PC	1.41817506277898
1729	305	PC	1.58520924938305
1729	306	PC	29.4988403719913
1729	312	PC	3.20434687746871
1729	415	PC	1.39241577472227
1729	418	PC	17.3132425564214
1729	419	PC	12.9873184151553
1729	427	PC	.990481907754302
1729	502	PC	2.33844740984639
1729	514	PC	1.63734284306316
1729	538	PC	6.31075367105091
1729	602	PC	6.17488658824992
1729	625	PC	21.8521595180071
1729	806	PC	4.23237488384626
1729	1253	PC	3.57782279166987
1729	1256	PC	.594920612250231
1729	1503	PC	9.21733902752895
1729	1515	PC	32.8744670536383
1729	1563	PC	1.33053625005153
1729	1630	PC	59.4922203443332
1729	1702	PC	8630.82848546054
1729	1721	PC	6641.58089905632
1729	1804	PC	1.37810140977924
1736	625	PC	18.3364044072154
1736	1422	PC	31280.8747322405
1736	1736	PC	14276.352038567
1738	50	PC	31.5117555591654
1738	51	PC	516.766055011482
1739	625	PC	8.57989152380038
1742	1742	PC	239351.206928849
1743	1743	PC	176965.692381247
1750	1554	PC	504.727818406978
1750	1675	PC	1.39058072730557
1750	1804	PC	3374.24068230776
1750	1868	PC	1538.68798833115
1751	625	PC	26.0697974586116
1751	1750	PC	6821.41960880945
1751	1751	PC	25179.0068703129
1804	402	PC	32.6277316949281
1804	1804	PC	587069.615979052
1804	2002	PC	2.77280167287092
1805	709	PC	2954.39080566293
1805	805	PC	17347.5161557376
1805	1238	PC	496.837135620001
1805	1503	PC	319.04062021593
1805	1511	PC	40272.7517870545
1805	1671	PC	3403.6501427161
1805	1675	PC	1902.03978563547
1805	1804	PC	4984.83987547892
1805	1805	PC	87665.9656667886
1805	1850	PC	365.250129721429
1805	1851	PC	5174.8541495018
1805	1868	PC	12572.2779401513
1805	1901	PC	7174.96888197524
1805	1931	PC	10454.3839376291
1805	1941	PC	637.981775037741
1805	1971	PC	1361.63928191934
1813	301	PC	88.1136310189632
1813	1671	PC	1550.93542981136
1813	1676	PC	2.78340263282483
1813	1804	PC	244.436297121199
1813	1931	PC	1.31523242056852
1820	1531	PC	1.64010271248199
1820	1820	PC	60572.4451077538
1820	1931	PC	2.35874666487831
1824	106	PC	1724.33234648117
1824	805	PC	1947.2499612784
1824	1671	PC	1821.92440266342
1824	1824	PC	546894.019990381
1824	1833	PC	123136.754364161
1828	720	PC	3.6435727486127
1832	213	PC	3.25933512200282
1833	104	PC	1999.1686375123
1833	106	PC	2854.79409814606
1833	302	PC	1402.01496003676
1833	805	PC	10564.7191977082
1833	1438	PC	799.254495147616
1833	1502	PC	116.229089702135
1833	1504	PC	201.041592095684
1833	1511	PC	463.402154490685
1833	1671	PC	4325.42826568147
1833	1675	PC	793.828106607421
1833	1804	PC	1602.91675664749
1833	1833	PC	100003.659172932
1833	1901	PC	1153.49933841197
1833	2030	PC	25.9387531111428
1833	5102	PC	21.8245107444722
1837	1401	PC	1.0338253772542
1841	1841	PC	72193.9882396895
1841	4001	PC	47.8731879157682
1841	5101	PC	244.999604041905
1841	5102	PC	78.8870798988649
1841	5605	PC	65.3635804876308
1841	5840	PC	27.2723904793218
1841	5880	PC	28.1739571067374
1848	1848	PC	9150.195923206
1850	805	PC	2583.85387714739
1850	1671	PC	1579.69409564883
1850	1675	PC	800.858857109671
1850	1804	PC	1784.57929043698
1850	3001	PC	2.6871832451735
1850	5101	PC	577.444105156126
1850	5106	PC	1389.49850861285
1850	5201	PC	23.0409544153289
1850	5404	PC	1546.6594105871
1850	5605	PC	23.9652916996553
1850	5880	PC	23.2423164193304
1850	6020	PC	76.6867912899181
1851	1401	PC	3406.22795920208
1851	1503	PC	249.155531978155
1851	1504	PC	4.61327292372198
1851	1554	PC	130.044770740864
1851	1569	PC	243.553691256452
1851	1804	PC	124178.375296272
1851	1805	PC	19905.8545832597
1851	1868	PC	54914.7144986102
1851	1901	PC	10.1066575792869
1854	1122	PC	3.2234769216283
1860	1804	PC	2691.79161177459
1860	1860	PC	153408.978968039
1865	709	PC	25.8013323798128
1865	1401	PC	1043.2608629933
1865	1804	PC	388.751085335888
1865	1805	PC	405.152692864831
1865	1901	PC	27.1567877875051
1865	2002	PC	63.1397574110323
1866	214	PC	.986245114239925
1866	305	PC	1.84035804868275
1866	1401	PC	763.69170487532
1866	1528	PC	4.22726649819198
1866	1805	PC	25000.9072481882
1866	1866	PC	321111.006174496
1866	1931	PC	2.15850939760576
1868	1805	PC	3122.07987850732
1870	106	PC	2259.98678970649
1870	1504	PC	664.438116754126
1870	1675	PC	337.439592253416
1870	1805	PC	2360.10264849041
1870	1833	PC	27675.6266986811
1870	1901	PC	145.023149190532
1870	2014	PC	12.4642615647641
1871	213	PC	1.20112085964354
1871	1703	PC	6892.01839942892
1871	1832	PC	1.62415100130578
1871	1865	PC	20070.7342881367
1871	1871	PC	291473.244800892
1871	1915	PC	7.07429996051374
1871	1924	PC	17389.0941857646
1871	1931	PC	12619.5052144196
1871	1942	PC	14945.6814280139
1901	105	PC	1832.00570928284
1901	106	PC	6187.46189707111
1901	1106	PC	1201.79051159699
1901	1149	PC	196.602677436001
1901	1676	PC	.870580829341311
1901	1805	PC	2044.19693492991
1901	1833	PC	4048.93448424081
1911	1911	PC	410620.859631373
1913	1860	PC	5660.40359783999
1913	1901	PC	4008.24519652728
1913	1917	PC	5877.4922775622
1913	1931	PC	2153.04281748619
1924	720	PC	1.49788715220608
1924	1924	PC	53637.6557125003
1931	1677	PC	2.03068226816603
1931	1871	PC	.806329849617483
1931	1924	PC	67145.4369399967
1931	1931	PC	36692.8370290727
1931	1972	PC	15.6926813863991
1931	2014	PC	13.1521023134757
1931	2022	PC	24.9425824836496
1933	1933	PC	206882.944075262
1933	1940	PC	14974.1548134578
1938	1971	PC	2.61573115248808
1940	1940	PC	28186.0701461726
1942	1942	PC	.60171148912242
1971	105	PC	1716.14996325129
1971	106	PC	4086.22405163895
1971	310	PC	1.13378575821782
1971	1172	PC	1.20590409215899
1971	1263	PC	5.6139942861072
1971	1401	PC	1827.40815360663
1971	1504	PC	191.894585283133
1971	1671	PC	71.4566960535253
1971	1805	PC	11576.9239935793
1971	1833	PC	6119.28649495094
1971	1901	PC	613.210766133865
1971	1971	PC	83009.9076740394
1972	1971	PC	2.67868013567648
1972	1972	PC	1588568.84266932
1973	1972	PC	129284.073443609
1973	1973	PC	248647.555967774
2002	1106	PC	9.60102108997869
2002	1820	PC	2.27199091618094
2002	2003	PC	.867829958328253
2002	2030	PC	4.33920001094972
2002	2301	PC	23.4533436529139
2004	2004	PC	396731.873386957
2011	51	PC	100.70132271839
2011	4001	PC	168.950724162082
2011	4003	PC	27.2105456736291
2011	4004	PC	27.0990270438191
2011	5101	PC	574.477069603003
2011	5102	PC	33.3440703131766
2011	5106	PC	26.6529525245793
2011	5501	PC	82.6353046891768
2011	5840	PC	186.113441289834
2011	5880	PC	741.933444125632
2012	52	PC	36.1320360584255
2012	58	PC	4.51650450730318
2012	1106	PC	43540.9765867167
2012	1120	PC	1.30083695517449
2012	1146	PC	25026.1743385841
2012	1149	PC	222745.786514822
2012	1173	PC	1700.9816304101
2012	1219	PC	2115.61804793164
2012	1263	PC	18.2195921403799
2012	1271	PC	1349.3506997087
2012	1401	PC	150.544578069705
2012	1504	PC	78.6669470977687
2012	1551	PC	1.64401214006374
2012	1554	PC	589.669362911548
2012	1563	PC	863.197072147349
2012	1804	PC	8.55975081790231
2012	1813	PC	8.19333134894638
2012	1820	PC	10.8757212086369
2012	1833	PC	5098.98771585683
2012	1871	PC	330.269251697129
2012	1901	PC	1.0522896552819
2012	3001	PC	792.903033880272
2012	4001	PC	35.4629242795657
2012	5404	PC	2934.53021966291
2012	5820	PC	13.1591983175747
2012	6020	PC	55.7035555900726
2014	1504	PC	1.74608494594041
2014	1671	PC	62.5381450840294
2017	2017	PC	2224991.41619364
2018	1504	PC	85.4430752836407
2018	1931	PC	.629296868613692
2019	806	PC	2551.90756107521
2019	1149	PC	111.085026923082
2019	1554	PC	37259.1946077431
2019	1612	PC	7586.57530637041
2025	1805	PC	25668.1654921994
2025	1833	PC	109809.01253955
2025	2030	PC	1.64903192272036
2027	2027	PC	9706.71188643365
2028	1941	PC	23.8063732204676
2030	51	PC	1.99750153408524
2030	623	PC	3686.7318391043
2030	1263	PC	485.194229233902
2030	1271	PC	155.564633879832
2030	2002	PC	7.26917570004388
2030	2003	PC	4194.60237848646
2030	2012	PC	5111.38428441937
2030	2027	PC	141.406372008064
2030	2030	PC	80911.0378478853
2030	5831	PC	144485.758302843
2030	6010	PC	295383.459639614
3001	302	PC	360.294336296452
3001	418	PC	4.41525909340969
3001	602	PC	1.69742988098729
3001	709	PC	3.00789909685138
3001	1551	PC	80.3659228512808
3001	2012	PC	10.5243528542147
3001	2030	PC	1.74133387924904
4001	104	PC	903.932896519868
4001	105	PC	63.1542730437087
4001	106	PC	27.533665425282
4001	124	PC	285.955868454397
4001	125	PC	487.461583367575
4001	211	PC	266.249456957166
4001	213	PC	1382.17605124356
4001	216	PC	1.50987270964686
4001	219	PC	3749.54076536885
4001	220	PC	1.31997274401476
4001	227	PC	204.954321949984
4001	228	PC	12.3460857008628
4001	229	PC	203.121671147428
4001	230	PC	13.1526885540642
4001	231	PC	252.177289848554
4001	233	PC	40.3999784145522
4001	235	PC	118.577575309531
4001	236	PC	1.90218041104443
4001	237	PC	51.8087051392323
4001	301	PC	13.4383054696822
4001	302	PC	2045.54654143459
4001	303	PC	882.050938164466
4001	304	PC	44.4126236385864
4001	305	PC	2524.64597398213
4001	306	PC	8.03234621841086
4001	309	PC	18.0338649794466
4001	310	PC	2.93399296658348
4001	312	PC	1841.78165642947
4001	412	PC	3.82648239105813
4001	418	PC	64.2338434033824
4001	419	PC	20.0316115524099
4001	522	PC	3.97558447197928
4001	534	PC	.546212044031741
4001	602	PC	94.2497941418191
4001	604	PC	.983145619843271
4001	605	PC	127.754283637685
4001	626	PC	6.1286398576405
4001	704	PC	4.03519310515088
4001	706	PC	154.780921412963
4001	709	PC	14.1346191726208
4001	711	PC	147.154213524071
4001	713	PC	29.6995608512223
4001	722	PC	.764956068791846
4001	723	PC	8.9768429287771
4001	728	PC	32.8981021398634
4001	805	PC	1.72772187921398
4001	806	PC	1256.27806798546
4001	819	PC	34.2159412314231
4001	834	PC	8.46511027311317
4001	904	PC	92.730227397226
4001	906	PC	69.6118823941184
4001	941	PC	12.1918768601574
4001	1004	PC	1.72569351613649
4001	1018	PC	885.952315352538
4001	1071	PC	201.758984094404
4001	1072	PC	9.99400555252645
4001	1073	PC	8.29502460859695
4001	1074	PC	39.9760222101058
4001	1075	PC	32.9802183233373
4001	1102	PC	32.5662372155857
4001	1121	PC	2.23457555543083
4001	1122	PC	2.60845462820356
4001	1146	PC	18.6875117051138
4001	1149	PC	29.1892182571784
4001	1172	PC	29.2835130418521
4001	1173	PC	28.2561084317397
4001	1224	PC	60.9894548676723
4001	1247	PC	6.67334090131371
4001	1271	PC	37.5325664740048
4001	1273	PC	55.5238295896517
4001	1274	PC	1900.91999914571
4001	1275	PC	622.672758097449
4001	1277	PC	22.3637646958319
4001	1424	PC	8.2332379733242
4001	1438	PC	218.625953354989
4001	1504	PC	36.2043286693716
4001	1548	PC	61.4535765615104
4001	1671	PC	4.80084610569982
4001	1676	PC	2235.72466890709
4001	1702	PC	.907841604978589
4001	1714	PC	29.8278964896402
4001	1804	PC	12.8940824893591
4001	1805	PC	29.4475390222852
4001	1845	PC	586.879334279136
4001	2003	PC	1.04595831125205
4001	2012	PC	2.98916530770595
4001	2028	PC	1.42283032053156
4002	214	PC	1.05865056420535
4002	219	PC	24.1136674511159
4002	220	PC	7.12266574795139
4002	230	PC	37.1807450291569
4002	237	PC	7.48298722462345
4002	304	PC	11.1182891365269
4002	306	PC	7.5974975766267
4002	722	PC	3.33058192150952
4002	1146	PC	17.2672608155251
4003	106	PC	11.0526507034505
4003	219	PC	25.6732505286617
4003	309	PC	2.66838939276645
4003	626	PC	6.78725496949522
4003	628	PC	26.7947445187893
4003	704	PC	.93642100313184
4003	1119	PC	17.2764073730186
4003	1149	PC	1.2077932196352
4003	1677	PC	1.34143480134425
4004	106	PC	31.3476266701503
4004	213	PC	1.74669084534673
4004	227	PC	39.9261666136332
4004	231	PC	14.910704499545
4004	233	PC	410.640764865139
4004	237	PC	.755988954934959
4004	304	PC	30.8841364903525
4004	502	PC	33.4521137513254
4004	605	PC	25.5508567275369
4004	628	PC	.996766489631941
4004	1074	PC	25.9870795047161
4004	1075	PC	5.37011231689088
4004	1504	PC	24.9685025306011
4004	1714	PC	29.8278964896402
4004	1845	PC	138.632913609245
4005	233	PC	36.6761401460064
4005	304	PC	11.4888987744111
4005	517	PC	4.90532584964475
4005	1102	PC	9247.86377619631
4005	1146	PC	17.4274394872833
4005	1149	PC	416.323464752431
4005	1430	PC	.758128325353925
5101	104	PC	.836934004632367
5101	105	PC	113.654349036894
5101	106	PC	20004.3220783653
5101	211	PC	1.36538183054957
5101	213	PC	2.12773858124998
5101	217	PC	191.28094143559
5101	219	PC	2451.04076467099
5101	221	PC	32.1135388297662
5101	226	PC	.977119462805313
5101	230	PC	115.29606030676
5101	231	PC	7.43050107560657
5101	301	PC	477.623170823301
5101	302	PC	6.93410632481393
5101	304	PC	1.46884953148116
5101	305	PC	252.774303518939
5101	306	PC	11.7483255209301
5101	309	PC	8.67597162286981
5101	312	PC	1.2971337325948
5101	403	PC	3.81911141739694
5101	412	PC	34.6891709091742
5101	417	PC	3.58984283067737
5101	418	PC	256.767173267114
5101	602	PC	42.1408185828606
5101	711	PC	265879.546613387
5101	713	PC	95.6189611375944
5101	805	PC	23.644633355232
5101	806	PC	29.6788127947885
5101	1124	PC	973.537792015326
5101	1172	PC	1.45548986432596
5101	1173	PC	30.823379130197
5101	1246	PC	.764093001155112
5101	1271	PC	3.30315375105104
5101	1273	PC	33.4171196604385
5101	1277	PC	33.4171196604385
5101	1430	PC	63.9278064044841
5101	1445	PC	31.2752513081299
5101	1449	PC	25.0606531931827
5101	1502	PC	218.507784487679
5101	1515	PC	89.6616634754951
5101	1548	PC	81.6973651367943
5101	1554	PC	79.9849394075468
5101	1653	PC	33.3081690904343
5101	1664	PC	63.1821310203854
5101	1676	PC	40.2937204661561
5101	1804	PC	1.23079878307518
5101	1833	PC	29.4038753936679
5101	1865	PC	66.6266550173905
5101	1929	PC	31.7228879565557
5101	1931	PC	.890696182429441
5102	105	PC	1.92704824934191
5102	106	PC	91.4893545879451
5102	217	PC	12.7556980295251
5102	219	PC	2.95655559724324
5102	230	PC	1317.07784165496
5102	301	PC	919.111901952889
5102	304	PC	1.75421895265202
5102	305	PC	33.2288601327
5102	306	PC	1654.30259427843
5102	711	PC	340.011446392169
5102	713	PC	150.996825974488
5102	904	PC	232.934727861447
5102	1102	PC	2.62354429918495
5102	1172	PC	43.3668974920649
5102	1271	PC	2.61167642884658
5102	1548	PC	3265.24649907436
5103	312	PC	3.23912823510816
5103	713	PC	59.3375019888408
5103	720	PC	26.4844920063919
5104	418	PC	2170.3638255101
5104	602	PC	15.4073588509865
5106	105	PC	1.2591950539105
5106	301	PC	55.9311711840283
5106	305	PC	9.24547509975191
5106	519	PC	5.95597372800716
5106	602	PC	258.830473614995
5106	713	PC	433.722906364202
5106	1074	PC	31.9861479043794
5106	1102	PC	1.8525859348304
5106	1246	PC	1.25776625704545
5106	1247	PC	21.4500243256512
5106	1277	PC	175.465583693964
5106	1673	PC	2.98096622520945
5106	1676	PC	32.1944352322621
5106	1850	PC	.484571978938112
5201	211	PC	663.575569647091
5201	230	PC	97.5994557015368
5201	303	PC	1.11182891365269
5201	805	PC	57.4325130178274
5201	1074	PC	10.2511846287448
5204	125	PC	4.1947904963708
5402	125	PC	3.68094101271643
5402	302	PC	.778280239556882
5403	124	PC	1.76468261163299
5403	125	PC	1.98993153405576
5403	217	PC	.925629898690558
5403	219	PC	5.31736524164198
5403	412	PC	46.3269957584924
5403	602	PC	4.24357470246821
5403	605	PC	33.216113745798
5403	1124	PC	1591.3752803349
5403	1172	PC	1.8376645260586
5403	1227	PC	14.1298920326552
5403	1260	PC	65.6862716377234
5403	1271	PC	4.5305902616556
5403	1273	PC	133.668478641754
5403	1274	PC	100.251358981316
5403	1430	PC	31.5381383347233
5403	1551	PC	222.770870892842
5403	1702	PC	.887920315841128
5403	1824	PC	1.5789226861481
5403	2012	PC	3.99919502966163
5404	104	PC	30.2226168339466
5404	219	PC	159.447043359328
5404	704	PC	3.09364804728235
5404	1102	PC	8.31221956177411
5404	1124	PC	1.24271044813189
5404	1127	PC	14.8865412564988
5404	1850	PC	3.78545836421614
5501	106	PC	1.43415392015938
5501	219	PC	32723.1573502883
5501	626	PC	13.5745099389904
5501	926	PC	19478.1185708812
5501	1002	PC	.981029989035785
5501	1224	PC	22.0821100133578
5501	1274	PC	2.4625846642077
5501	1275	PC	14.4040638474821
5501	1277	PC	1.26856527326357
5501	1520	PC	.736982491349521
5501	1548	PC	23.1709309773858
5501	1551	PC	266.681127045483
5501	1671	PC	1.47557828147868
5501	1677	PC	1.63207900830217
5605	104	PC	11.8298296738106
5605	106	PC	7.0153376185574
5605	125	PC	.816477184364282
5605	219	PC	426.027835340363
5605	220	PC	2.93478945153229
5605	228	PC	34.7365939826417
5605	231	PC	4.17499725987259
5605	302	PC	43.0080131110052
5605	306	PC	1.36384346741396
5605	418	PC	18.5020381057168
5605	627	PC	1.56071379798262
5605	904	PC	1.14181482186748
5605	926	PC	3.74806220985138
5605	1072	PC	1.57105767285716
5605	1075	PC	1.1086683492936
5605	1106	PC	38.0164672533586
5605	1121	PC	11.7315216660119
5605	1124	PC	152.477819146183
5605	1172	PC	2.93455543830425
5605	1272	PC	132.402483916157
5605	1674	PC	1.18940552385857
5700	106	PC	84941.6190672174
5700	309	PC	11.7853864847185
5700	521	PC	5.27962080262217
5700	805	PC	91814.8903874874
5700	1529	PC	.566632671492446
5710	213	PC	6.5950569675563
5710	301	PC	13.2184104178708
5710	305	PC	1.33419469638323
5710	308	PC	2.29777975488222
5710	309	PC	32.1195019499665
5710	612	PC	2.64613760440644
5710	1074	PC	62.362594647765
5710	1149	PC	29.8508052530348
5720	231	PC	81.9492319294991
5720	521	PC	54.3476067877171
5720	626	PC	61.638330315564
5740	304	PC	1.75916041449048
5740	602	PC	9.17673029408751
5750	428	PC	1.48706923462986
5750	628	PC	1.02999203928634
5760	237	PC	2.5938241729665
5770	231	PC	1.11830283746587
5770	233	PC	1.32683807015657
5800	104	PC	27.3165959845286
5800	233	PC	2.30872540354776
5800	306	PC	44.711582079813
5800	545	PC	1.8851835063623
5800	1274	PC	3.8069810936238
5800	1276	PC	3.34299723987694
5800	1504	PC	42.8584345937768
5800	1653	PC	1.49688423745492
5810	1515	PC	.827646124389185
5810	2004	PC	19.8163495607905
5820	219	PC	89.8792901561947
5840	125	PC	1.92075948817921
5840	219	PC	14.6423415953472
5840	220	PC	217.297271064849
5840	228	PC	.870105087489375
5840	238	PC	6.30088774328693
5840	301	PC	1.38731541114663
5840	302	PC	2.20883344179001
5840	307	PC	28.9804383170871
5840	310	PC	1.35890200557551
5840	312	PC	.833871685239516
5840	604	PC	.993649558133101
5840	620	PC	34.4649462082712
5840	623	PC	5.33468706832844
5840	626	PC	3.36848950337911
5840	1102	PC	3.83608932775875
5840	1124	PC	47.5454725250462
5840	1149	PC	2.86017290048581
5840	1172	PC	22.8312135580542
5840	1173	PC	.868578776665105
5840	1271	PC	2.43687918754582
5840	1401	PC	.816962531221971
5840	1503	PC	1.74177243665528
5840	1702	PC	6.5071468018293
5840	1865	PC	1.10804779587403
5841	215	PC	1.6643762783635
5841	231	PC	1.59420282274302
5841	305	PC	4.00258408914968
5841	1119	PC	12.6127237047945
5841	1130	PC	12.8380757174002
5842	105	PC	9.6572868861704
5842	229	PC	2.29864021342874
5842	304	PC	1.19089230306799
5842	706	PC	.831451143711896
5842	1221	PC	12.3065847607272
5842	1653	PC	1.24740353121243
5842	1865	PC	1.13349185637187
5850	2015	PC	1.38619966059441
5880	106	PC	1.56607518239626
5880	211	PC	42.7364512962015
5880	219	PC	89.7314623763326
5880	231	PC	34.284679879287
5880	302	PC	97.8409444014366
5880	305	PC	1.75421895265202
5880	306	PC	3.38737209026186
5880	403	PC	10.5944979690012
5880	418	PC	240.858223835305
5880	626	PC	68.8868672431712
5880	806	PC	858.847719879986
5880	1124	PC	1843.24240693563
5880	1503	PC	16.2546638074486
5880	1551	PC	26.004381816285
5880	1634	PC	118.55041544204
5880	1841	PC	26.4454564401184
6000	308	PC	7.9384584434802
6020	106	PC	55.0111663527801
6020	124	PC	173.892082168214
6020	213	PC	68.9763018721934
6020	217	PC	9.26993123872724
6020	219	PC	8170.46948025989
6020	220	PC	73.7109908756947
6020	231	PC	32.3065264156808
6020	304	PC	18.2389356457425
6020	305	PC	884.622969051382
6020	308	PC	.760985123122284
6020	309	PC	4408.95755708974
6020	521	PC	33.595705664375
6020	612	PC	21.8815224979763
6020	619	PC	44.1225629659125
6020	626	PC	5834.48776865699
6020	627	PC	137.602933188801
6020	704	PC	.72121070419046
6020	722	PC	6.97529528707617
6020	901	PC	19.5818476510187
6020	904	PC	1.35126014422187
6020	1072	PC	26.1736342750299
6020	1074	PC	825.904618860785
6020	1102	PC	131.845309606525
6020	1121	PC	29.0494822206008
6020	1149	PC	27.5950582319632
6020	1172	PC	208.875824212425
6020	1173	PC	29.0353476770907
6020	1175	PC	1.7867906262825
6020	1243	PC	18.780406737869
6020	1272	PC	113.939525303764
6020	1275	PC	1.83280048599174
6020	1277	PC	233.189802085872
6020	1516	PC	2.04782753782526
6020	1551	PC	241.794933647298
6020	1636	PC	3.75287038564268
6020	1671	PC	51.421667384863
6020	1805	PC	2.7209229429141
6030	106	PC	52.2460444502506
6030	231	PC	2.4664790359664
6030	309	PC	40.3112103126676
6030	602	PC	24.9925332101866
6030	1071	PC	25.3181473997337
6030	1172	PC	.858652162074647
6030	1175	PC	2.77572960485692
6030	1677	PC	141.372323230558
6030	1850	PC	1524.40003182534
6030	1972	PC	2959.58882877114
6040	1272	PC	26.4676440449004
6050	1124	PC	233.784903054813
