50	219	PC	9.67976302537439
50	233	PC	2.62923081251086
50	301	PC	1569.49969693776
50	427	PC	10.9140621545304
50	517	PC	939.179905191667
50	716	PC	381.503426252628
50	722	PC	14.3909003388349
50	806	PC	.715271806267707
50	1002	PC	1.14453498720842
50	1636	PC	405.747503305148
51	301	PC	1.04017771699507
51	1833	PC	406.593396188786
52	105	PC	37.8795958030129
52	106	PC	172.249983948031
52	125	PC	37.09598003151
52	128	PC	125.926715720136
52	135	PC	67.1578626001712
52	211	PC	230.722221726266
52	219	PC	3.10438337710541
52	220	PC	1.87826524898066
52	226	PC	16.0501642960401
52	230	PC	8109.43152209157
52	231	PC	8.66063419681903
52	233	PC	151.524364382373
52	235	PC	125.144371410533
52	301	PC	79.3598771256096
52	402	PC	26.0924800254907
52	417	PC	219.411193811
52	426	PC	39.8917536076093
52	605	PC	852.578432198779
52	625	PC	19.9965136590473
52	627	PC	1.15030387332793
52	704	PC	14.6535155332765
52	706	PC	86.5202093414522
52	806	PC	.715271806267707
52	807	PC	170.806446742626
52	904	PC	24.0907162712356
52	906	PC	25.6075537903315
52	1034	PC	2.71133347092724
52	1146	PC	2.13571562344158
52	1173	PC	500.596692143167
52	1243	PC	.894305082755668
52	1271	PC	2.56926239235448
52	1416	PC	1.6515745602311
52	1548	PC	67.7619787851057
52	1563	PC	8.54637202285031
52	1922	PC	.761784770723417
52	2101	PC	42.215288483023
54	301	PC	1.30207519443326
54	806	PC	2.63135582896054
54	1502	PC	29.3607468786388
54	1871	PC	29.7468205662772
55	213	PC	1.73603216741937
55	231	PC	1.38296784233279
55	235	PC	1.40041617422522
55	301	PC	1941.37681978355
55	716	PC	40.9622552762176
55	1130	PC	170.261967305758
56	124	PC	43.7950429164391
56	235	PC	1.04168148436474
56	301	PC	13712.601074873
56	425	PC	2.4630418375532
56	428	PC	9.12249381389299
56	502	PC	.93665918503711
56	627	PC	31.9495455711465
56	720	PC	5.77263835028208
56	928	PC	198.871905297151
56	1271	PC	10.2821906647503
56	1677	PC	1.0731478410754
57	418	PC	36.415374998979
57	602	PC	1.24761096252565
58	104	PC	8.8250041155124
58	105	PC	4.60364824035248
58	106	PC	670.058132376686
58	111	PC	1.75379098434181
58	119	PC	.900317314274045
58	124	PC	83.4437257402895
58	128	PC	78.3026227830842
58	213	PC	52.0196776244986
58	217	PC	4.28734319791135
58	219	PC	761.970899910523
58	220	PC	79.3007410171014
58	221	PC	41.0211758727754
58	226	PC	613.083835742565
58	227	PC	3.35379799554519
58	230	PC	42.2698595050227
58	231	PC	94.7948038558571
58	235	PC	570.290593050376
58	237	PC	27.1113280390468
58	238	PC	3.05593055549416
58	301	PC	4217.70815955596
58	402	PC	7.7429135576407
58	412	PC	295.554404543925
58	418	PC	732.534000906456
58	419	PC	5.98500038493668
58	427	PC	19.4349681348129
58	501	PC	13.81344022717
58	502	PC	2.23014091675502
58	513	PC	27.40963963301
58	529	PC	8.46804954284173
58	602	PC	332.476651682655
58	604	PC	1.29286861903573
58	605	PC	17.5483284004723
58	617	PC	39.8271711495111
58	625	PC	11.68430154204
58	626	PC	157.441691109058
58	702	PC	6.45645958234351
58	704	PC	1.28101368417488
58	706	PC	19.7161581660231
58	709	PC	2.86627718104129
58	728	PC	1284.33151058215
58	805	PC	47.4648867915929
58	806	PC	12.0900803920528
58	815	PC	1.37907013845678
58	819	PC	271.227134146012
58	906	PC	32.585837285734
58	1014	PC	17.4420514356343
58	1032	PC	3.57532048692244
58	1034	PC	28.4070454386091
58	1101	PC	1.2145095515441
58	1102	PC	8.74341595154114
58	1106	PC	7.26456132498526
58	1121	PC	1.00667628772159
58	1124	PC	3.02812356032139
58	1149	PC	6.07601496994394
58	1221	PC	.946660366209786
58	1228	PC	9.51502819962187
58	1247	PC	.953334414473387
58	1260	PC	57.1041076087486
58	1266	PC	.855583062992105
58	1271	PC	6.13846782685593
58	1273	PC	37.2729411597199
58	1274	PC	99.9673134642017
58	1277	PC	36.7832518293111
58	1401	PC	.607658081074193
58	1416	PC	23.2638456994169
58	1420	PC	4.15695560037207
58	1502	PC	6.06363250754498
58	1516	PC	2.04782753782526
58	1528	PC	2.23302468487526
58	1548	PC	6747.54471073523
58	1563	PC	33.6130833539953
58	1566	PC	7.02381459086147
58	1657	PC	1.07335879934476
58	1663	PC	85.3949652223999
58	1677	PC	20.2973990274512
58	1702	PC	3.16037022673581
58	1703	PC	2.87123696478626
58	1719	PC	3377.53994303896
58	1721	PC	30.9327589292391
58	1804	PC	4.4332199977051
58	1805	PC	8.40840770553316
58	1833	PC	18797.4530882861
58	1837	PC	1.23309788919898
58	1841	PC	6.68276684241791
58	1870	PC	.65006424324972
58	1901	PC	24.6030571407445
58	1931	PC	1.87121046728874
58	1971	PC	49.2410567055305
58	2012	PC	3.27609333774514
58	2101	PC	68.4207424297288
59	106	PC	332.664932676969
59	219	PC	14.7827779862162
59	301	PC	19.8510875705389
59	403	PC	23.5936216452521
59	919	PC	1.83527963338989
59	1149	PC	1.07970997723742
59	1528	PC	2.57385476835622
60	101	PC	115.667344574576
60	111	PC	24.2569246445072
60	125	PC	33.7720161841208
60	128	PC	118.085156399767
60	217	PC	7.10512964944799
60	237	PC	40.874237306561
60	301	PC	32188.7602437289
60	617	PC	35.4582450193407
60	906	PC	62.6871640341534
60	1106	PC	51.5760231154334
60	1135	PC	4833.33717782392
60	1271	PC	51.0600735673169
60	1416	PC	149.90750051936
60	1502	PC	28.876720073212
60	1516	PC	26.7364363338466
60	1620	PC	25.8560364619763
60	1638	PC	66.3898471481123
60	1677	PC	176.991888655586
60	1804	PC	51.0781494976202
60	1871	PC	221.202007673347
60	1924	PC	12.4222077688116
61	213	PC	1.0871851485911
61	301	PC	1.33666542730245
62	211	PC	245.610345206579
104	52	PC	7.7118515783
104	106	PC	275.423837975213
104	1675	PC	595.613081078351
105	106	PC	252.249123617338
105	805	PC	61.3838229011279
105	1149	PC	50.3504892545425
105	1263	PC	19.7598772127707
105	1271	PC	75.3512333454028
105	1504	PC	12.9159985765526
105	1535	PC	276.273959725413
105	1548	PC	172.511808835077
105	1671	PC	115.283384774312
105	1675	PC	193.485171261345
105	5831	PC	7.25587150867531
106	104	PC	155.193974316056
106	105	PC	105.416331393744
106	1037	PC	4069.01593793899
106	4001	PC	8.06734448556387
106	5850	PC	2.31240182611171
106	6020	PC	2.41664944942002
211	5605	PC	1.54421314511721
219	50	PC	239.928999398345
219	52	PC	51.1718774437213
219	58	PC	12.5934256447286
219	2012	PC	92.4204167818737
219	3001	PC	5.14615853576142
219	4001	PC	54.9853795755758
219	5404	PC	32.2297098002558
219	5800	PC	27.4099160981042
219	5850	PC	35.3561903077358
220	55	PC	1.21559075706864
220	60	PC	4.96760386230094
220	4001	PC	.709488768717107
226	50	PC	39.8374019866506
226	52	PC	35.4842378753456
230	58	PC	7.65405258131617
230	5201	PC	2.49678324203751
233	51	PC	2.30247931987874
235	628	PC	4406.98449614825
301	106	PC	1035.26936426044
301	235	PC	3781.31959711078
301	237	PC	433840.116327113
301	602	PC	847472.41189815
302	1106	PC	758.789530184282
302	1124	PC	125.332016184372
302	1502	PC	3291.01799705975
302	1901	PC	2213.27663322963
402	60	PC	2.09492505155969
418	50	PC	2.68580134815345
418	58	PC	1.62267164784271
418	60	PC	19.5839681636189
517	58	PC	12.1305082580326
517	5101	PC	3.68876686073014
517	5106	PC	1.96060199633608
517	5201	PC	35.0302561897198
517	5880	PC	8.54180401912502
602	58	PC	477.084535235384
602	106	PC	3593.07075066303
602	302	PC	2722.76318288431
602	602	PC	502.46662521981
602	627	PC	11862.3302305042
602	704	PC	1954.31273455586
602	805	PC	7077.20443239212
602	1037	PC	1828.00079242873
602	1071	PC	4068.92479380309
602	1124	PC	1182.91266702865
602	1263	PC	1191.12859223871
602	1271	PC	3.43526560738831
602	1502	PC	1198.97241522808
602	1535	PC	1232.18826861329
602	1548	PC	2010.58234995413
602	1671	PC	3.05187474712737
602	1675	PC	85.9611387107544
602	1805	PC	642.149768169527
602	2101	PC	916.580258723577
623	602	PC	.672490467050946
623	826	PC	13.777576615034
623	827	PC	.838340714031258
623	1246	PC	3.75581472688226
624	5790	PC	48.7555906407081
627	805	PC	314.42765228047
627	1271	PC	1087.8341090063
628	105	PC	131.472490522636
702	627	PC	172.346115753635
702	805	PC	659.890865879075
704	1271	PC	143.609954827973
704	1671	PC	2.27094586889493
704	4001	PC	6.09277941715089
709	302	PC	378.768357545187
709	627	PC	560.303063114505
709	1504	PC	252.005090311946
709	1671	PC	19.1480859814239
709	1675	PC	81.502109561958
709	5760	PC	3.08826797641263
719	720	PC	1372.96765366133
728	58	PC	579.392868515129
805	55	PC	381.482663540041
805	840	PC	651531.169493543
805	5101	PC	54212.5473617456
805	5102	PC	47.0843640106815
805	5106	PC	159.030486612492
805	5605	PC	407.569793791885
805	5760	PC	2.51560516250741
805	5870	PC	29852.1650594444
806	58	PC	26.0702015495383
815	704	PC	94.5605728217553
815	805	PC	6922.19324370738
815	806	PC	3125.1681684108
815	1037	PC	258.910584591541
937	5101	PC	144.820491674098
937	5860	PC	23.8725589598606
937	6020	PC	7.16176768795818
937	6030	PC	6.35606882306288
1002	1072	PC	1579.93286031461
1002	1271	PC	1363.75592845181
1032	1504	PC	1.13482446590258
1032	1805	PC	43.7968657350505
1034	5104	PC	22.0707963236609
1071	627	PC	111.948779963095
1071	1263	PC	1890.55085013038
1071	1271	PC	62.2293679787511
1071	1273	PC	1450.57655090575
1071	1504	PC	93.091828620656
1071	1671	PC	1.54360948251042
1072	50	PC	30.2815175438138
1072	52	PC	1023.9795392429
1072	56	PC	49.8009626504534
1072	3001	PC	6842.13379806831
1072	4001	PC	16.4360629908101
1072	6000	PC	1.4941875446191
1101	1149	PC	200.315723442192
1102	4001	PC	2349.91216740737
1102	4005	PC	3257.28952696078
1102	5605	PC	1783.89875027946
1102	5740	PC	138.815329373282
1102	5831	PC	181.957672528505
1102	5860	PC	93.51769557779
1102	6000	PC	19.4999007419627
1102	6030	PC	1149.488341477
1102	6040	PC	794.413341080082
1106	104	PC	860.041164407591
1106	1134	PC	169.76526528469
1106	1149	PC	560.348776753347
1106	1173	PC	307.322636819111
1106	1246	PC	562.84821746818
1106	1247	PC	427.906492187028
1106	1263	PC	560.364025559834
1106	1271	PC	2383.22611677402
1106	1273	PC	836.708252921327
1106	1504	PC	20.5945683818827
1106	1548	PC	126.360370709484
1106	1671	PC	42.5690789824826
1106	1675	PC	1526.24827144953
1106	1871	PC	360.00663668544
1119	5840	PC	6.51578837237459
1122	1102	PC	13868.9657529271
1122	1122	PC	3173.99107685478
1124	1263	PC	8.59315538543677
1124	1271	PC	39.3774750229342
1124	4001	PC	1645.16865838912
1124	4003	PC	1.29317438416163
1124	4004	PC	4.87071331134323
1124	4005	PC	10.4976048642725
1124	5404	PC	381.133316612608
1124	5605	PC	1145.88523130494
1124	5831	PC	365.303498350742
1124	5870	PC	1.09591049505223
1124	5930	PC	522.384002641561
1124	6000	PC	33.5348611485982
1130	302	PC	6393.22730746028
1130	1037	PC	1625.96603616827
1130	1106	PC	109.223966645029
1130	1146	PC	137.894366217433
1130	1149	PC	899.212603272658
1130	1263	PC	64.0580674187105
1130	1535	PC	3091.88767451431
1130	1548	PC	4750.07097847777
1130	1638	PC	586.695582040599
1130	1675	PC	6.03818117562671
1134	805	PC	8147.55745009859
1135	302	PC	1516.36955151038
1135	805	PC	2170.92008054064
1135	806	PC	9343.23754585503
1135	1101	PC	70.0705281086902
1135	1149	PC	2212.20484515461
1135	1263	PC	582.900129615336
1135	1271	PC	2212.02370950078
1135	1273	PC	1886.07457920239
1135	1535	PC	25.4819004697194
1135	1671	PC	27.8900862299024
1135	1675	PC	1218.35639846416
1135	1805	PC	387.954687291876
1135	1824	PC	30.9498733909184
1135	2302	PC	640.980234235635
1135	5201	PC	43050.7417611555
1135	5605	PC	1657.71825396669
1146	1871	PC	167.669906920223
1149	701	PC	2007.3074931467
1149	702	PC	29815.9750872394
1149	709	PC	5745.29975305333
1149	805	PC	26553.6561590476
1149	1003	PC	539.653747085682
1149	1106	PC	27.3113090816341
1149	1124	PC	746.729727105879
1149	1134	PC	519.712570009183
1149	1159	PC	194.939548869244
1149	1172	PC	213.842789039143
1149	1221	PC	1918.25406204053
1149	1871	PC	4185.29883043171
1149	2030	PC	9.51029234673424
1159	302	PC	273.202031963632
1159	602	PC	3433.85986653902
1159	1071	PC	1792.70621035001
1159	1073	PC	1381.93238616293
1159	1149	PC	1203.57704699858
1159	1219	PC	1423.91973085478
1159	1263	PC	1139.46593539054
1159	1271	PC	36.0759231592403
1159	1273	PC	77.8480447120448
1159	1675	PC	503.489451413501
1173	5302	PC	1.09591049505223
1221	1149	PC	387.929537987026
1221	1504	PC	41.3367682842045
1221	1548	PC	4834.64214051093
1221	5842	PC	46.2054322285113
1224	104	PC	567.064917065845
1224	105	PC	753.146189595667
1224	106	PC	4819.48429973998
1224	302	PC	5445.03005796227
1224	704	PC	2391.74520183529
1224	805	PC	159454.091845989
1224	806	PC	7153.67161848274
1224	1037	PC	328.966347311009
1224	1071	PC	4750.93020621245
1224	1072	PC	1615.35216682705
1224	1073	PC	1002.86447023846
1224	1101	PC	1082.39326392559
1224	1106	PC	3294.01724734327
1224	1146	PC	965.316657450041
1224	1149	PC	4763.77472648068
1224	1173	PC	844.53821109827
1224	1246	PC	1681.93959838602
1224	1247	PC	3023.74688266648
1224	1263	PC	27621.7145631769
1224	1271	PC	20032.135537544
1224	1273	PC	12092.1962484872
1224	1401	PC	10148.3824036212
1224	1411	PC	441.771895894973
1224	1502	PC	3548.3395529994
1224	1503	PC	2404.18254886785
1224	1504	PC	671.962814666487
1224	1520	PC	207.33117884041
1224	1554	PC	423.701969652165
1224	1563	PC	284.930661883613
1224	1569	PC	472.403011812032
1224	1612	PC	28.9682164308209
1224	1671	PC	195.183308921819
1224	1675	PC	1004.32008583279
1224	1805	PC	795.462727034661
1224	1833	PC	27002.0066945063
1224	1971	PC	156.534829788655
1224	2305	PC	17620.8126124937
1244	1569	PC	1.39096517843488
1246	56	PC	10624.0032389449
1246	1106	PC	41.7431786352053
1246	1124	PC	130.289211124489
1246	1271	PC	599.591472266906
1246	1401	PC	45.380333746015
1246	1503	PC	61.1871932219568
1246	1871	PC	97.2983896833123
1246	2303	PC	4876.02265543628
1246	3001	PC	2111.16970275018
1246	4001	PC	2061.45584459744
1246	5101	PC	318.557176539188
1246	5201	PC	43.70449068373
1246	5403	PC	9256.68396763178
1246	5404	PC	32.0499598347353
1246	5605	PC	481.186442427867
1246	5700	PC	148.57098805208
1246	5710	PC	86.9233759154186
1246	5720	PC	10.5861988545035
1246	5790	PC	210.752766185987
1246	5800	PC	3957.22310895833
1246	5810	PC	2105.60952032431
1246	5820	PC	1432.65748488527
1246	5831	PC	6027.82047619045
1246	5835	PC	9729.10523165034
1246	5840	PC	5464.17822800595
1246	5850	PC	145.681635612433
1246	5890	PC	112.150579148972
1246	6000	PC	508.914513739434
1246	6010	PC	362.261667222918
1246	6020	PC	5385.89862913686
1246	6030	PC	135.969526571604
1246	6040	PC	366.923479562515
1246	6050	PC	29.1363271224867
1251	1273	PC	44.1257793443177
1263	105	PC	1.53707314700377
1263	805	PC	1002.90438346693
1263	1106	PC	473.95360587053
1263	1124	PC	466.807630714596
1263	1246	PC	97.1052190705139
1263	1263	PC	463.672315056651
1263	1271	PC	1160.24843334765
1263	1401	PC	294.226483113834
1263	1411	PC	501.485348951667
1263	1502	PC	409.079477931557
1263	1503	PC	787.844402648607
1263	1504	PC	454.762977771746
1263	1871	PC	42.9923117205334
1263	1971	PC	30.6277365200935
1263	2030	PC	567.067488612231
1263	2304	PC	33091.2850798024
1271	51	PC	381.190567743493
1271	105	PC	6.660650303683
1271	1071	PC	1276.5889802751
1271	1102	PC	10.4909130124608
1271	1106	PC	82.7085340660279
1271	1124	PC	65.0205205992686
1271	1149	PC	1042.13853247086
1271	1159	PC	4.49700482420783
1271	1224	PC	2.91590791082322
1271	1246	PC	598.506827077664
1271	1263	PC	6363.26853123657
1271	1271	PC	1624.21802498275
1271	1273	PC	1492.81404972945
1271	1401	PC	.639159630225563
1271	1420	PC	2006.92484929424
1271	1439	PC	9.37964401458797
1271	1504	PC	2575.09930102075
1271	1520	PC	2.59807888216972
1271	1535	PC	37.5247947621237
1271	1548	PC	61.5196192508377
1271	1554	PC	.818569110541989
1271	1563	PC	1.26742009927392
1271	1612	PC	108.720089621223
1271	1638	PC	12.7603291067868
1271	1671	PC	3489.34760027397
1271	1675	PC	2632.62509802857
1271	1804	PC	.887729379017433
1271	1805	PC	93.3855386989956
1271	1871	PC	416.723723256047
1271	1971	PC	34.90137417406
1271	2012	PC	1.84182849584017
1271	2030	PC	376.907548503207
1271	2302	PC	66.5711090154942
1271	4001	PC	36.4204089031083
1273	1271	PC	741.7024380964
1401	1071	PC	2920.75272916949
1401	1120	PC	13339.8889163439
1401	1124	PC	101.375822507727
1401	1149	PC	12.1284018295089
1401	1246	PC	259.641989376382
1401	1263	PC	1514.17324910843
1401	1271	PC	77.7553236437954
1401	1273	PC	559.602708042466
1401	1504	PC	4773.28875599211
1401	1548	PC	367.107054332017
1401	1671	PC	615.466835668068
1401	1675	PC	1056.06185121291
1411	1263	PC	5469.50045138655
1411	1273	PC	3819.98122083201
1411	1548	PC	505.010964419708
1416	5605	PC	25.3651473591342
1421	104	PC	12146.9390124485
1421	4001	PC	47802.6348171939
1421	5101	PC	1006.87687778698
1421	5403	PC	11148.4782335742
1421	5800	PC	7770.2977299705
1421	5840	PC	3878.27892090254
1424	1247	PC	332.16117519664
1424	1263	PC	1051.08275669788
1424	1271	PC	152.555863467783
1424	1273	PC	3985.55925106634
1424	1439	PC	72.4515975462679
1424	1504	PC	82.0653317864954
1424	1671	PC	3037.24479469566
1424	1675	PC	12.1171284411659
1439	1263	PC	1.87198477937913
1439	1271	PC	4.67903267745406
1439	1273	PC	68.4308529077657
1439	1931	PC	64.2884323433471
1502	1149	PC	639.040375737467
1502	1173	PC	321.048774014814
1502	1263	PC	418.41855485591
1502	1273	PC	724.838689248838
1502	1439	PC	36.8392527508287
1502	1502	PC	4369.95240321274
1502	1503	PC	477.28362606892
1502	1504	PC	1853.02572379794
1502	1511	PC	2186.72236292701
1502	1535	PC	634.680551616785
1502	1548	PC	290516.177328311
1502	1563	PC	1.09381895427124
1502	1612	PC	.609221109418966
1502	1671	PC	1319.45608308221
1502	1675	PC	3130.17646262249
1502	1824	PC	1044.88320964506
1503	1149	PC	135.219407664064
1503	1246	PC	386.013216898475
1503	1263	PC	556.726348368282
1503	1502	PC	1932.23561187314
1503	1503	PC	4.981565203577
1503	1504	PC	541.317723104425
1503	1548	PC	9636.91209052945
1503	1671	PC	1434.42804008128
1503	1675	PC	10205.5262185497
1503	2301	PC	288.682192366255
1503	3001	PC	1.13013543170337
1503	5101	PC	5.79556631642752
1503	5102	PC	2.56164031186096
1503	5106	PC	15.1890202020932
1503	5201	PC	31.2612847108101
1503	5403	PC	12.1845986236572
1503	5404	PC	64.7109752627031
1503	5605	PC	74.8288749379225
1503	5700	PC	180.886579415283
1503	5720	PC	4.33972005774094
1503	5770	PC	1.08493001443523
1503	5840	PC	7.59451010104664
1503	5860	PC	6.42496481839157
1503	5880	PC	281.998347598205
1503	6000	PC	2.37618218973528
1503	6010	PC	15.5321177280258
1503	6020	PC	380.883459202353
1503	6030	PC	220.231520024246
1503	6040	PC	29.7660286011717
1503	6050	PC	94.8618294672857
1504	105	PC	19.677554573025
1504	306	PC	13975.9700474324
1504	709	PC	18.8588543664017
1504	1032	PC	2.77075473566968
1504	1071	PC	1015.8879490525
1504	1106	PC	2.0114759131646
1504	1124	PC	4.81331579217215
1504	1221	PC	3.70793712852489
1504	1263	PC	662.644816759244
1504	1271	PC	306.77735966185
1504	1273	PC	836.951565846687
1504	1401	PC	4.75205137448028
1504	1439	PC	5.9842258664111
1504	1502	PC	3296.71564102923
1504	1503	PC	2.52987299918685
1504	1504	PC	93.2145739380117
1504	1548	PC	11336.2462323308
1504	1563	PC	.941330962495644
1504	1612	PC	1.11833027151315
1504	1671	PC	8199.43785511197
1504	1675	PC	7545.58449820735
1504	1804	PC	6.60012838144608
1504	1820	PC	19.3066511769523
1504	1824	PC	250.170043719359
1504	1860	PC	2.91420597285581
1504	1865	PC	1.25463796181357
1504	1866	PC	1.12620570399456
1504	1870	PC	8.98129918875948
1504	1871	PC	1.28536343657814
1504	1901	PC	2.92840022065335
1504	1931	PC	2.29038497897039
1504	1971	PC	1.38147061474097
1504	2012	PC	3.04895687023025
1504	2030	PC	580.574146920754
1511	301	PC	7.08319205125711
1511	403	PC	1022.93062676988
1511	1224	PC	1.32431933300991
1511	1271	PC	14.8816174485517
1511	1445	PC	3.39520373806167
1511	1504	PC	168.296073214123
1511	1548	PC	1840.149439286
1511	1563	PC	4.150117100493
1517	806	PC	1853.31712329089
1517	1504	PC	207.218132516218
1520	1271	PC	20.3919093113609
1520	1273	PC	111.228596243787
1520	1504	PC	228.082958528135
1520	2030	PC	952.758709203546
1535	105	PC	1450.08993051685
1535	1271	PC	165.372860614336
1535	1804	PC	322.202018004027
1535	1901	PC	1600.70641798602
1535	1971	PC	579.664191681556
1548	56	PC	2233.06786686075
1548	105	PC	3085.16696384598
1548	1037	PC	46.5838538726919
1548	1271	PC	44.7694484536047
1548	1502	PC	75346.3886152923
1548	1503	PC	37693.1627097087
1548	1504	PC	15056.4256488096
1548	1511	PC	13052.1598921296
1548	1563	PC	297.299991770922
1548	1671	PC	4422.43818853196
1548	1719	PC	756.451286381519
1548	1804	PC	95.549563959815
1548	1820	PC	1053.07441169325
1548	1824	PC	1674.06640859638
1548	1868	PC	163.239386663171
1548	1901	PC	1215.62197402452
1548	1941	PC	1725.92578349602
1548	1971	PC	285.48628586854
1548	4001	PC	35.3261399636064
1548	5403	PC	20989.1969923121
1548	5605	PC	1.82328464328291
1548	5710	PC	24.6143426843193
1548	5800	PC	26.3327884606135
1554	1503	PC	4.981565203577
1554	2301	PC	21.7755964069374
1612	1124	PC	2.9942262461592
1612	1438	PC	143.397851275276
1612	2301	PC	274.372514727411
1638	1804	PC	3.78421536750907
1671	62	PC	1310.57957651256
1671	1102	PC	452.63981330714
1671	1106	PC	69.9004659081218
1671	1124	PC	89.1275324237381
1671	1130	PC	95.5416364843024
1671	1271	PC	1172.58484312492
1671	1273	PC	319.244444085194
1671	1401	PC	20.9632179386987
1671	1416	PC	2.91083899487378
1671	1439	PC	2.67156233381929
1671	1502	PC	1928.37106356773
1671	1503	PC	42.2366308476175
1671	1504	PC	5926.45204390568
1671	1520	PC	204.450379789553
1671	1548	PC	30.7133534791921
1671	1702	PC	25.4472504671942
1671	1703	PC	3671.30576787359
1671	1725	PC	6965.86792033236
1671	1750	PC	473.311621708797
1671	1804	PC	2041.60214292259
1671	1805	PC	6.57046528438039
1671	1812	PC	7642.62791632349
1671	1813	PC	44.9520576995384
1671	1820	PC	393.560221937052
1671	1824	PC	318.188095940058
1671	1837	PC	7.58425714880385
1671	1860	PC	791.836423510798
1671	1865	PC	106.294197552
1671	1866	PC	23.9961559424133
1671	1868	PC	32.6287821930986
1671	1870	PC	63.7884225278216
1671	1871	PC	102.506910918926
1671	1901	PC	2306.11932533707
1671	1931	PC	20.450117947946
1671	1941	PC	28.1421951986137
1671	1971	PC	2253.88811835968
1671	2002	PC	51.3885037125859
1671	2012	PC	199.224069277974
1671	2014	PC	129.586470484803
1671	2019	PC	2.88669489881004
1671	2024	PC	8.08062148071866
1671	2028	PC	25.3526630575623
1671	2030	PC	49.7526283902258
1671	3001	PC	5044.45801124043
1671	5605	PC	16501.822122558
1671	5840	PC	14894.8761680987
1671	5841	PC	4680.12940753967
1675	105	PC	51.2154534624209
1675	1271	PC	789.810754666769
1675	1503	PC	749.525183881477
1675	1520	PC	466.552563801747
1675	1750	PC	473.311621708797
1675	1804	PC	844.650287595326
1675	1813	PC	177.656270589133
1675	1820	PC	724.19829677708
1675	1824	PC	24.5765661613521
1675	1837	PC	50.7561824573797
1675	1860	PC	978.707454003265
1675	1865	PC	142.57425300388
1675	1866	PC	7.42738160122318
1675	1868	PC	47.130463167809
1675	1870	PC	27.907434855922
1675	1871	PC	.782495503197911
1675	1901	PC	1132.46611379342
1675	1931	PC	8.83073275024942
1675	1971	PC	1530.27509528556
1675	2012	PC	21.6547901389103
1675	2014	PC	358.854841342532
1675	2025	PC	6.26281060244808
1677	1563	PC	5656.52613410414
1677	1813	PC	25096.8408198259
1702	1504	PC	39.8077103123394
1702	1813	PC	4518.73809452507
1703	1671	PC	107.607823690379
1714	1820	PC	41.0608868410543
1714	1860	PC	114.80873761695
1719	805	PC	1128.18438975185
1719	1002	PC	208802.064194446
1719	1071	PC	8195.63694886907
1719	1149	PC	123.199974641085
1719	1502	PC	32.5009427672408
1719	1504	PC	1079.30958194388
1719	1675	PC	668.586196369401
1719	1824	PC	74347.2491663429
1719	5106	PC	19.3623729313844
1750	1671	PC	1.38332657703598
1805	51	PC	543620.643856309
1805	602	PC	659.256078709556
1805	805	PC	41953.1279158082
1805	1548	PC	429.828905624639
1805	1671	PC	1261.41169387437
1805	1675	PC	1062.24142642052
1805	1703	PC	5.74325271008666
1805	1804	PC	2.08855269881114
1805	1805	PC	8.41636052007336
1805	1824	PC	738.934261997539
1813	56	PC	5459.04502327435
1813	1548	PC	1652089.64323573
1813	1671	PC	2.40473678488326
1813	1805	PC	48.0239158370614
1813	4001	PC	52198.5802545627
1813	5101	PC	22020.6072226394
1813	5403	PC	101125.70453312
1813	5605	PC	149102.29112026
1824	104	PC	1577.73558076466
1833	55	PC	27.6080060917573
1833	104	PC	4790.11960473334
1833	1002	PC	34.3709569536232
1833	1251	PC	33.9162068618918
1833	1271	PC	59.4941968645414
1833	1273	PC	46.6621151878756
1833	1416	PC	2031.30758148399
1833	1421	PC	155.505415868059
1833	1438	PC	4.28434953693078
1833	1439	PC	3.79099015902759
1833	1502	PC	1115.67519910518
1833	1503	PC	128.116851120772
1833	1504	PC	5095.28479426198
1833	1511	PC	22.1716114725416
1833	1517	PC	110.042736050766
1833	1520	PC	25.0291287629072
1833	1671	PC	17121.4963031056
1833	1675	PC	9997.40355185291
1833	1702	PC	176.797178677046
1833	1719	PC	71.1509006515695
1833	1750	PC	41.3075844515865
1833	1804	PC	464.136505050657
1833	1813	PC	259.195715641488
1833	1820	PC	55.3072756672343
1833	1837	PC	135.104169417657
1833	1845	PC	102.060861539894
1833	1860	PC	19.4708949713576
1833	1865	PC	172.543975947643
1833	1866	PC	167.861544735753
1833	1868	PC	178.353331674757
1833	1870	PC	28.7969129739131
1833	1871	PC	38.8514707447121
1833	1901	PC	27.9124153279181
1833	1931	PC	74.7384856902317
1833	1971	PC	103.81868526358
1833	2003	PC	10.6433458066267
1833	2019	PC	23.2062329687777
1833	2030	PC	36.4934367663282
1833	5101	PC	44.0767818995361
1833	5104	PC	67.627611443896
1833	5106	PC	24.0418810361106
1833	5605	PC	3.9884293385523
1833	5850	PC	96.0278472756777
1833	6030	PC	339.454075217372
1837	50	PC	13.5798473254475
1837	52	PC	160.063012073081
1837	58	PC	236.183409384064
1837	3001	PC	2.55594138872322
1837	4001	PC	304.157025258063
1837	4004	PC	66.3034636967115
1837	4005	PC	195.865349806038
1837	5302	PC	50.7131227921273
1837	5404	PC	1522.15550756399
1837	5605	PC	64.2366222033613
1837	5800	PC	191.818442607227
1837	5830	PC	3493.57068123544
1837	5831	PC	191.380055834646
1837	5840	PC	108.187995289872
1837	5850	PC	114.841557000199
1837	5930	PC	24.9057780823559
1837	6010	PC	14.9463270565655
1837	6030	PC	19642.0233608378
1850	627	PC	46.0940717317961
1850	1273	PC	1339.6987195568
1850	1502	PC	4476.7020251146
1850	1504	PC	12142.1243271335
1850	1548	PC	10607.4610093067
1850	1671	PC	20105.5745985744
1850	1675	PC	53953.2337505728
1850	1824	PC	56085.3918057637
1850	6020	PC	926.130263021574
1850	6030	PC	.751894291537787
1851	1246	PC	57.4172117924827
1851	1263	PC	798.110413902496
1851	1504	PC	1.83568286750827
1851	1671	PC	31.2033419011028
1851	1813	PC	6.31950052472543
1851	1871	PC	89492.9242932214
1854	58	PC	179.297869520549
1854	6020	PC	428.429795748027
1860	1671	PC	35.6067616536476
1860	1675	PC	30.0432051452652
1860	1805	PC	21.4196214519659
1865	1671	PC	2.22542260335297
1865	4005	PC	81.7844064358099
1870	1548	PC	558711.058173197
1870	1671	PC	6.76772769170165
1901	627	PC	778.435230045958
1901	1671	PC	176.040704535116
1929	3001	PC	1.78389284424032
1929	5403	PC	17017.9847529181
1931	1928	PC	60909.1660451363
1971	1263	PC	27.923540671917
1971	1271	PC	222.737055584229
1971	1535	PC	5.81936359765793
1971	1671	PC	181.932639493872
1971	1675	PC	41.5242774860287
1971	1871	PC	123.944302018097
1971	5831	PC	1.2594443134962
1971	5930	PC	2.01511090159392
2002	2030	PC	126.75892699653
2002	2301	PC	895.443632248131
2004	1901	PC	3.66110603712336
2012	50	PC	2356.53139173051
2012	52	PC	32.1173653852671
2012	1106	PC	86.0125170011962
2012	1146	PC	1070.44288514093
2012	1149	PC	1921.86174059104
2012	1219	PC	716.635406033899
2012	1263	PC	121.386770078007
2012	1271	PC	1558.16312228057
2012	1504	PC	17.9487546906681
2012	3001	PC	98.5289398096916
2012	4001	PC	63.7886562512943
2012	4004	PC	1148.64188704254
2012	5102	PC	25335.9175065237
2012	5103	PC	26925.7917738997
2012	5201	PC	26995.3994722545
2012	5402	PC	11876.7340747602
2012	5404	PC	64465.186249409
2012	5605	PC	37062.7448935345
2012	5700	PC	42654.2856466468
2012	5710	PC	7939.57888599644
2012	5820	PC	13035.0747370373
2012	5842	PC	103007.918298064
2012	5880	PC	8889.14998215153
2012	6000	PC	55.2017217559278
2012	6010	PC	78.0630408669686
2012	6020	PC	1069.46365987747
2012	6040	PC	959.060216365614
2014	1671	PC	40.7833609209107
2018	1439	PC	4.88192160311518
2018	1671	PC	4.40825615879829
2025	51	PC	36241.9643156498
2025	2030	PC	223.940771027202
2025	5850	PC	129891.04577671
2030	1263	PC	414.904209362534
2030	1271	PC	938.358454151524
3001	101	PC	14.5173819895949
3001	105	PC	66.2354753589418
3001	106	PC	7.7141284630795
3001	219	PC	4.17465650330747
3001	302	PC	83.2389246687979
3001	304	PC	1.40090443120239
3001	309	PC	24.6554238429782
3001	602	PC	1.78972763076597
3001	626	PC	8.79829347897529
3001	706	PC	209.613892080877
3001	709	PC	3.2510376071802
3001	805	PC	60636.6895318023
3001	928	PC	14942.7656206836
3001	1416	PC	3885.47492067995
3001	1837	PC	16206.8874086883
3001	2025	PC	52.5286598639209
3001	2030	PC	1.84333155883808
4001	104	PC	24.3977886433733
4001	105	PC	8.26192758853117
4001	106	PC	154.031788248229
4001	125	PC	266.744701911447
4001	211	PC	112.015925378287
4001	213	PC	2.26763372904663
4001	215	PC	162.49444303686
4001	216	PC	3.54485235964471
4001	219	PC	10647.2795835165
4001	220	PC	1.43463428537695
4001	226	PC	24.0732922051345
4001	227	PC	21.2939555272711
4001	231	PC	70.583547424721
4001	233	PC	95.1222027737014
4001	234	PC	21.3464705306133
4001	236	PC	12.087652000924
4001	302	PC	5.8889871459804
4001	305	PC	410.14256795734
4001	306	PC	1.48243855153692
4001	309	PC	603.249955142379
4001	310	PC	30701.18257188
4001	402	PC	2.27732751695315
4001	403	PC	1.06086428261026
4001	538	PC	1.43176209655737
4001	602	PC	34.4843489259323
4001	612	PC	25.0324617376849
4001	626	PC	42.5460334661877
4001	702	PC	58.5560531246167
4001	704	PC	1.4129580936449
4001	706	PC	24.3857745737654
4001	720	PC	33.1460774263329
4001	722	PC	15.1111682524053
4001	728	PC	4.135153797433
4001	805	PC	2.71736476881869
4001	826	PC	4025.682084807
4001	1004	PC	14.0612064277788
4001	1074	PC	115.011015898474
4001	1101	PC	73.414383339606
4001	1102	PC	1.35489178856918
4001	1121	PC	32.0784493859873
4001	1124	PC	824.491190799507
4001	1130	PC	2113.61141215018
4001	1135	PC	14292.63343239
4001	1172	PC	2.44442884290037
4001	1174	PC	38.4830031135594
4001	1246	PC	1.38668729839261
4001	1271	PC	1.0976238534621
4001	1277	PC	3.71958247297342
4001	1432	PC	1.26875300407814
4001	1438	PC	10927.6207767157
4001	1548	PC	172.547111227301
4001	1557	PC	36.6713137468794
4001	1719	PC	1.93812334974362
4001	1837	PC	34520.4732371574
4001	1865	PC	321.601738641635
4001	1928	PC	5.67036909445557
4002	217	PC	3.13950759452777
4002	605	PC	91.6956370809481
4002	722	PC	121.521551979876
4002	1271	PC	1542.32859971255
4003	233	PC	61.113319505676
4003	304	PC	10.9317489521252
4003	605	PC	9.8485777256291
4004	211	PC	9.47165375852236
4004	213	PC	10.8651898122064
4004	233	PC	25.273752800014
4004	303	PC	7125.07652975384
4004	305	PC	2.4707309192282
4004	309	PC	17.9535662245717
4004	605	PC	6.51546846552191
4004	807	PC	4.1948398273013
4004	1124	PC	2.12361912022539
4004	1130	PC	884.070813417118
4004	1548	PC	1.23104119714564
4004	1837	PC	5950.3009461613
4005	104	PC	3.13850251737138
4005	301	PC	.947525307524013
4005	806	PC	2.48358266065176
4005	1034	PC	2930.50175945445
4005	1671	PC	.939004360940977
5101	105	PC	4.9926889367203
5101	106	PC	223.999690976004
5101	124	PC	113.351875783725
5101	135	PC	65.1227758547114
5101	211	PC	14.4798743129782
5101	213	PC	133.798384022197
5101	217	PC	1.63314376823459
5101	219	PC	217.612839901693
5101	220	PC	2.85152333220974
5101	231	PC	7.9648013201736
5101	233	PC	5.91033703308227
5101	235	PC	208.636493266137
5101	302	PC	441.203361708418
5101	304	PC	62.8393348341903
5101	305	PC	88.946313092215
5101	306	PC	81.6502446877342
5101	308	PC	2.4707309192282
5101	312	PC	159.467150354286
5101	412	PC	72.0467395805927
5101	501	PC	.808150802075555
5101	602	PC	3.50094912953628
5101	625	PC	7.92195644550313
5101	626	PC	5.02759627370016
5101	704	PC	17.1835175595219
5101	709	PC	.84597162098945
5101	722	PC	64.6374734554045
5101	805	PC	99457.9237831037
5101	1018	PC	14907.7053406662
5101	1032	PC	21.3969179909666
5101	1102	PC	13.9977777420276
5101	1106	PC	.585437573199719
5101	1124	PC	563.789415395838
5101	1127	PC	12.5063920066259
5101	1172	PC	12.5534449764584
5101	1271	PC	10875.1954469585
5101	1445	PC	.878452493487284
5101	1523	PC	1.28874945247049
5101	1543	PC	3704.12291353707
5101	1548	PC	322.292056706939
5101	1638	PC	17.6842208489319
5101	1833	PC	95.846455518798
5101	1837	PC	71877.769200564
5101	1973	PC	4.90957445879283
5102	106	PC	60.9006017134346
5102	219	PC	1686.86279600713
5102	226	PC	86.1819366194286
5102	304	PC	11.2022939877806
5102	306	PC	7881.7489920566
5102	310	PC	.716511966576177
5102	312	PC	11.3777158830458
5102	415	PC	.867451199731613
5102	427	PC	1.80677338030909
5102	704	PC	23.0582463151479
5102	709	PC	3.3838864839578
5102	1120	PC	10.3421166529122
5102	1130	PC	214.860224907833
5102	1228	PC	8.67770571805516
5102	1271	PC	4659.72172366654
5102	1837	PC	6601.75125854089
5103	312	PC	71.3794162565026
5103	720	PC	1.66508982151297
5104	1837	PC	676.442270646296
5106	105	PC	28.5296510669731
5106	106	PC	4.5036090316116
5106	301	PC	4.62520828079519
5106	307	PC	6.79451002787754
5106	709	PC	.84597162098945
5106	819	PC	4.14539287996088
5106	1102	PC	5.92557352009972
5106	1271	PC	115.664362787776
5106	1275	PC	96.3441265287104
5106	1837	PC	178.740474986747
5201	106	PC	1.92004213354671
5201	219	PC	1.39105940850295
5201	233	PC	477.566640092688
5201	235	PC	807.733932206899
5201	302	PC	89.6640604242508
5201	308	PC	9.4727823443209
5201	312	PC	5.90875299333423
5201	418	PC	2.69120554264972
5201	502	PC	293.04051646161
5201	605	PC	220.6955249841
5201	1102	PC	41.5610978088705
5201	1135	PC	4415.78310826968
5201	1271	PC	5323.60421667447
5201	1438	PC	2477.94630549878
5201	1833	PC	67567.8438180801
5201	2101	PC	6.19192239183066
5204	125	PC	2.83852431114844
5204	236	PC	19.7615409369615
5204	1102	PC	75.6619785610488
5402	125	PC	1.48225812592608
5402	305	PC	1.00682284958549
5403	104	PC	87.1806254825382
5403	105	PC	2.43150435229885
5403	106	PC	381.888543455773
5403	125	PC	9.8817208395072
5403	219	PC	4088.74786731837
5403	228	PC	74.7643675513674
5403	231	PC	20.172940629176
5403	301	PC	52.0311224280266
5403	302	PC	162.716161513071
5403	303	PC	3.00193806686226
5403	304	PC	37.3302734586188
5403	305	PC	.804222914208778
5403	306	PC	1272.33500635851
5403	310	PC	440.160713260503
5403	418	PC	33.8979764809587
5403	624	PC	1.46801698336619
5403	625	PC	.701058092522401
5403	626	PC	5.77670811848149
5403	701	PC	89.1315872588372
5403	704	PC	33.4716065538055
5403	706	PC	329.643787610556
5403	716	PC	6.89536897676772
5403	904	PC	72.7428377639441
5403	928	PC	284.505320325475
5403	1034	PC	1.29977635231411
5403	1102	PC	11.4293018974394
5403	1124	PC	46237.8481528254
5403	1149	PC	349.847203408793
5403	1172	PC	110.27103900493
5403	1231	PC	.963770236696107
5403	1271	PC	1190.46689406946
5403	1275	PC	143.147373160821
5403	1277	PC	1.08348584129806
5403	1503	PC	.951680409024704
5403	1548	PC	1.31311061028869
5403	1557	PC	189.677623604535
5403	1833	PC	5.19091492526675
5403	1837	PC	304.629200063484
5403	2101	PC	29.7212274807871
5404	104	PC	5.81204169883588
5404	105	PC	88715.4139171632
5404	228	PC	36.7443026811391
5404	301	PC	25.0161505571855
5404	302	PC	12.5241350295677
5404	305	PC	1.23042399777564
5404	306	PC	2.80675032424323
5404	418	PC	20.5204422627041
5404	805	PC	18007.9276714525
5404	814	PC	559536.38434882
5404	928	PC	28.6623648225643
5404	1124	PC	24.1856622025669
5404	1127	PC	2.57174419219121
5404	1149	PC	50.8098812817612
5404	1271	PC	5579.189915302
5404	1275	PC	64.0066368880707
5404	1837	PC	3486.96595486629
5501	106	PC	32.6537777814066
5501	231	PC	54.7247706307466
5501	301	PC	180.906917905889
5501	302	PC	1010.72783980333
5501	304	PC	5.63820795767874
5501	305	PC	9.33936287468258
5501	306	PC	54.3560802230203
5501	308	PC	25.9105551499461
5501	310	PC	182.521540561604
5501	1135	PC	25.5124686082023
5501	1174	PC	7.60875008358632
5501	1275	PC	63.0452520609165
5501	1416	PC	1318.67792262557
5501	1837	PC	409.729069107268
5605	101	PC	154754.34272456
5605	104	PC	1.06825326424603
5605	105	PC	586.284329426298
5605	106	PC	2089.84177801002
5605	124	PC	6.60017058540689
5605	211	PC	1544.55269588161
5605	213	PC	.747439789656381
5605	219	PC	574.328664098084
5605	226	PC	12.2569865414299
5605	231	PC	1.11830283746587
5605	301	PC	31.3523399995462
5605	302	PC	49.7135768257905
5605	303	PC	3597.84748044361
5605	304	PC	1.35890200557551
5605	305	PC	2.97476002675075
5605	306	PC	1.80610430195581
5605	311	PC	18.0437479031235
5605	312	PC	65.3421852553685
5605	403	PC	16.4787585232127
5605	501	PC	4.87222593297786
5605	602	PC	16.721806115076
5605	704	PC	9.9970307913008
5605	706	PC	55.9277362923959
5605	709	PC	5.51448167756086
5605	722	PC	60.4604452996992
5605	805	PC	3.88618760606167
5605	806	PC	54.6388185343387
5605	1018	PC	52.7652879215907
5605	1034	PC	2857.792270306
5605	1102	PC	141.44904028271
5605	1124	PC	409.075897231417
5605	1135	PC	2599.86937390936
5605	1172	PC	51.2436661695936
5605	1228	PC	2395.86507060839
5605	1271	PC	187.372360483745
5605	1273	PC	9.06118052331121
5605	1432	PC	161.082552183609
5605	1438	PC	1374.36133430601
5605	1671	PC	7.01719449414304
5605	1837	PC	1998.27003879619
5605	1971	PC	1.40656486649898
5700	101	PC	28413.4969592463
5700	211	PC	131.146290206117
5700	219	PC	24.3915836772568
5700	235	PC	120.266180021217
5700	302	PC	487.722283455646
5700	303	PC	99574.1621412751
5700	306	PC	2.9265807738258
5700	605	PC	82.9572440801305
5700	1034	PC	58911.0633922849
5700	1072	PC	4136.18576467228
5700	1149	PC	223.351769801076
5700	1224	PC	79.7021285202536
5700	1228	PC	2240.97944157495
5700	1271	PC	30399.2967003343
5700	1416	PC	2366.72199277719
5700	1612	PC	19076.1489088498
5700	1824	PC	30.6237318054044
5700	1833	PC	43673.8023058718
5700	1837	PC	92827.609098899
5700	1845	PC	53188.8278547469
5720	1102	PC	7377.09486107452
5720	1416	PC	4843.2402742192
5730	231	PC	27.3362915824991
5760	217	PC	1.28961102232882
5760	1003	PC	6.38554829514541
5760	1824	PC	15.789226861481
5790	106	PC	1306.78851299856
5790	128	PC	587.83169871565
5790	220	PC	3.22144330493777
5790	306	PC	1450.75760432511
5790	1034	PC	5285.7571660774
5800	304	PC	1.40090443120239
5800	412	PC	1.93458837762703
5800	1271	PC	1.28655910692688
5810	311	PC	3.25889408246199
5820	233	PC	6.06651551626344
5820	626	PC	124.596404652974
5830	805	PC	379519.089166025
5830	1837	PC	70404.0175785511
5831	1837	PC	21151.7391260598
5840	214	PC	24.6347986290585
5840	220	PC	163.146993138204
5840	305	PC	37.6119367834108
5840	602	PC	1.08211154912939
5840	626	PC	2.51379813685008
5840	1002	PC	50.3595394371703
5840	1102	PC	50.1850256042112
5840	1211	PC	7.20017882528916
5841	420	PC	1.25408175806827
5841	1714	PC	3.4620245192309
5860	301	PC	355.78525236886
5860	605	PC	1.47683951885163
5870	301	PC	119.747680096773
5870	308	PC	14.4093027209388
5870	412	PC	64.0415462938602
5870	626	PC	63.3477130486221
5870	706	PC	98.2175984428467
5870	805	PC	325.324334069577
5870	1837	PC	3140.16245823432
5880	219	PC	23436.837961017
5880	304	PC	1.40090443120239
5880	305	PC	1.89505061504803
5880	306	PC	3.6542110295385
5880	309	PC	29.5239991193173
5880	1122	PC	1.35378795203765
5880	1548	PC	530.934390093391
5910	1275	PC	68.1195131539708
5930	1124	PC	111.096741011791
6000	219	PC	122943.929677965
6000	303	PC	22663.0017224034
6000	805	PC	234598.943200527
6000	1072	PC	42380.1668604808
6000	1102	PC	110302.114557297
6000	1124	PC	19.3917886700581
6000	1228	PC	37058.1841350786
6000	1271	PC	26438.0827467392
6000	1612	PC	29214.6377424981
6000	1671	PC	26.2757267921087
6000	1833	PC	7961.66472197777
6000	1837	PC	175491.649593759
6010	1102	PC	407.300836581822
6010	1172	PC	765.044186486625
6010	1671	PC	.831689576833437
6020	104	PC	16.2737167567405
6020	106	PC	30.0937216033443
6020	219	PC	1.4901040210106
6020	301	PC	1.68627385237324
6020	304	PC	77.2103412258811
6020	309	PC	452.316709383106
6020	528	PC	31.5744487885056
6020	533	PC	.60784592574527
6020	540	PC	4.08833313456525
6020	605	PC	245.288224584354
6020	612	PC	26.9702486602964
6020	628	PC	1.52505272913687
6020	805	PC	3.52426784427577
6020	904	PC	30.4033532449921
6020	1029	PC	36.8260742729706
6020	1102	PC	2.38976312401006
6020	1172	PC	1252.59482540428
6020	1173	PC	1.02616378328863
6020	1228	PC	8822.53205927595
6020	1272	PC	31.2321541441791
6020	1548	PC	2398.88566339461
6020	1634	PC	4.86005700567843
6030	101	PC	14.7226711436307
6030	215	PC	2.27742154089405
6030	219	PC	274.870973875705
6030	231	PC	27.6183524092822
6030	302	PC	295.876204404875
6030	304	PC	388.08758840685
6030	310	PC	118.6395572795
6030	602	PC	583.857529907467
6030	628	PC	2.08324196333076
6030	704	PC	2.08805230520506
6030	1034	PC	5756.05697667035
6030	1072	PC	425.512775608808
6030	1119	PC	45.0436793257672
6030	1124	PC	1921.27754434791
6030	1135	PC	16614.9739207012
6030	1172	PC	84.8837221898332
6030	1677	PC	140.060698091466
6030	1850	PC	103.712335337491
6030	1870	PC	1.73425472840364
6040	211	PC	140.058137414114
6040	220	PC	5.86957890306458
6040	1124	PC	26.0733236427673
6040	1503	PC	3.27013788762143
6050	1135	PC	5307.25998374847
6050	1837	PC	46.9751576837705
