50	101	PC	46.135530735609
50	231	PC	3.37000972735831
50	301	PC	142.198370217512
50	423	PC	254.920793193045
50	605	PC	300.120804482948
50	627	PC	82.6626725840838
50	704	PC	1.94558066529215
50	805	PC	11239.6027256324
50	1833	PC	28.4805745750677
50	2012	PC	24.3282448919768
51	1933	PC	2.67346907017876
52	105	PC	5.01512484713288
52	106	PC	3.61166479365532
52	123	PC	6039.520540451
52	211	PC	10.4575302517767
52	226	PC	6786.59393144269
52	229	PC	126.181326952222
52	230	PC	30704.6887101037
52	301	PC	3611.45793733872
52	528	PC	12.6039385120422
52	602	PC	152.405697180874
52	605	PC	1289.4345938813
52	626	PC	5.63687800121317
52	706	PC	37.7433010811934
52	720	PC	17.1253836460285
52	805	PC	99.293678011363
52	819	PC	28.7096351922049
52	1102	PC	37.7510834818375
52	1416	PC	10.1689552822478
52	1548	PC	31.2097511665723
54	238	PC	16.9389125358433
54	301	PC	152.594762130925
54	1102	PC	1.0197931655261
55	219	PC	1413.62623474098
56	135	PC	42.9007991600724
56	301	PC	1.07892305647455
56	605	PC	197.286186061149
56	628	PC	170.006738259501
56	709	PC	1.82705206462203
56	806	PC	7.53517767631709
56	928	PC	6392.99210865219
56	2012	PC	204.248590932087
57	301	PC	6.53993360386112
57	418	PC	1.85014757855566
57	702	PC	1036.58075298597
57	805	PC	7997.50247217379
58	104	PC	1296.92120827369
58	106	PC	313.404689539162
58	119	PC	2.02105816821606
58	124	PC	79.3508757299989
58	125	PC	56.6474770242582
58	211	PC	68.1137637961823
58	213	PC	715.524780342021
58	215	PC	3.04405135243684
58	219	PC	393.708055847342
58	220	PC	6.5159872789804
58	229	PC	2.16584300224716
58	230	PC	63.8442796719479
58	231	PC	3.00859936355964
58	233	PC	192.394224354623
58	238	PC	21.3282418556471
58	301	PC	2163.33109956441
58	402	PC	2246.89318469465
58	403	PC	11.6533050465188
58	412	PC	138.827246785446
58	501	PC	9.52272188437704
58	502	PC	69.1514512251719
58	528	PC	26.043535413102
58	602	PC	268.004193573681
58	604	PC	2.47175337137989
58	612	PC	.847629951766576
58	620	PC	15.2760384628397
58	626	PC	19.0893866457073
58	702	PC	1.92156308986995
58	704	PC	36.0692565871126
58	706	PC	1114.07845383886
58	709	PC	28.4451219641753
58	805	PC	20515.2588591953
58	806	PC	1.96811664545711
58	815	PC	.787083756204738
58	904	PC	2.19477876787262
58	906	PC	290.606578051024
58	926	PC	2.31620572515222
58	1002	PC	3.62088618045945
58	1004	PC	.791076722607882
58	1034	PC	139.116091044446
58	1102	PC	9.57963186198926
58	1106	PC	237.632647387264
58	1146	PC	5.44079417995539
58	1173	PC	480.495679660509
58	1221	PC	211.341603402386
58	1223	PC	2.03712991469204
58	1228	PC	23.0902617891342
58	1247	PC	150.763045631203
58	1273	PC	20.9320415949304
58	1275	PC	20.2141623031358
58	1416	PC	112.028605826032
58	1504	PC	105.719778024005
58	1548	PC	92.6929609647198
58	1551	PC	110.974805987519
58	1638	PC	2.72863225039113
58	1677	PC	227.08417232727
58	1738	PC	8.73423275916369
58	1922	PC	1.57747792577064
58	1931	PC	6.17139554405958
58	1940	PC	3.12520191728031
58	2020	PC	118.89331150817
59	219	PC	8.3325683710955
59	230	PC	53.3423938113538
59	301	PC	31.2832356990108
59	402	PC	2085.38255786769
59	1173	PC	3.64238295490735
60	124	PC	170.971747984914
60	128	PC	28.4398986740413
60	219	PC	3678.60432978158
60	220	PC	24.6715609197259
60	229	PC	1.64535432300995
60	301	PC	201.137078107695
60	412	PC	14.3850632323169
60	1677	PC	2.17888016343367
60	1871	PC	80.8733366981256
61	1275	PC	19.7783070188319
62	301	PC	75.8584345912047
62	517	PC	4.08675570287788
62	1719	PC	52.31138562011
62	1804	PC	19.9093335194238
62	1833	PC	64.1980164601936
101	306	PC	139443.982624933
104	58	PC	1.96644188372528
105	58	PC	6788.0839503728
105	60	PC	92.9351766079026
105	306	PC	14787.1624006531
105	1003	PC	2.94020875524749
105	1276	PC	2.85533977205684
105	4001	PC	380.27267889409
105	5605	PC	12.4620598531348
106	58	PC	3997.63320088283
106	213	PC	15551.938232252
106	231	PC	15014.31210121
106	306	PC	88722.9744042962
106	412	PC	9639.04631415569
106	501	PC	20575.9709318645
106	542	PC	18730.2877187121
106	620	PC	21496.1811134837
106	709	PC	23828.9652345821
106	1071	PC	9741.5963133583
106	1271	PC	13286.4631990229
106	1272	PC	8347.43258704041
106	1504	PC	6184.59277472991
106	4001	PC	21.8923414503554
124	60	PC	36.8958241822745
125	231	PC	5.69846225318742
128	237	PC	9997.60536204398
128	438	PC	5992.36747803398
135	104	PC	16066.5463080136
211	58	PC	3.51866399773287
211	101	PC	32.0755250242108
211	106	PC	15.178680300856
211	122	PC	96.1456828905476
211	214	PC	97.2399628243099
211	215	PC	23.6402918422392
211	219	PC	85.1055290018815
211	221	PC	7.20473901141487
211	227	PC	50.8838542396764
211	229	PC	6.38235122094936
211	231	PC	135.629887564076
211	233	PC	100.780372965927
211	235	PC	40.2043572747896
211	236	PC	24.6912467577629
211	238	PC	104.388365775669
211	239	PC	75.350124169007
211	301	PC	29.1532503114978
211	305	PC	19.899665683213
211	307	PC	18.5208884331868
211	309	PC	37.0417768663737
211	310	PC	13.9074723162462
211	412	PC	60.8827055056435
211	419	PC	13.8284429731504
211	427	PC	28.8560748230803
211	517	PC	18.5895986673253
211	528	PC	2.88962652698701
211	534	PC	33.4817302490608
211	536	PC	44.5329963945049
211	542	PC	8.61117918456065
211	605	PC	14.6679823227066
211	612	PC	7.58684203600662
211	617	PC	10.7674779590502
211	620	PC	125.561799245815
211	623	PC	23.9979215472459
211	624	PC	36.9203784679517
211	625	PC	28.0708436165268
211	704	PC	8.05240437111161
211	711	PC	94.6009508664042
211	723	PC	128.859628868825
211	807	PC	21.1097594326462
211	817	PC	10.576517926103
211	1519	PC	28.4415767785059
211	1634	PC	4.89967541695142
211	5700	PC	8.49407218125932
211	5850	PC	65.0304437123996
213	136	PC	18060.9924699949
213	306	PC	7616.07999682112
213	926	PC	1.39027239858844
217	58	PC	4.57339866044395
219	54	PC	293.482718597691
219	58	PC	59.8774602976304
219	62	PC	216.016254337632
219	5820	PC	99.4007422510315
219	6020	PC	28.0675595145143
220	219	PC	728.480331523183
220	4001	PC	19.7512455842878
220	4002	PC	12.9485007893626
226	58	PC	8.01689125201395
226	226	PC	63516.4968352745
226	306	PC	8706.2955548034
226	412	PC	11403.2815288735
226	805	PC	3455.01756733659
226	1173	PC	7593.10052817865
226	1671	PC	10153.5966832895
226	1677	PC	13363.4271251905
226	1719	PC	31995.3146866365
229	219	PC	2611.76630614556
229	302	PC	43587.4164422173
229	303	PC	1431.18766035371
229	306	PC	87174.8328844346
230	52	PC	141.421316772173
230	230	PC	1267.19057980025
230	4001	PC	160.949245435876
231	58	PC	139.847516259319
231	516	PC	23971.0610859599
231	5104	PC	44.1458769384029
235	105	PC	3.74283187764544
235	216	PC	1.55552306954406
235	228	PC	42.9726147023784
235	235	PC	8.43746572569579
235	236	PC	120.180346470967
235	237	PC	15.097588714727
235	238	PC	48.214873077014
235	239	PC	2.64559570797575
235	534	PC	.839297319259532
235	605	PC	8528.97957047423
235	1017	PC	1.28556040675123
301	54	PC	67.7031999142482
301	58	PC	125.583993461516
301	61	PC	2.74295922482163
301	101	PC	44263.3694046671
301	106	PC	22905.1025893834
301	125	PC	9655.75394323895
301	135	PC	34929.1249212708
301	211	PC	10708.1674427573
301	213	PC	10704.1384902253
301	217	PC	5.22844943870725
301	219	PC	38664.217328646
301	228	PC	1.39069135143078
301	230	PC	4.25822414060624
301	231	PC	11926.7760432403
301	233	PC	27683.3527955022
301	235	PC	65861.9865880887
301	301	PC	47242.1800137052
301	302	PC	35.3493624324544
301	303	PC	26.2229178514144
301	304	PC	6.42341959383994
301	305	PC	87.5017673187321
301	306	PC	70979.1623268378
301	307	PC	9.74429366911063
301	308	PC	4.27485241281987
301	309	PC	99793.1865645768
301	310	PC	2.52666940461146
301	311	PC	12113.1810948777
301	312	PC	16.2962231096165
301	402	PC	9923.45046106746
301	403	PC	39387.8958668726
301	412	PC	21773.0227646096
301	427	PC	25278.0016298382
301	501	PC	38080.4556603995
301	516	PC	23357.0810020313
301	517	PC	7822.08097850395
301	604	PC	4583.15441765373
301	605	PC	97434.5987960301
301	616	PC	11147.0406583318
301	618	PC	49672.1086839309
301	619	PC	36166.2219448102
301	624	PC	66208.9381378123
301	1671	PC	24569.257737048
301	1751	PC	18879.4725040356
301	3001	PC	278.60193307478
301	4001	PC	131.052496297033
301	4004	PC	70.9686275628454
301	5605	PC	386.210835806651
301	5700	PC	1.87217851852904
301	6010	PC	777.443899336843
301	6020	PC	124.473748060993
301	6030	PC	4.89814147289576
302	221	PC	30.115616614038
302	307	PC	15.5455459676669
302	702	PC	26.7155321966935
302	709	PC	4.16680007731858
302	1102	PC	41.967840520972
302	1124	PC	29.6351876130175
302	1246	PC	21.3984498984753
302	1273	PC	71.0016100471737
302	1535	PC	24.0388491669694
302	1633	PC	10.7763066349267
302	1671	PC	102.830002829163
302	1674	PC	21.0061289826111
302	1677	PC	35.8104484560703
302	1850	PC	2.24588776871171
304	545	PC	27749.7085013604
306	213	PC	27792.3109347854
306	1750	PC	6813.07810874876
403	106	PC	4.99004542818173
403	235	PC	29797.0635001861
403	403	PC	64.4408894504108
403	412	PC	18.7339015835259
403	415	PC	6.77511432890844
403	417	PC	12036.7867863476
403	501	PC	30453.5557416855
403	502	PC	9105.15706860838
403	542	PC	9160.34038303385
412	235	PC	11166.2646754185
412	430	PC	10176.1112838795
412	502	PC	6930.2446967441
418	135	PC	12733.5311071348
418	306	PC	5382.60096891132
418	311	PC	5382.60096891132
418	1271	PC	8897.34506046303
425	60	PC	.584874359560494
427	235	PC	1.40843935649295
427	412	PC	4.20844375223871
427	415	PC	6.39656604540334
427	419	PC	1.07833396559731
427	425	PC	11.2091001731196
427	426	PC	16.4770997230445
427	427	PC	19.3343513943735
427	428	PC	2.03607468421754
501	213	PC	16.9728110020397
501	217	PC	17.3663289408304
501	219	PC	22.1945576854585
501	226	PC	14.3561319096878
501	228	PC	17.6680899566089
501	235	PC	25.2812812455493
501	236	PC	6.58693035959817
501	237	PC	16.4654015314039
501	403	PC	43.4090205959956
501	412	PC	6696.35563715132
501	501	PC	32987.4172568446
501	502	PC	1389.0200499362
501	515	PC	8.53792566350697
501	516	PC	13.0080113414333
501	519	PC	9.320842208773
501	520	PC	340.366581597636
501	521	PC	18752.8406240863
501	522	PC	16344.1291275398
501	529	PC	11.2805828019343
501	533	PC	13.1536317168425
501	534	PC	12.4023877501165
501	538	PC	1415.85700640725
501	605	PC	49.9047801339095
501	807	PC	11.0574789226344
501	904	PC	16.1978198214221
501	906	PC	14.6374413924701
502	403	PC	15558.1209319543
511	58	PC	2.67190103259219
517	58	PC	2.88927933622884
517	4001	PC	1.41344636893786
521	60	PC	8.2197978250011
528	1173	PC	5858.03747059121
529	226	PC	85009.6018822293
544	805	PC	11709.5654133394
602	52	PC	656.589230663234
602	219	PC	11878.1852728521
602	220	PC	10.674593037574
602	301	PC	29982.9935663244
602	306	PC	9409.0727774129
602	602	PC	38.8438206811782
602	624	PC	3.16609782053687
602	625	PC	10.1966331329566
602	626	PC	19.7503599539489
602	627	PC	2.69391019150322
602	704	PC	26633.325399219
602	709	PC	65373.063413331
602	713	PC	2.98713219647891
602	806	PC	15952.9625478343
602	1573	PC	9722.97077743787
602	4001	PC	1.9511987835661
604	417	PC	28.2654259649725
604	626	PC	2966.64756440804
604	1235	PC	34.9780416289585
604	1430	PC	29.9594550004266
604	1677	PC	414.418194865001
604	1804	PC	174.098770153275
604	1853	PC	82.4768359524431
604	1874	PC	4.7166591007808
605	226	PC	19104.3229145857
605	235	PC	3084.3579929038
605	806	PC	19362.2120844178
605	1003	PC	5.14720103016487
618	906	PC	1.15282652679893
618	1102	PC	1.90912808790547
618	1173	PC	1.50975055682718
618	1256	PC	1.02937718396795
618	1275	PC	1.81911535188109
618	1445	PC	9.61175526703564
618	1502	PC	.992148175509261
618	1504	PC	1.6208162886804
618	1515	PC	1.65174873301242
618	1674	PC	1.32170998996003
618	1805	PC	2.6502839703732
620	1276	PC	2.1444855774208
622	220	PC	9.73198353811715
622	602	PC	35.2477770646416
622	624	PC	3.26487032072821
622	625	PC	9.73238635671357
622	626	PC	18.8682123263567
622	627	PC	2.64937020784376
622	713	PC	2.85380429551995
624	231	PC	3.16279037623088
624	624	PC	4709.76011548824
624	704	PC	23968.1770704334
625	602	PC	3672.012172149
625	626	PC	2909.20691669186
626	50	PC	317.503402059172
626	58	PC	28.6175821589694
627	52	PC	2.05959871598644
627	104	PC	4150.64096276516
627	106	PC	80570.3866681994
627	219	PC	47468.9226029686
627	602	PC	29022.7707858499
627	626	PC	11919.5713889309
627	627	PC	33592.5296355787
628	5101	PC	94.4813810975673
633	529	PC	1.26858329209253
633	906	PC	.871310173094151
633	1102	PC	1.00896026626285
633	1173	PC	.522096048492899
633	1275	PC	.88151407315176
633	1504	PC	1.77502079903922
633	1514	PC	3.35130598295559
633	1515	PC	.987817336225534
633	1671	PC	1.29067557206712
633	1805	PC	2.5806404702412
704	624	PC	31134.9989544463
704	806	PC	4694.49808082366
704	4001	PC	2.57977351695678
706	56	PC	4.79889412019385
706	58	PC	29.2037515634547
706	62	PC	4.32124672655278
709	1102	PC	2303.9229045569
709	4001	PC	24.915647717277
709	5101	PC	23.1025372026395
711	501	PC	18456.0654902878
711	502	PC	6514.69145388775
711	522	PC	6978.28320480078
711	805	PC	7454.48546295528
711	1432	PC	5469.79283164914
719	720	PC	2578.33489359304
719	4001	PC	1.93008538654963
722	4001	PC	2.35404333422306
728	58	PC	29.2437179780247
728	4001	PC	1.71368187351225
805	52	PC	8335.89236319755
805	104	PC	33861.006567169
805	105	PC	1296.29430703796
805	106	PC	17534.2720443816
805	217	PC	677.395544651264
805	219	PC	5312.30922654471
805	230	PC	51.0373590970447
805	231	PC	1847.26989941001
805	233	PC	11237.829243449
805	235	PC	14554.5071163067
805	301	PC	420046.494948758
805	302	PC	131503.7089033
805	303	PC	7.29267610194513
805	305	PC	71.103591993965
805	306	PC	1676.18388129363
805	309	PC	2158.69499407319
805	418	PC	5972.45603440888
805	513	PC	4494.73631844449
805	544	PC	6548.38891356474
805	545	PC	4114.64873224234
805	602	PC	171445.277645235
805	604	PC	1.94662522702951
805	625	PC	44.0530056795848
805	626	PC	33.881493631191
805	627	PC	97409.8536838706
805	702	PC	2186.73035400432
805	704	PC	65.6000148889631
805	706	PC	109.35884345365
805	709	PC	24.8621278042217
805	815	PC	2148.6398092507
805	906	PC	162.543940955034
805	926	PC	5.27690708547673
805	1003	PC	39.5742624282865
805	1004	PC	7.15963383318542
805	1017	PC	1240.91634462672
805	1037	PC	41487.2728768888
805	1072	PC	2052.70165500694
805	1073	PC	8350.13481371484
805	1102	PC	5949.906082355
805	1106	PC	7724.50639217955
805	1124	PC	84060.6743809203
805	1127	PC	5.92512250167598
805	1149	PC	4610.46645563327
805	1154	PC	7114.86979624691
805	1171	PC	117.073848776264
805	1172	PC	5783.12141182993
805	1173	PC	1011.26912564215
805	1211	PC	48.5838483110098
805	1263	PC	16883.8754443304
805	1271	PC	121486.26097491
805	1273	PC	36601.530446479
805	1401	PC	2482.52827195441
805	1424	PC	3750.1231703222
805	1432	PC	55.9439548916052
805	1502	PC	309.185930133652
805	1503	PC	3433.79292938331
805	1504	PC	15354.0352823594
805	1511	PC	7647.38101509407
805	1535	PC	54.6838591351565
805	1548	PC	3164.97426138573
805	1554	PC	35.1245214606598
805	1671	PC	37761.0758114011
805	1675	PC	715.669638380287
805	1676	PC	16.0193494637448
805	1677	PC	9043.06840273361
805	1719	PC	942.557488228645
805	1804	PC	57.2265689904667
805	1813	PC	3380.98493463334
805	1833	PC	5314.41500932701
805	1850	PC	1093.4166413602
805	1913	PC	39.8177910894011
805	1972	PC	61.444727221506
805	2004	PC	188.077600004924
805	2012	PC	50.2513784707009
805	3001	PC	3.1574944684222
805	4001	PC	91199.5845791997
805	5101	PC	6710.3631046071
805	5605	PC	262.868347514116
805	5730	PC	14.4206773714641
805	5760	PC	1611.78801697979
805	5800	PC	41.0236577421731
805	5820	PC	4967.17062680437
805	5830	PC	124001.97849638
805	5831	PC	73505.8373489406
805	5840	PC	45.8787511813845
805	5850	PC	92334.7909985378
805	5870	PC	46.595823325405
805	5890	PC	30529.0494023357
806	58	PC	59.6041458938672
806	101	PC	24.1195366554488
806	105	PC	1.59213590887134
806	106	PC	44.0617451445472
806	228	PC	710.346808730635
806	301	PC	523.101770755601
806	305	PC	1.11952008349472
806	311	PC	2.33811997334001
806	402	PC	1.38955564011141
806	423	PC	10.5237694835084
806	502	PC	18.492456912674
806	602	PC	102.194191931518
806	604	PC	1.31680071802795
806	605	PC	1.95416334027175
806	625	PC	51.7380767253365
806	709	PC	19.2681490482719
806	716	PC	8.60399852750938
806	811	PC	1.7156626210318
806	815	PC	1.18343543682478
806	906	PC	98.6281768039809
806	1071	PC	96.4393038441453
806	1074	PC	25.7027823011161
806	1101	PC	1.9692897286166
806	1121	PC	4.55983793470859
806	1173	PC	303.847477289095
806	1238	PC	24.4506840345182
806	1271	PC	250.721377521626
806	1272	PC	2.91819922076685
806	1416	PC	130.3246692457
806	1504	PC	5.33810819013939
806	1539	PC	5.73890885780953
806	1671	PC	16.6593224748214
806	1677	PC	4.36476302229661
806	1702	PC	1.39443187711256
806	1721	PC	5.08252956730156
806	1804	PC	17.2906787398096
806	1812	PC	.740638362752315
806	1833	PC	35.117424357384
806	1860	PC	3.17902239715741
806	1971	PC	81.0547465475185
821	1677	PC	331.256684756073
821	1804	PC	123.503150995941
821	1849	PC	184.119747879438
821	1853	PC	34.0178784936542
821	1874	PC	30.9156870595184
904	231	PC	6.92149774747843
904	1134	PC	3.37088181179151
906	1134	PC	7.58818346394507
926	904	PC	12.2763458081015
926	906	PC	2.21858154305574
926	919	PC	4.26831104593169
926	926	PC	11.4467459968684
926	928	PC	6.78545487344048
926	1002	PC	4.62524309932437
926	1014	PC	3.09429065516251
926	1017	PC	2.64538335477356
926	1018	PC	10.6955367533011
926	1032	PC	20606.0369640988
926	1034	PC	1.00720312210878
926	1071	PC	10.3200265516609
926	1074	PC	20.6941412542532
926	1122	PC	.920867558003981
926	1833	PC	15.4372056622495
926	5800	PC	21.7169788217657
926	6010	PC	81.2026164639933
1003	105	PC	505.376554215426
1003	220	PC	1.54550656130672
1003	235	PC	2.34192322864833
1003	302	PC	177.837023958655
1003	305	PC	2958.11960150155
1003	306	PC	5218.70836605652
1003	307	PC	291.551436602325
1003	412	PC	68.08079042796
1003	427	PC	1.37758195262635
1003	502	PC	340.074417087931
1003	602	PC	2438.13178101542
1003	605	PC	2.45164735825952
1003	704	PC	1.16560734186918
1003	706	PC	530.859882221975
1003	709	PC	219.824673680196
1003	716	PC	2393.74635264051
1003	806	PC	777.451198182729
1003	807	PC	892.880287085082
1003	1014	PC	1015.90070400562
1003	1018	PC	924.411937004952
1003	1074	PC	3017.22017184914
1003	1106	PC	826.269270084745
1003	1149	PC	2208.78005562394
1003	1222	PC	567.690979424969
1003	1238	PC	446.903475347961
1003	1243	PC	573.692086985664
1003	1271	PC	1165.08293152084
1003	1272	PC	889.956919263132
1003	1273	PC	1323.14238172177
1003	1274	PC	277.470048155647
1003	1275	PC	1.81697457177655
1003	1401	PC	342.143008908613
1003	1432	PC	2.41117869671812
1003	1503	PC	1.48532113627104
1003	1504	PC	500.343958598595
1003	1520	PC	2084.67922428109
1003	1532	PC	2113.79420088792
1003	1548	PC	1458.89542278073
1003	1677	PC	4432.11141462906
1003	1714	PC	125.763609298659
1003	1744	PC	214.952613754413
1003	1841	PC	1238.55958514208
1003	1870	PC	159.646301359883
1003	1913	PC	1701.95613367988
1003	1931	PC	1181.32410454824
1003	1971	PC	99.1529293219919
1003	2012	PC	1676.31386102507
1071	906	PC	47949.4529020672
1071	926	PC	217.435258746308
1071	1026	PC	16075.9886789168
1071	1032	PC	58920.1281329248
1071	1046	PC	42032.9977858024
1071	1072	PC	308643.855656973
1072	306	PC	1.39481115481364
1072	919	PC	2.01371228862088
1072	926	PC	2.46298328726476
1072	1002	PC	12.3088348693614
1072	1014	PC	3.41404181118975
1072	1017	PC	3.61441670227259
1072	1018	PC	24.6538508061406
1072	1034	PC	.732076722882544
1072	1046	PC	1.98082234408401
1072	1071	PC	12.9847989761494
1072	1072	PC	5.61679759722175
1072	1074	PC	12.2329203243743
1072	1638	PC	6.77347265796675
1072	1833	PC	19.1118833565232
1073	805	PC	38.827339176629
1101	104	PC	6.61036403986763
1101	106	PC	15.0855090865358
1101	119	PC	5.85364421835724
1101	125	PC	8.61434131344178
1101	128	PC	9.76513657113506
1101	136	PC	8.02388308992883
1101	214	PC	1.02303461772487
1101	220	PC	.955769806399452
1101	221	PC	5.75586774903941
1101	235	PC	126.567003778162
1101	237	PC	532.711086581316
1101	311	PC	31.9937938012023
1101	402	PC	1480.47968295033
1101	403	PC	20.5215889679031
1101	412	PC	8.93256301715988
1101	415	PC	2.67307831058554
1101	417	PC	366.355631957378
1101	420	PC	1.6509556071419
1101	423	PC	4.26639888055101
1101	425	PC	25.4012996551559
1101	427	PC	37.095854946133
1101	429	PC	8.95659546078367
1101	430	PC	13.2797141386744
1101	432	PC	1.84751103193699
1101	437	PC	11.3903572901307
1101	438	PC	2.39209871701793
1101	441	PC	2.67551827413164
1101	501	PC	6.63373654238611
1101	502	PC	6.54379600000665
1101	511	PC	3.87131845013412
1101	517	PC	12.851950143385
1101	520	PC	7.44974137988091
1101	533	PC	1.77391437327776
1101	534	PC	14.0257146043905
1101	538	PC	1.28400625018157
1101	540	PC	1.58714001665503
1101	542	PC	7.02868190269674
1101	604	PC	24.0971253370771
1101	605	PC	1.91169900966639
1101	616	PC	7.69139520932778
1101	618	PC	1.14514487980939
1101	623	PC	2.6480013281252
1101	624	PC	11.554505720436
1101	627	PC	1.53732490345698
1101	701	PC	5.55726274313083
1101	702	PC	18.8878519584198
1101	704	PC	19.9918774822092
1101	706	PC	19.6962163018646
1101	709	PC	32.4788644846798
1101	716	PC	42.0701487478251
1101	722	PC	3.41115835051628
1101	806	PC	20.8377452431675
1101	807	PC	3.54732243853607
1101	821	PC	2.28847030993726
1101	826	PC	2.85389822810951
1101	833	PC	8.71098193348308
1101	928	PC	183.361505454392
1101	1074	PC	158.435008981283
1101	1101	PC	25224.0218600176
1101	1102	PC	169.878652265749
1101	1106	PC	69.8786726135287
1101	1121	PC	1.53605883807049
1101	1135	PC	186.028725756213
1101	1146	PC	1206.94140721921
1101	1154	PC	33.768505089225
1101	1219	PC	5.3428683589468
1101	1221	PC	2.81417400999637
1101	1223	PC	1.57716849117385
1101	1224	PC	13.1211025102373
1101	1228	PC	2.12380009045984
1101	1247	PC	1248.5248001413
1101	1260	PC	22.2056565804439
1101	1263	PC	194.783816182461
1101	1271	PC	999.092104936591
1101	1272	PC	45.4247027377399
1101	1273	PC	48.0812316492474
1101	1274	PC	11.296867131992
1101	1275	PC	429.721528833844
1101	1276	PC	8.47265034899401
1101	1277	PC	11.296867131992
1101	1401	PC	6.25317480316633
1101	1416	PC	1.81947137830298
1101	1419	PC	8.90966360713868
1101	1420	PC	6.87112904035318
1101	1424	PC	.798559230441823
1101	1426	PC	1119.20173369546
1101	1429	PC	4.80815866734934
1101	1431	PC	3.85284662813692
1101	1432	PC	12.9585201186433
1101	1438	PC	.794010776463864
1101	1439	PC	228.314810721174
1101	1443	PC	1.93585756515729
1101	1445	PC	.96412158510104
1101	1449	PC	.819438657777447
1101	1502	PC	7.64820602579607
1101	1503	PC	22.1721245851086
1101	1504	PC	398.633691644869
1101	1519	PC	1.13990755675888
1101	1523	PC	1.65793024040583
1101	1528	PC	527.469587017726
1101	1529	PC	171.663224822327
1101	1534	PC	121.479394726612
1101	1634	PC	8.64128022128214
1101	1671	PC	220.225410602184
1101	1677	PC	174.137306595016
1101	1702	PC	2.30307904305835
1101	1711	PC	174.421092454124
1101	1804	PC	3.45801748007671
1101	1805	PC	7.42823814791237
1101	1824	PC	.970519111696085
1101	1833	PC	36.6104256398115
1101	1841	PC	1.3572804487035
1101	1901	PC	2.26622579969455
1101	1943	PC	4.75818439792499
1101	1972	PC	45.8022728306571
1101	2011	PC	2.99056793060204
1101	2012	PC	38.6259324962159
1102	106	PC	8.45219586545169
1102	136	PC	2.62766684449356
1102	211	PC	8.18151226748234
1102	213	PC	5.32827513861345
1102	214	PC	1.70892919897087
1102	217	PC	2.22432478702104
1102	219	PC	1014.10504777555
1102	220	PC	1.28602472625998
1102	226	PC	3.08685541580943
1102	231	PC	6.11463790417228
1102	235	PC	102.476161979156
1102	301	PC	67.0428079798531
1102	302	PC	8.9884759356928
1102	303	PC	2.93663817085013
1102	304	PC	6.17570837495405
1102	305	PC	3.30478080782034
1102	306	PC	1.51705785101803
1102	307	PC	2.77671515911381
1102	309	PC	1.60671269128535
1102	311	PC	1.27618699412382
1102	412	PC	1.71138927783782
1102	428	PC	1.41778248564456
1102	438	PC	.958185320498051
1102	544	PC	.977746270096759
1102	618	PC	2.82202894478636
1102	704	PC	1.19522489350568
1102	720	PC	1.31399400684472
1102	1071	PC	1.26480844404715
1102	1101	PC	19386.9829352027
1102	1102	PC	60613.2884202898
1102	1112	PC	8044.84486839005
1102	1114	PC	23717.6705234263
1102	1119	PC	10521.0791460467
1102	1120	PC	16356.4410944443
1102	1121	PC	23480.7740430466
1102	1122	PC	3089.11377980258
1102	1124	PC	44864.4586757623
1102	1127	PC	3246.64418251654
1102	1141	PC	199.107614958473
1102	1142	PC	1083.34710894643
1102	1172	PC	104828.510632265
1102	1173	PC	20021.4493114845
1102	1175	PC	14651.738447754
1102	1224	PC	1.5242316605164
1102	1231	PC	1.61900533765158
1102	1243	PC	1.37330179960036
1102	1244	PC	.915370054450733
1102	1247	PC	1.21986364246959
1102	1263	PC	1.09788227672244
1102	1271	PC	28.8423243421578
1102	1272	PC	1.71552255951051
1102	1273	PC	5.00135612329737
1102	1274	PC	5.5079080601607
1102	1275	PC	25.7937597055977
1102	1277	PC	9.24247909975023
1102	1411	PC	1.03292995742325
1102	1419	PC	2.29287834215984
1102	1420	PC	3.18641406868912
1102	1421	PC	2.01759226101036
1102	1430	PC	1.07406863298789
1102	1431	PC	2.99222087153415
1102	1504	PC	5.66581327637583
1102	1516	PC	4.90232133343854
1102	1624	PC	39.9300743643718
1102	1671	PC	34.744671478794
1102	1676	PC	3.34054592243245
1102	1719	PC	2.37322366531781
1102	1804	PC	17.0608005666233
1102	1833	PC	1.40630599115802
1102	1870	PC	1.7673957601901
1102	1901	PC	1.26243218035988
1102	1971	PC	42.5616188677074
1102	2012	PC	1.48220521706074
1102	2030	PC	2.19325133345917
1102	5930	PC	59.2194761283854
1114	1101	PC	2660.6689380035
1119	1119	PC	5813.91395762091
1119	5760	PC	58.788651716741
1120	1119	PC	1744.23259844848
1121	4004	PC	5.23985808779648
1124	301	PC	4220.80790056901
1124	1124	PC	816793.780169077
1124	1172	PC	583684.6737862
1124	4001	PC	214.330351532339
1124	4005	PC	7.20149981148661
1124	6030	PC	4.82243290947764
1127	1102	PC	40949.8879037948
1127	1172	PC	116837.80192436
1127	6030	PC	1.37171424980697
1130	105	PC	1081.42287100294
1130	235	PC	2.74651884438147
1130	302	PC	292.470006427432
1130	305	PC	1987.26959862642
1130	306	PC	6535.8208496378
1130	307	PC	571.512193834554
1130	412	PC	153.990037269661
1130	425	PC	1.16487088092443
1130	502	PC	692.512166615855
1130	602	PC	4024.67979418927
1130	605	PC	1.79436717768407
1130	706	PC	1308.55575387629
1130	709	PC	488.867683102724
1130	716	PC	4937.79707088233
1130	806	PC	2580.68424414696
1130	807	PC	520.226203816306
1130	901	PC	1.6884683851255
1130	1014	PC	1031.63969717391
1130	1018	PC	3222.26824448707
1130	1074	PC	3506.92903927995
1130	1106	PC	2026.49630626657
1130	1149	PC	2320.97067317187
1130	1222	PC	715.217216750903
1130	1238	PC	1305.72026776284
1130	1243	PC	663.153340491427
1130	1271	PC	270.161032993781
1130	1272	PC	869.719282478141
1130	1273	PC	3133.53365844953
1130	1274	PC	675.740283775694
1130	1275	PC	7.07821906443706
1130	1401	PC	1838.2292989284
1130	1432	PC	1.25319080007542
1130	1449	PC	.981039897947348
1130	1503	PC	2.82055071792204
1130	1520	PC	2713.43219100164
1130	1532	PC	2000.55854424831
1130	1548	PC	791.380436365711
1130	1677	PC	9061.71535132969
1130	1714	PC	94.4399150344639
1130	1717	PC	448.835845248875
1130	1744	PC	662.128192797284
1130	1841	PC	1276.45152724987
1130	1870	PC	867.547313751007
1130	1913	PC	344.898322750403
1130	1931	PC	1829.93056193197
1130	1971	PC	99.0180108326581
1130	2012	PC	1046.79734043194
1141	706	PC	3553.74328089951
1141	1120	PC	4197.36868440582
1141	1122	PC	653.342042439967
1141	1141	PC	16822.76133875
1141	1142	PC	1071.48350387914
1141	1146	PC	3194.37640689242
1141	1149	PC	4273.74526238756
1141	1224	PC	691.007208811726
1149	1004	PC	106006.167844998
1172	1034	PC	19301.5303221113
1172	1101	PC	29955.7772841248
1172	1102	PC	4479.80270666135
1172	1129	PC	146791.509979765
1173	4001	PC	10.8022497172299
1211	1401	PC	.6286006937244
1228	512	PC	12.9266769158088
1228	1444	PC	3.56204443059472
1228	1449	PC	33.9176227082724
1228	1804	PC	2.77527308514127
1241	512	PC	10.368478979365
1241	1444	PC	3.8323752783598
1241	1449	PC	30.166472468791
1241	1804	PC	3.14594374034496
1243	219	PC	2.73341616870193
1243	220	PC	1.5296928959613
1243	437	PC	.751563065889556
1243	602	PC	8.42006625745768
1243	625	PC	4.14924307234938
1243	1002	PC	12.6026137572324
1243	1071	PC	8.18189004001836
1243	1401	PC	9.64690797873566
1243	1422	PC	1.31063639036602
1243	1515	PC	8.29046432781709
1243	1516	PC	2.6402045942063
1243	1517	PC	14.5359542474735
1243	1519	PC	2.23720070133834
1243	1520	PC	2.72007371450004
1243	1524	PC	17.3196104707162
1243	1529	PC	.782555288345474
1243	1638	PC	7.21998371734667
1243	1663	PC	1.53686495822802
1243	1671	PC	38.3589348938397
1243	1674	PC	19.5281850368639
1243	1677	PC	10.0144538650584
1243	1714	PC	1.85614526342904
1243	1721	PC	.886266222616289
1243	1804	PC	14.8803138918317
1243	1865	PC	1.13740916914028
1246	928	PC	8013.91408595116
1247	1243	PC	8182.29139676949
1247	4004	PC	1.26487500181713
1253	1263	PC	2909.00536790925
1253	1271	PC	6585.64773999998
1263	106	PC	1.88069650433273
1263	119	PC	3.10187619108557
1263	211	PC	1.93143973431208
1263	220	PC	7.55362352025689
1263	309	PC	2.10756786247948
1263	425	PC	5.51646892947655
1263	501	PC	7.6387688247507
1263	514	PC	.56385309459772
1263	536	PC	1.64822258476155
1263	541	PC	1.56276691162251
1263	542	PC	1.13414824031976
1263	709	PC	3.72524701835848
1263	805	PC	1.57581098436163
1263	806	PC	1.39950524254208
1263	807	PC	4.50233965312595
1263	822	PC	3.91992261918387
1263	1101	PC	3.11747383680894
1263	1102	PC	13.5130849798029
1263	1114	PC	1.17726393527154
1263	1224	PC	1.38982247690161
1263	1420	PC	1.28306911662683
1263	1449	PC	3.01080857478837
1263	1511	PC	2.18924913053359
1263	1546	PC	2.94332570432356
1263	1714	PC	1.00438082587771
1271	709	PC	24.3616677209542
1271	1106	PC	8730.37284714368
1271	1235	PC	52448.9246590822
1271	1241	PC	48531.9593392384
1271	1243	PC	15156.127432122
1271	1271	PC	19603.8208186915
1271	1432	PC	8821.1772479819
1271	1443	PC	21309.1657744198
1271	1449	PC	40262.5114862749
1271	4001	PC	29.3250158782772
1273	545	PC	9735.22826596549
1273	805	PC	85.0551911841446
1273	1171	PC	102.197978579376
1273	1243	PC	.866695826117939
1273	1246	PC	10.6865556982358
1273	1247	PC	12.6245073185713
1273	1251	PC	4.68338364767819
1273	1263	PC	2.42945895066763
1273	1271	PC	63.4621966848798
1273	1272	PC	6.49863666762124
1273	1273	PC	27.0590249725476
1273	1274	PC	74.0477298063412
1273	1275	PC	25.335728189417
1273	1277	PC	55.0537607106176
1273	1420	PC	9058.91197035404
1273	1422	PC	9670.18209892501
1273	1671	PC	252.864960092724
1276	128	PC	7.43303013242909
1276	219	PC	1.36670808435097
1276	220	PC	6.11877158384519
1276	437	PC	2.25468919766867
1276	602	PC	8.47657676925269
1276	625	PC	3.11193230426203
1276	1002	PC	18.9039206358486
1276	1071	PC	6.96754626278936
1276	1401	PC	12.1323558859208
1276	1515	PC	11.3701183988224
1276	1516	PC	7.04934626653082
1276	1517	PC	26.5112938589725
1276	1519	PC	5.01858535705628
1276	1520	PC	1.81338247633336
1276	1524	PC	15.8682464647903
1276	1638	PC	1.93392421000357
1276	1671	PC	26.5561856957352
1276	1674	PC	13.8414058777771
1276	1677	PC	5.18605646583381
1276	1714	PC	6.18715087809679
1276	1721	PC	1.59288388659414
1276	1828	PC	5.00078111191052
1277	1272	PC	6453.93478536157
1416	58	PC	29.0450016605029
1420	105	PC	1.39988480186453
1420	106	PC	2.26178710414279
1420	119	PC	4.8251227200848
1420	211	PC	1.70941710368824
1420	220	PC	3.59797924392979
1420	309	PC	3.24062490222654
1420	501	PC	4.78306359914973
1420	514	PC	.405596801971424
1420	709	PC	1.43814263496949
1420	805	PC	1.55005975865315
1420	814	PC	1.33453254119716
1420	822	PC	8.86964290096484
1420	826	PC	.868948375252981
1420	1101	PC	1.80845832624646
1420	1102	PC	10.5036159696114
1420	1224	PC	2.87409891483943
1420	1241	PC	1.75673094743345
1420	1420	PC	2.7446385034041
1420	1449	PC	2.71784177523364
1420	1511	PC	.215507878917214
1420	1714	PC	3.85478602067335
1422	1422	PC	6676.27352039492
1426	512	PC	6.0771859053276
1426	1444	PC	3.49333796655684
1426	1449	PC	33.7069149669968
1429	306	PC	2.92942284229547
1429	616	PC	2.54355031784006
1429	819	PC	3.91081977432513
1429	822	PC	1.41374572551746
1429	928	PC	.85562607748794
1429	1037	PC	1.00180333705832
1429	1075	PC	5.03563606535266
1429	1120	PC	1.39260860968913
1429	1149	PC	1.42138860458298
1429	1173	PC	.314340818015621
1429	1224	PC	2.43225412313338
1429	1228	PC	1.20949868312748
1429	1231	PC	.993834673148124
1429	1424	PC	3.63682430503963
1429	1554	PC	.72496733076552
1429	1632	PC	1.40981674589108
1429	1703	PC	2.98044744713586
1429	1725	PC	1.75037400385191
1429	1744	PC	1.44956135885263
1429	1804	PC	5.49851909248392
1429	1805	PC	1.01251423728225
1429	1813	PC	2.08090249713129
1429	1820	PC	2.18243369792883
1429	1833	PC	3.88506856001145
1429	1834	PC	1.79234048458762
1429	1836	PC	1.15026407894436
1429	1841	PC	3.83945343877469
1429	1868	PC	3.15991969121192
1429	1917	PC	2.26330757203216
1429	1924	PC	1.18022272959068
1429	1926	PC	1.30369512902893
1429	1936	PC	2.21654870462352
1429	1938	PC	2.63841274664644
1429	1971	PC	8.6187085766925
1429	2018	PC	3.3798901996135
1432	1420	PC	8352.01655944991
1432	1422	PC	8902.0172079375
1432	1426	PC	8937.06535009725
1432	1428	PC	10018.1424231585
1432	1432	PC	17116.2482270524
1432	1504	PC	10312.9498223093
1439	306	PC	1.45877866586156
1439	428	PC	1.14626818034105
1439	821	PC	2.2754614738357
1439	928	PC	.881604520430408
1439	1075	PC	3.84259470807277
1439	1173	PC	1.25056022591432
1439	1224	PC	1.77917417747203
1439	1228	PC	1.03446708944659
1439	1231	PC	.971226651564812
1439	1424	PC	1.54427845302788
1439	1554	PC	1.07453441615863
1439	1703	PC	2.87067327037682
1439	1729	PC	1.22867168499177
1439	1804	PC	5.28468011691679
1439	1805	PC	1.0786329175807
1439	1813	PC	4.27230904425227
1439	1833	PC	5.36699326121489
1439	1834	PC	1.56810136241558
1439	1836	PC	.784681724042427
1439	1845	PC	1.44330539258391
1439	1848	PC	3.19054823017743
1439	1851	PC	2.00214783478303
1439	1859	PC	1.39959818762082
1439	1860	PC	4.16579549214746
1439	1901	PC	1.08924364689481
1439	1928	PC	1.79840726655881
1439	1938	PC	2.11218954202314
1439	1971	PC	9.76942888259405
1439	2004	PC	2.11442694499029
1443	219	PC	1.49415559891938
1443	306	PC	6.84578769572096
1443	428	PC	1.71940227051158
1443	437	PC	.935320510394316
1443	602	PC	1.82766811229052
1443	605	PC	2.08534732785396
1443	618	PC	1.28630738924192
1443	819	PC	1.43768929202538
1443	826	PC	2.53955742397137
1443	827	PC	4.22282826197146
1443	828	PC	1.01893577441588
1443	928	PC	.881604520430408
1443	1037	PC	4.10686028326694
1443	1075	PC	10.833143363811
1443	1173	PC	4.6859227288672
1443	1223	PC	1.44759875833083
1443	1228	PC	3.97006710085297
1443	1231	PC	.971226651564812
1443	1412	PC	2.2672305964663
1443	1424	PC	1.60314108464553
1443	1428	PC	3.55656685318026
1443	1703	PC	5.90362631627202
1443	1729	PC	1.84300752748765
1443	1736	PC	1.346890242077
1443	1740	PC	2.63153462675932
1443	1804	PC	6.07359126271476
1443	1813	PC	6.4317262329731
1443	1820	PC	1.9187042417813
1443	1822	PC	1.75989810203124
1443	1828	PC	2.88662587416133
1443	1832	PC	1.96639085912096
1443	1833	PC	3.17053694434759
1443	1834	PC	4.55658439368585
1443	1836	PC	3.12303326168886
1443	1841	PC	3.22683005285829
1443	1845	PC	1.44330539258391
1443	1848	PC	1.59527411508871
1443	1851	PC	1.33476522318869
1443	1859	PC	2.28056354429586
1443	1860	PC	4.16579549214746
1443	1865	PC	3.58872880595875
1443	1866	PC	3.80018423824465
1443	1868	PC	2.57646219393098
1443	1901	PC	1.63386547034221
1443	1917	PC	1.84998925697242
1443	1924	PC	1.70368448595191
1443	1928	PC	1.79840726655881
1443	1936	PC	1.70473667097993
1443	1938	PC	3.79292573247448
1443	1940	PC	1.40909836304306
1443	1971	PC	26.2500737504912
1443	1972	PC	1.82897983646738
1443	2002	PC	2.84516055928428
1443	2004	PC	5.01108938336149
1443	2017	PC	2.11844700511093
1443	2018	PC	5.46700360957845
1443	2020	PC	1.86629594773393
1444	1502	PC	1.57273455562041
1449	1444	PC	2102.38027069732
1449	1445	PC	644.984276235184
1449	1449	PC	24513.9806299353
1502	1502	PC	27320.384437558
1502	1547	PC	17574.3011704063
1502	1548	PC	18655.7679230457
1502	5790	PC	1.12247260152944
1503	121	PC	56.1494467213626
1503	309	PC	7.28962395761448
1503	605	PC	1.43719070010864
1503	1119	PC	4.0171932207989
1503	1401	PC	2.14613063363701
1503	1443	PC	29.8918171843378
1503	1648	PC	.692646502789462
1504	1535	PC	9536.80712596046
1504	2004	PC	4460.33631002656
1504	4004	PC	7.24373321507552
1514	1251	PC	15635.9625008762
1520	1502	PC	2.69870213104478
1520	5850	PC	11.9655546060084
1528	51	PC	1.67640682977462
1551	135	PC	32869.0715477766
1551	417	PC	32234.3175526152
1551	436	PC	4406.02600604777
1551	814	PC	18453.1316468917
1551	826	PC	20678.1312391178
1551	828	PC	6030.31721402466
1551	1263	PC	17251.7053407188
1551	4001	PC	9.4539804674271
1554	1211	PC	10.2937812505005
1557	1503	PC	8497.04445721726
1563	61	PC	8.49794823460396
1617	1617	PC	4619.88003431441
1621	1825	PC	3.03157086317915
1624	1865	PC	1.35616427804107
1634	50	PC	317.493197343818
1634	52	PC	56.0914006630499
1634	55	PC	2.28101000228593
1634	56	PC	2.89512807982444
1634	58	PC	82.086141573716
1634	60	PC	69.7755110955669
1634	62	PC	.965042693274814
1634	4001	PC	6.17334886516101
1634	5101	PC	54.7705594010424
1634	5102	PC	8.90471212430852
1634	5106	PC	19.4499968271842
1634	5204	PC	5.26386923604444
1634	5403	PC	34.667452872349
1634	5501	PC	3.77243961916518
1634	5800	PC	22.7223688689252
1634	5820	PC	8.76044311561693
1634	5840	PC	.774958526417654
1634	5880	PC	19.6079129042656
1634	6030	PC	10.9663942417593
1640	62	PC	16.0840448879136
1648	1825	PC	1.81808212197906
1653	1677	PC	3138.5310008178
1671	1621	PC	19237.3389447857
1671	1677	PC	163956.731331429
1671	1744	PC	25382.6792688413
1675	1677	PC	2315.40626614805
1677	1675	PC	2315.40626614805
1677	1677	PC	3473.10939922207
1714	62	PC	.767160201623514
1714	1663	PC	5.93288208417279
1714	1664	PC	1.54263979089162
1714	1665	PC	6.89935438644398
1714	1714	PC	3.19885839975928
1714	1717	PC	1.16512901465068
1714	1719	PC	1.45759718278859
1721	51	PC	169380.465482607
1721	58	PC	11954.521515906
1721	306	PC	16.1878508840422
1721	604	PC	8559.22466451954
1721	3001	PC	28426.9790855915
1721	5403	PC	197010.67933726
1729	136	PC	8623.10641275637
1729	627	PC	31165.8562475696
1729	805	PC	31378.6841758043
1729	1102	PC	2549.32193299002
1729	1228	PC	7161.0480743374
1729	1271	PC	7781.68504510099
1729	1432	PC	6253.81758051333
1729	1502	PC	17095.085978059
1738	50	PC	33.5834857259635
1751	104	PC	.59306920140272
1804	1804	PC	43.7119069747168
1804	1813	PC	10.6274116290332
1804	1834	PC	54.5136761930525
1804	1835	PC	23.5246113276734
1804	1849	PC	77.7623987894864
1804	1860	PC	12.7997590905684
1804	1865	PC	68.3941366577074
1804	1866	PC	11.5338658008888
1804	1871	PC	2.62008728015353
1804	1931	PC	190.141253784723
1804	1941	PC	82.5404722847193
1804	1971	PC	1.46985836278806
1804	1972	PC	435.29035125561
1804	2002	PC	354.246271752188
1804	2003	PC	210.42733600822
1804	2004	PC	249.680769321228
1804	2012	PC	52.4020468743856
1804	2014	PC	121.563978823678
1804	2018	PC	23.9169093645078
1804	2019	PC	151.383560954605
1804	2023	PC	58.7762053618507
1804	2028	PC	275.02211028399
1804	2030	PC	315.143601723289
1832	1677	PC	4.16105034441518
1833	51	PC	42790.1011615696
1833	1850	PC	2.35022663524451
1833	5850	PC	301.664068003153
1833	5880	PC	8.6080425238693
1841	4001	PC	46.7445697896889
1845	805	PC	308234.658028935
1845	1246	PC	6662.40835537673
1845	1263	PC	7765.77939899287
1845	1271	PC	11161.9489187306
1845	1273	PC	4014.5416230325
1845	1671	PC	2616.92272842367
1845	1833	PC	987.897374639156
1850	104	PC	46.7369595127036
1850	136	PC	58.7331667141639
1850	217	PC	232.467314038853
1850	219	PC	83.8101149689945
1850	230	PC	49.1486686033247
1850	231	PC	810.680909600729
1850	235	PC	4.42403885546312
1850	237	PC	13.8303578091428
1850	305	PC	192.927516625265
1850	306	PC	21589.8247573253
1850	309	PC	60.5090847597423
1850	403	PC	1.38371698249683
1850	602	PC	1821.47221747803
1850	626	PC	7.39885126531744
1850	805	PC	1543.3969979289
1850	806	PC	1297.56799222815
1850	1124	PC	58.265129497857
1850	1274	PC	15.3519004641954
1850	1502	PC	489.815367440494
1850	1671	PC	1646.6709065423
1850	1676	PC	8.27646110094559
1850	1677	PC	15.1735120184002
1850	1804	PC	537.030520447836
1850	1805	PC	9.34370176518852
1850	1833	PC	5567.91446216247
1850	1850	PC	1462.42189570121
1850	1901	PC	42.0969837029985
1850	1931	PC	6.87399954640755
1850	1971	PC	9.59687200212664
1850	1972	PC	5.88195380775504
1870	1676	PC	5.35268789308908
1870	1972	PC	6.63402003433193
1871	5930	PC	73.4927105185566
1901	104	PC	787.638393273881
1901	217	PC	666.257368359435
1901	219	PC	5435.19570653126
1901	230	PC	104.047115548261
1901	231	PC	1831.99545205128
1901	233	PC	9860.37421426355
1901	235	PC	1615.75769644679
1901	237	PC	47.2070583769056
1901	302	PC	47.3649839801387
1901	305	PC	69.9344606808576
1901	306	PC	912.796205632909
1901	309	PC	730.261698179423
1901	403	PC	1.68639085496257
1901	418	PC	8865.45396712172
1901	625	PC	25.1742143024459
1901	626	PC	39.9157675137926
1901	627	PC	3240.84629618844
1901	706	PC	124.459582848247
1901	709	PC	28.295197329375
1901	805	PC	732.992826400551
1901	926	PC	5.19014076134345
1901	1003	PC	79.9735009787956
1901	1004	PC	15.4619915635421
1901	1017	PC	1220.51239435128
1901	1072	PC	796.498207752302
1901	1102	PC	89.1565698154191
1901	1124	PC	1815.40533681341
1901	1154	PC	229.28294672878
1901	1171	PC	117.291148814304
1901	1172	PC	139.249765715612
1901	1211	PC	47.8547397933056
1901	1271	PC	257.859004408588
1901	1273	PC	85.314493458613
1901	1274	PC	23.4835879014964
1901	1418	PC	2.70739130748863
1901	1432	PC	141.953373382651
1901	1502	PC	71.8142301602616
1901	1504	PC	38.2559092029333
1901	1671	PC	30070.5508407538
1901	1676	PC	7.87797447209325
1901	1677	PC	867.40079835234
1901	1804	PC	34.2870447597961
1901	1805	PC	9.70236078394306
1901	1833	PC	1236.50458754631
1901	1850	PC	1001.91265814866
1901	1901	PC	58.6122010661139
1901	1971	PC	19.9304979764786
1901	1972	PC	19.4804544737839
1901	2012	PC	99.5495346418101
1913	1850	PC	2588.44963778517
1913	1860	PC	18390.386646427
1924	301	PC	24.7922697872694
1924	403	PC	108.184709981972
1924	716	PC	115.363014983636
1924	806	PC	36.8230682522654
1924	906	PC	28.0437570365895
1924	1130	PC	18.2891181471409
1924	1529	PC	13.4113359988845
1924	1531	PC	55.4793524874186
1924	1825	PC	37.7631484645426
1924	1837	PC	79.8833387750533
1924	1917	PC	137.839431284096
1924	1919	PC	1563.14805096484
1924	1920	PC	109.689060988528
1924	1922	PC	15881.7238012235
1924	1923	PC	387.09435988229
1924	1924	PC	7775.44451880668
1924	1925	PC	1257.53978774869
1924	1926	PC	520.025583161229
1924	1927	PC	353.466743294596
1924	1928	PC	584.838668565317
1924	1929	PC	4373.67983298355
1924	1931	PC	4073.44855085689
1924	1933	PC	7779.85410354997
1924	1938	PC	1783.36494304833
1924	1939	PC	2657.6845659854
1924	1940	PC	105.014532254816
1924	1973	PC	83.777516347059
1924	2022	PC	127.659268702119
1971	3001	PC	29.9004514526661
1972	826	PC	.957085460359655
1972	1933	PC	16021.4987247935
2011	5101	PC	46.8874278247662
2011	5880	PC	23.3949743824197
2012	58	PC	190.27132665222
2012	62	PC	29.2437179780247
2012	3001	PC	58.3899568961226
2012	4004	PC	19.4275766434011
2012	5404	PC	70.424721634679
2012	5930	PC	26.9042205397827
3001	101	PC	4.03019670296822
3001	106	PC	439.418568961471
3001	123	PC	2716.11760154449
3001	230	PC	11933.319035613
3001	302	PC	2.92139166060801
3001	626	PC	15.7687461158599
3001	627	PC	10754.42160677
3001	704	PC	1251.70500497458
3001	1129	PC	21.3849602570055
3001	1271	PC	824.608896707372
3001	1273	PC	2.67190277226627
3001	1672	PC	2.39249586573108
3001	1677	PC	5.70994772240999
3001	1859	PC	1.71861270672571
3001	1871	PC	197.846969804395
3001	1925	PC	1.25295847296957
3001	1933	PC	34.4997816161219
3001	1938	PC	15.0020227409333
3001	1940	PC	1.56260095864015
3001	1941	PC	1.85212861239712
3001	1971	PC	4.11538409143667
3001	1972	PC	49.2542055006801
3001	1974	PC	2.73464012786053
3001	2002	PC	22.2646554484738
3001	2003	PC	6.33103443867457
3001	2004	PC	.868087653379297
3001	2011	PC	22.5087114536136
3001	2012	PC	24.5228708511126
3001	2018	PC	5.58262372231802
3001	2020	PC	14.9955528028323
3001	2021	PC	149.893966480735
3001	2022	PC	8.55778346019337
3001	2023	PC	2.3111024055135
3001	2025	PC	33.564058574535
3001	2027	PC	4.61432563676211
3001	2028	PC	2.44362226404823
3001	2030	PC	61.7611798096842
4001	104	PC	4.18594213243073
4001	105	PC	3878.9637441683
4001	119	PC	381.764504987021
4001	213	PC	9.24068076890433
4001	214	PC	6.37374093283529
4001	217	PC	23.0462626538834
4001	219	PC	9.71183936950007
4001	220	PC	16.2724416327437
4001	226	PC	25.8909049146946
4001	230	PC	139.001632862981
4001	235	PC	156.642928230447
4001	237	PC	2550.83506648771
4001	301	PC	2.17444492920256
4001	302	PC	3829.80614358833
4001	303	PC	37.3897557673651
4001	304	PC	85.3769335561024
4001	305	PC	22.6038991113711
4001	306	PC	4704.22809519448
4001	307	PC	6.42005326425284
4001	309	PC	66.4598159659153
4001	311	PC	26.0214109466657
4001	312	PC	58.6122645038653
4001	403	PC	93.4598283875847
4001	417	PC	6.5359301470825
4001	502	PC	1.95271600871716
4001	529	PC	111.79798325471
4001	602	PC	85.9071072910086
4001	623	PC	5.94465246750031
4001	625	PC	62.3470972115191
4001	626	PC	54.4764540977678
4001	627	PC	292415.072449831
4001	628	PC	257.13014391149
4001	702	PC	358.720891367995
4001	704	PC	16448.2391526724
4001	706	PC	3.02323841660359
4001	709	PC	48.644805369248
4001	805	PC	3545.10043736909
4001	806	PC	58.8945899001098
4001	819	PC	1.87848473972837
4001	821	PC	4.01317099342112
4001	901	PC	1.30236227769385
4001	904	PC	1.03885095699455
4001	906	PC	3.64662213810315
4001	1002	PC	2.78650806061445
4001	1072	PC	343.224802434898
4001	1075	PC	3039.51924739404
4001	1101	PC	3.9582196894249
4001	1102	PC	2245.93518803357
4001	1106	PC	3.86082551237228
4001	1119	PC	4.69485936642554
4001	1120	PC	5250.183086832
4001	1121	PC	95.5916780817015
4001	1129	PC	1.1445471686848
4001	1149	PC	141.715352285864
4001	1154	PC	.89644424955261
4001	1172	PC	90.0622737569038
4001	1173	PC	13.8487267680001
4001	1231	PC	55.5425016917958
4001	1271	PC	579.784588334541
4001	1272	PC	9.4990813432112
4001	1274	PC	10.689442413789
4001	1275	PC	7.3820699623066
4001	1277	PC	83.8417085126075
4001	1504	PC	63.6546517664676
4001	1535	PC	3.75549910823426
4001	1571	PC	1.05335820454227
4001	1624	PC	117.495173776197
4001	1634	PC	11.8560679807353
4001	1671	PC	3.63573925310206
4001	1674	PC	69.168764403904
4001	1714	PC	149.727080153222
4001	1866	PC	1.98431103863222
4001	1931	PC	13.0833585534063
4001	2003	PC	97.5094992792316
4002	119	PC	61.2441869156382
4002	230	PC	299.837279849296
4002	237	PC	171.269159628197
4002	529	PC	612.305364222918
4002	1119	PC	123.465695961562
4002	1122	PC	3.58490633270298
4002	1149	PC	4.64424373730025
4002	1172	PC	8.57614170076034
4002	1221	PC	9.85205369014887
4002	1223	PC	9.20390021698212
4003	304	PC	7.96743180165822
4003	306	PC	1.90886386914728
4003	309	PC	23.8285228882926
4003	311	PC	7.37725166820206
4003	626	PC	1.89041640284588
4003	1072	PC	2.33008484283784
4003	1102	PC	313.887518428466
4003	1172	PC	2.1096733218419
4004	233	PC	40.9485820789382
4004	237	PC	213.574398256674
4004	627	PC	36.1035567329954
4004	904	PC	114.727071956978
4004	1072	PC	10.301536446128
4004	1120	PC	10.2833818799733
4004	1172	PC	18.8592009073746
4004	1173	PC	2.87682725705714
4004	1251	PC	1.59731091278426
4004	1931	PC	238.104782880907
4005	220	PC	13.2422933344491
4005	301	PC	1.2707315998478
4005	302	PC	2.09698378668643
4005	304	PC	105.125836271879
4005	517	PC	1.42489949327347
4005	626	PC	2.74969658595764
4005	627	PC	365.085713361589
4005	1124	PC	36.4708151255244
4005	1129	PC	5.28098079586144
4005	1231	PC	6.2340178674793
4005	1805	PC	1.54342668094357
5101	105	PC	25.3900339856962
5101	106	PC	2.7704324883015
5101	123	PC	48.1416378637449
5101	124	PC	2.00030332569373
5101	138	PC	47.1661604980647
5101	214	PC	3.31065481987801
5101	217	PC	2.42560973889571
5101	219	PC	1.53111734685278
5101	220	PC	233216.614006521
5101	226	PC	1774.27544212624
5101	230	PC	70.2630061777232
5101	231	PC	1.67459775896244
5101	235	PC	6.72524340348762
5101	301	PC	60.9194999630955
5101	302	PC	412.144918947444
5101	304	PC	1.84431291705051
5101	305	PC	115.369150213178
5101	306	PC	83.3242132794252
5101	415	PC	1.23774338110269
5101	418	PC	596.191955205829
5101	419	PC	72.4359985902018
5101	534	PC	11.1996582841234
5101	602	PC	178921.174617599
5101	626	PC	234.74961749158
5101	627	PC	202.173594840197
5101	713	PC	6.48475751283856
5101	806	PC	419.070700558298
5101	904	PC	1.31917581840578
5101	1004	PC	3.50496875836537
5101	1018	PC	1.68266658014174
5101	1121	PC	13.9623608396021
5101	1124	PC	4909.08442084511
5101	1172	PC	43.0357375282098
5101	1273	PC	92.1888866044441
5101	1277	PC	85.0430575315292
5101	1432	PC	.894248382802941
5101	1511	PC	3.65868106831212
5101	1535	PC	186.972841121189
5101	1620	PC	18.2179812826661
5101	1931	PC	7.77595838551507
5101	1973	PC	42.2200820862394
5102	219	PC	3.59158793621251
5102	226	PC	1180.28897994279
5102	230	PC	120.455923073393
5102	304	PC	41.4970406336366
5102	305	PC	105.734459534506
5102	602	PC	38.5446515236951
5102	626	PC	2.39452744360478
5102	627	PC	1.03449089880007
5102	904	PC	4.13891413024814
5102	1121	PC	28.6191229519698
5102	1124	PC	7609.83819158025
5102	1172	PC	20.996044264422
5102	1277	PC	20.4778730633869
5103	226	PC	23.9862866221194
5103	306	PC	2.35149896923941
5103	418	PC	157.050314023145
5103	612	PC	1.54114536684832
5103	720	PC	37.8899113168381
5103	1124	PC	1.89952162112106
5104	220	PC	26355.9475261345
5104	302	PC	5.57720226116075
5104	306	PC	1.99185795041456
5104	819	PC	44.3687448241916
5106	105	PC	364.560998503121
5106	214	PC	1.02717947964631
5106	220	PC	31278.598702361
5106	226	PC	2142.36375892898
5106	233	PC	1.74134879345788
5106	304	PC	1.21540221233629
5106	305	PC	64.6284132392841
5106	306	PC	65.096868720215
5106	529	PC	36.4378884313616
5106	602	PC	18210.6805046992
5106	704	PC	52.3440099860995
5106	1120	PC	2.13236206663125
5106	1121	PC	14.6513229379074
5106	1124	PC	2790.08067448999
5106	1172	PC	62.2545418427165
5106	1173	PC	5.74086861519403
5106	1246	PC	153.80213337663
5106	1271	PC	5.68626326791416
5106	1272	PC	2.84038464687113
5106	1273	PC	91.3464772314198
5106	1276	PC	22.8915590495739
5106	1277	PC	530.347977411081
5201	211	PC	44.7652897483601
5201	219	PC	2.80493949216832
5201	226	PC	7520.19189043801
5201	230	PC	510.384030927413
5201	302	PC	17.5799907253255
5201	309	PC	11.3056381815197
5201	418	PC	5548.62005316717
5201	602	PC	750.32728707259
5201	928	PC	579.39073586066
5201	1121	PC	9.06529076717448
5201	1134	PC	10.1954269145951
5201	1228	PC	21.3490037088563
5201	1273	PC	4.83469727127001
5203	302	PC	2.48982243801819
5203	306	PC	12.2019742592062
5203	806	PC	7.39523866232835
5402	305	PC	42.0779992025075
5402	501	PC	3.60805351396951
5402	806	PC	15.768256332655
5403	105	PC	2538.42473031803
5403	211	PC	881.494636106331
5403	214	PC	1.45619605872015
5403	230	PC	138.122392548576
5403	231	PC	7.66341347321795
5403	233	PC	1.73100824242784
5403	301	PC	39.9256860283095
5403	302	PC	159.498025379445
5403	304	PC	44.8536901426685
5403	305	PC	138.109528480411
5403	306	PC	33.3820637986143
5403	403	PC	191.539129908251
5403	418	PC	157.374901317629
5403	805	PC	6.94325418602197
5403	1002	PC	29.0458043606421
5403	1074	PC	4.0900425432792
5403	1102	PC	896.859909875534
5403	1124	PC	54.1540950704141
5403	1224	PC	14.0249135748039
5403	1246	PC	31.3622838365707
5403	1271	PC	2.20491496765496
5403	1272	PC	79.1132280753275
5403	1274	PC	2.01445719636251
5403	1277	PC	248.052933861183
5403	1441	PC	75.3854991814916
5403	1504	PC	37.0506565166659
5403	1677	PC	3.63146693905611
5403	2012	PC	38.6008152286031
5404	213	PC	1.08372381792386
5404	231	PC	5.10894231547863
5404	233	PC	3.13732318251259
5404	305	PC	1714.16713174593
5404	418	PC	96.7270137560676
5404	1526	PC	3.63181629234266
5404	1721	PC	1.40876529020783
5501	101	PC	872.375137140733
5501	211	PC	7333.54289868722
5501	304	PC	47.9687346595668
5501	305	PC	638.676341610008
5501	306	PC	90.2237879021112
5501	307	PC	100.941090263092
5501	309	PC	55.8310406249531
5501	501	PC	1.82518836117226
5501	709	PC	45.5304291952217
5501	1002	PC	3.82554496457238
5501	1072	PC	8.43622916502638
5501	1504	PC	41.598579848181
5501	1674	PC	3.31317954263296
5605	106	PC	299.332990722354
5605	219	PC	1459.79596057748
5605	220	PC	14.0212517658873
5605	231	PC	32.4361071007166
5605	301	PC	2.12280416752514
5605	302	PC	2725.17520936301
5605	304	PC	3.76239835078305
5605	305	PC	4.85423159767695
5605	308	PC	9.12934893940004
5605	309	PC	37.9633370845678
5605	502	PC	60.3802350548686
5605	602	PC	4.40809625412109
5605	604	PC	4.38847764637051
5605	626	PC	4.60574178147905
5605	627	PC	35.2359192049695
5605	704	PC	1.64537237272482
5605	720	PC	44.5973532448659
5605	806	PC	1.83535399116009
5605	926	PC	47.5699953331995
5605	1074	PC	2.48914205285426
5605	1121	PC	6.34570353702213
5605	1124	PC	339.381196306963
5605	1130	PC	1011.32487271406
5605	1172	PC	12.940927944662
5605	1173	PC	13.0512063228492
5605	1273	PC	52.870344780896
5605	1277	PC	2.06573428863355
5605	1535	PC	11.935460643
5605	1721	PC	2.99343989707654
5700	135	PC	24.3659878724683
5700	211	PC	222.313250262357
5700	220	PC	287.445398181083
5700	301	PC	90.3123149221296
5700	305	PC	769.572762271834
5700	306	PC	30.7963370889095
5700	307	PC	46.4250447479955
5700	309	PC	45.4069840177837
5700	521	PC	21.6253419793682
5700	602	PC	362.422875386815
5700	624	PC	2.26881685611232
5700	626	PC	14.7777096380043
5700	706	PC	5.66149516217901
5700	1172	PC	2.98231092314924
5700	1551	PC	41.6753722977173
5700	1804	PC	1.43834175750584
5710	105	PC	8283.44313212593
5710	106	PC	20861.4537768994
5710	219	PC	52.7244265445172
5710	305	PC	405.01296089721
5710	306	PC	6.84608954809151
5710	309	PC	675.350503965557
5710	612	PC	4.55997717367473
5710	904	PC	2.06121221625904
5710	1121	PC	15.7554753533492
5710	1273	PC	761.83108516982
5710	1277	PC	1167.3266681998
5710	1677	PC	27468.467194789
5710	1804	PC	2.45450811861064
5720	301	PC	25.7300095057717
5720	302	PC	3.81772773829456
5720	709	PC	350.695532523707
5720	806	PC	121.004188942115
5720	1149	PC	37.453578526615
5720	1227	PC	588.730448013325
5720	1246	PC	135.525389110347
5720	1277	PC	396.033128181249
5720	1504	PC	526.519322791499
5730	304	PC	2.21317550046062
5730	1017	PC	84.9365569143839
5730	1120	PC	10.6124501001324
5730	1515	PC	1.21893601234811
5740	306	PC	2.30539114631314
5740	602	PC	4.09380785574683
5750	128	PC	6.72139407362868
5750	305	PC	17.343918671943
5750	403	PC	2.4143587803561
5750	628	PC	1.8928897519986
5760	230	PC	4.24104151653854
5760	502	PC	95.0626664602806
5760	627	PC	500.721696639576
5760	1620	PC	271.355759559353
5770	106	PC	51.8047561715004
5770	136	PC	2.35209171837401
5770	213	PC	12.3350993132976
5770	220	PC	10.6133086283452
5770	301	PC	32.7365542776466
5770	402	PC	1.02379817137167
5770	806	PC	8.12722735088487
5790	301	PC	257.065867317252
5790	302	PC	12.777399889326
5790	306	PC	466.236772491619
5790	901	PC	37.1357421586058
5790	904	PC	31.3304256871373
5790	1172	PC	81.8569231248309
5790	1173	PC	40.476959506794
5790	2012	PC	56.8583520785353
5800	101	PC	2.23413078099325
5800	136	PC	3.07547904244116
5800	211	PC	72.98852377321
5800	214	PC	17.7142329424035
5800	219	PC	1.47628394324648
5800	227	PC	7.12583142420287
5800	233	PC	7.36247233338485
5800	235	PC	3.60280896615408
5800	302	PC	279.819155774904
5800	306	PC	61.0246257993674
5800	415	PC	9.27337517503267
5800	602	PC	43.9761997417528
5800	626	PC	10.3571904737738
5800	716	PC	12.5050531676123
5800	904	PC	2.06121221625904
5800	1101	PC	6.34567406880981
5800	1219	PC	2.30206371939541
5800	1221	PC	1.03309729667533
5800	1273	PC	8.0212022909707
5800	1275	PC	7.32529889586366
5800	1503	PC	10.4872312402101
5800	1504	PC	188.777697125327
5800	1514	PC	6.5622644867134
5800	1525	PC	1.02544003055743
5800	1620	PC	17.0177378099257
5800	1648	PC	49.6659566271338
5800	1653	PC	10.226078246285
5800	1657	PC	1.35031663016651
5800	1804	PC	8.70532212733907
5800	1818	PC	5.56651695057536
5800	1820	PC	4.18274566430024
5800	1833	PC	41.8306493676868
5800	1871	PC	6.04517350888634
5800	2004	PC	.92101982736584
5810	216	PC	7.07450211264096
5810	217	PC	3.47703730734765
5810	220	PC	14.4107309816064
5810	231	PC	165.756795124418
5810	305	PC	17.7054040036849
5810	502	PC	6.19350908931914
5810	627	PC	2.28150030142834
5810	906	PC	1.65224527081104
5810	1071	PC	1.44597463651285
5810	1271	PC	1.57677058733465
5810	1438	PC	2.69852432664693
5810	1504	PC	7.66365768547171
5810	1515	PC	1.28987937814615
5810	1662	PC	15.1772390570248
5810	1671	PC	9.50589875223511
5810	1672	PC	4.6995454505432
5810	1677	PC	66.190961513878
5810	1833	PC	10.4350957664387
5810	1870	PC	15.8304614017071
5810	1871	PC	9.30829339442731
5820	119	PC	12.4756677050374
5820	124	PC	1.83682582708331
5820	217	PC	7.19960572295902
5820	219	PC	3.18666434035062
5820	220	PC	1.14896368637132
5820	301	PC	2.76646937557577
5820	302	PC	1.16745007649298
5820	304	PC	1.24675553192615
5820	305	PC	674.778766961272
5820	306	PC	1.57873185699524
5820	309	PC	1.14347400857132
5820	502	PC	200.545915774262
5820	602	PC	31.785033355584
5820	627	PC	33.9695899383569
5820	704	PC	38.4882426368379
5820	709	PC	3.13625703707574
5820	906	PC	3.67165615735786
5820	919	PC	1.20428115933112
5820	1173	PC	4.31524088558571
5820	1272	PC	5.96279330123302
5820	1277	PC	3.29638450313865
5820	1502	PC	2.43333905589181
5820	1514	PC	1.17183294405596
5820	1535	PC	5.77522289177417
5820	1657	PC	2.05111386860735
5820	1818	PC	1.11408520429352
5820	1865	PC	10.0477257223201
5820	1920	PC	12.504377343524
5820	1971	PC	10.7391197167033
5820	1972	PC	1.65689275629137
5820	2004	PC	2.84775096047599
5820	2019	PC	2.43628103435448
5831	806	PC	290.434453084028
5831	1216	PC	1005.36716894806
5831	1648	PC	217.964816042075
5831	1867	PC	4.19615052516716
5840	101	PC	4.35692007698602
5840	105	PC	2.31467300636902
5840	106	PC	3.7301755803218
5840	213	PC	1.89651668136675
5840	214	PC	37.3367439300781
5840	215	PC	2.29663702301655
5840	219	PC	6.61164308868246
5840	220	PC	9945.90483387333
5840	221	PC	8.9101811897563
5840	226	PC	6.35219960234664
5840	228	PC	1.34292441389718
5840	231	PC	2.94615673525935
5840	235	PC	14.4928995345158
5840	302	PC	2.94721204144672
5840	304	PC	7.00838908479195
5840	305	PC	15.3170187761045
5840	307	PC	15.4922285032243
5840	308	PC	16.8754631910122
5840	310	PC	1.96234894374175
5840	312	PC	44.2635100092123
5840	402	PC	60.3675822207161
5840	502	PC	44.9658210969077
5840	536	PC	5.95947584341525
5840	602	PC	3230.36575649628
5840	612	PC	1.13319512268259
5840	619	PC	9.93707966686715
5840	623	PC	105.662651450537
5840	624	PC	3.38280593246347
5840	626	PC	9.1599267519714
5840	706	PC	5.32180545244827
5840	805	PC	1.81553239086352
5840	806	PC	4.61798746162862
5840	906	PC	30.9136759103362
5840	911	PC	1.01533054260948
5840	937	PC	4.12311116839218
5840	1004	PC	6.43979213106741
5840	1037	PC	1.33973823305059
5840	1102	PC	3.28555409628159
5840	1149	PC	4.08094191625997
5840	1172	PC	19.0989365121293
5840	1173	PC	1.83797296978651
5840	1244	PC	5.21217078096931
5840	1247	PC	1.365152049837
5840	1273	PC	5.27238388029787
5840	1277	PC	6.4096365338807
5840	1401	PC	22.814730750403
5840	1503	PC	1.93702116205633
5840	1515	PC	1.26891883825127
5840	1545	PC	4.16184121080122
5840	1551	PC	1.31206786513576
5840	1674	PC	2.0934338825147
5840	1820	PC	2.3990848625833
5840	1833	PC	45.4132877650533
5840	1853	PC	.95196773501126
5841	105	PC	115.926539735648
5841	220	PC	10374.4118144036
5841	238	PC	58.1132414002511
5841	301	PC	1.51971384364962
5841	302	PC	2.42896011175553
5841	305	PC	8.85270200184246
5841	308	PC	3.3990687061241
5841	919	PC	2.2520057679492
5841	937	PC	1.99009900903931
5841	1149	PC	39.1914245702499
5841	1274	PC	4.16992639647039
5841	1449	PC	3.7729078077345
5841	1502	PC	1.38506144515538
5842	304	PC	15.0588149677174
5842	626	PC	4.12454487893647
5842	706	PC	12.2854445019285
5842	709	PC	21.406777683296
5842	805	PC	80.0960087829497
5842	806	PC	5.71058822469459
5842	1243	PC	3.71090557218845
5842	1504	PC	2.81555333088236
5842	1653	PC	1.69838712132356
5842	1751	PC	4.81900550045032
5842	1865	PC	12.4759261052141
5842	1924	PC	4.19273646284043
5860	231	PC	38.8960808285107
5860	304	PC	300.117663739962
5860	521	PC	45.2091797454446
5860	1516	PC	5.76484552696226
5870	627	PC	576.801564658799
5880	106	PC	25.3418803488112
5880	220	PC	219.356641689071
5880	231	PC	24.5096777082944
5880	301	PC	11.7021654586855
5880	302	PC	25.1269191818962
5880	305	PC	266.34644991585
5880	306	PC	311.869625647408
5880	307	PC	86.1349461650102
5880	308	PC	6.95859263603159
5880	309	PC	428.944765308857
5880	418	PC	31.9456318405268
5880	425	PC	5.87607795970291
5880	502	PC	25.5606104872516
5880	602	PC	2398.13974801348
5880	612	PC	1319.67371207123
5880	621	PC	4.88012772951304
5880	626	PC	1136.29874756637
5880	627	PC	116.238839837668
5880	704	PC	3.18490207819834
5880	706	PC	81.0537390718629
5880	709	PC	132.422983174761
5880	805	PC	85.5271765017935
5880	806	PC	2086.07626380001
5880	1072	PC	3.30508488345793
5880	1074	PC	34.5216116077181
5880	1121	PC	108.05826594472
5880	1127	PC	385.672827232138
5880	1149	PC	4.98282408718086
5880	1172	PC	233.529649066343
5880	1173	PC	38.0156739646451
5880	1272	PC	95.0494158232789
5880	1273	PC	16.3171032905363
5880	1274	PC	28.6419186828269
5880	1277	PC	25.1807149545313
5880	1503	PC	28.7213054484135
5880	1504	PC	1.46654704646474
5880	1551	PC	17.1292843766042
5880	1634	PC	79.7796278135774
5880	1671	PC	1.93749441983758
5880	1674	PC	15.6323970941251
5880	1721	PC	14.9075692085485
5880	1804	PC	.945803795037967
5880	1841	PC	111.199572381392
5910	220	PC	15.7739082366232
5910	226	PC	6.11858626489795
5910	230	PC	44.3403884870964
5920	1216	PC	30.1081236796843
6000	101	PC	44.5365940001922
6010	1277	PC	79.7541917287155
6020	104	PC	4220.23973672297
6020	105	PC	75260.7903821132
6020	106	PC	66883.6684501875
6020	124	PC	3533.37510257809
6020	125	PC	1178.39082196128
6020	211	PC	144.358738294486
6020	213	PC	610.910597932507
6020	217	PC	14.9298754541009
6020	219	PC	17106.8451159645
6020	220	PC	2607.20502836086
6020	221	PC	142.82245648815
6020	228	PC	15.2891944522194
6020	231	PC	1629.43849329532
6020	236	PC	897.973905071235
6020	238	PC	32.6242111082203
6020	301	PC	1956.18340566005
6020	302	PC	48.7488790234792
6020	305	PC	821.846123279797
6020	306	PC	5004.08386650022
6020	307	PC	15.3446834698603
6020	309	PC	42598.5639005967
6020	311	PC	7.77931188411907
6020	502	PC	186.254961377913
6020	521	PC	1408.99100195331
6020	602	PC	1.96470542368322
6020	605	PC	97.6758179402921
6020	612	PC	2481.36491477221
6020	626	PC	7956.22415733023
6020	706	PC	14625.9934115657
6020	709	PC	6042.09035218912
6020	720	PC	374.944219882626
6020	722	PC	72.957890715203
6020	723	PC	2.24758793903971
6020	805	PC	68.5924938228985
6020	806	PC	303.443399115212
6020	906	PC	5.92805575951597
6020	1002	PC	85.0121103238307
6020	1018	PC	78.243995976591
6020	1072	PC	2959.22427582848
6020	1073	PC	50.1959766675175
6020	1074	PC	8446.29934553067
6020	1102	PC	188.747387541743
6020	1106	PC	917.719387190142
6020	1119	PC	1.62938297167542
6020	1121	PC	24.2949792560276
6020	1124	PC	42.922856898599
6020	1127	PC	13.9523138419274
6020	1146	PC	33.249297766394
6020	1149	PC	661.040679563343
6020	1172	PC	209.369094819159
6020	1173	PC	1123.79580850998
6020	1216	PC	37.5496201573335
6020	1221	PC	67.4592009617138
6020	1244	PC	32.8863156418302
6020	1245	PC	188.468780958394
6020	1246	PC	.896065252473448
6020	1271	PC	47.6144428231138
6020	1272	PC	456.23426583218
6020	1273	PC	9220.76943093592
6020	1275	PC	340.886446768463
6020	1277	PC	34322.437085082
6020	1432	PC	962.538250560583
6020	1502	PC	6.41709738555011
6020	1503	PC	30.4211656861411
6020	1504	PC	509.956925259352
6020	1516	PC	1.06277670402393
6020	1520	PC	640.800800411054
6020	1551	PC	1650.81094206955
6020	1671	PC	27.1719173322316
6020	1674	PC	1914.85115539406
6020	1675	PC	111.667608375975
6020	1677	PC	72721.2576178208
6020	1804	PC	78.6424401202849
6020	1805	PC	580.071194254624
6020	1901	PC	34.3202123934533
6020	1931	PC	183.29044765857
6030	309	PC	136.866461574319
6030	1504	PC	1.42314738047811
6030	1671	PC	3.14869545186394
6040	106	PC	35.3026148281393
6040	309	PC	130.592109030513
6040	521	PC	90.1846365616395
6040	706	PC	47.4206834784114
6040	1274	PC	97.1334633591521
6040	1277	PC	185.439941548789
