50	219	PC	2.95667839545805
50	226	PC	19.9099707305014
50	301	PC	20.3985506781047
50	2004	PC	2.17088822264361
51	301	PC	23.6471951535632
52	216	PC	1.27225266065832
52	219	PC	4.77938366512866
52	220	PC	2.40895596090888
52	235	PC	9.76916443591632
52	301	PC	133.4495430317
52	420	PC	2.53495262441568
52	427	PC	1.59634608948913
52	536	PC	1.09635791142988
52	543	PC	1.51920443535084
52	612	PC	2.93922210932181
52	623	PC	1.80439834974832
52	626	PC	1.35004048033616
52	628	PC	3.72267321709076
52	706	PC	48.3107010739306
52	709	PC	1.74173412936081
52	1101	PC	1.53799336781104
52	1121	PC	1.24625809179319
52	1175	PC	1.25844240545256
52	1274	PC	1.50703153480266
52	1275	PC	1.13027365110199
52	1416	PC	1.98939662936928
52	1529	PC	4.07530062532771
52	1721	PC	9.21015185472502
56	301	PC	8.18401452885271
56	806	PC	.894836409887524
57	301	PC	2.47777968467171
57	2012	PC	.964864185644145
58	106	PC	1.44890581893919
58	301	PC	49.0251653016786
58	513	PC	3.14648307761341
58	706	PC	8.83292668889029
58	1529	PC	6.11295093799156
58	1832	PC	4.47236104865572
59	1529	PC	1.3584335417759
60	101	PC	1.16139055916759
60	301	PC	7.08461450580208
62	211	PC	5.06545824530067
101	58	PC	1.80479031436719
101	60	PC	1.24947021763882
101	105	PC	1122.40974556373
101	128	PC	1461.87882198799
101	4003	PC	3.28189666307082
101	4004	PC	3.87860514726552
104	211	PC	3.47434261126635
104	219	WC	1.39826250659755
104	704	PC	.993333388876566
104	1274	WC	2.36490690410685
105	52	PC	2.82385903508068
105	101	PC	.561914129101886
105	105	PC	278.166918756758
105	128	PC	1467.59304495066
105	211	PC	834.626589366803
105	402	PC	1.21237964789354
105	412	PC	1.34221080650428
105	605	PC	4.16411782242271
105	709	PC	.945744821444085
106	52	PC	3.52982379385085
106	101	PC	22.8136904581353
106	104	PC	48.3969836257333
106	105	PC	310.201287055441
106	106	PC	111.823404317359
106	106	WC	1.61120056864766
106	123	WC	.543096351163646
106	127	PC	.804416710777627
106	128	PC	16.6033421248484
106	128	WC	.696772388559875
106	136	PC	27.8321301953519
106	211	PC	33.0301053228457
106	213	PC	2.04866528057268
106	213	WC	2.23475786634817
106	214	PC	54.7840946619292
106	219	PC	2.60395947696184
106	219	WC	2.19055944418698
106	220	WC	11.1694805942202
106	230	PC	236.311561306663
106	231	PC	70.2206403955292
106	235	WC	1.4917028899684
106	237	PC	1.21962818236653
106	239	WC	3.08540458567221
106	301	WC	1.1480893298478
106	304	WC	1.99816398258616
106	305	PC	38.3889316238788
106	306	PC	152.513977922035
106	309	PC	23.275271981347
106	312	PC	18.1142440321929
106	427	PC	31.6698402501596
106	437	PC	6.33214837479611
106	534	PC	2.93586219265158
106	534	WC	1.7773131292073
106	602	WC	.470124229230673
106	605	PC	52.447650468882
106	605	WC	13.6983347732339
106	612	PC	1.61762872446735
106	617	WC	3.856121993255
106	626	PC	47.0009729391785
106	701	PC	36.7850788828489
106	706	PC	.687009839403958
106	720	WC	1.75374486944006
106	805	PC	5.57697898522193
106	806	PC	.690022686419955
106	814	WC	.396197830077892
106	822	PC	3.04603506433594
106	901	PC	2.66271205869327
106	901	WC	1.48961364547013
106	906	PC	87.1238578121336
106	906	WC	1.60989960082969
106	1004	WC	2.77261155050095
106	1072	PC	37.3014112305978
106	1074	PC	19.3259359162132
106	1106	PC	38.942247620291
106	1149	PC	19.6617897744526
106	1149	WC	.523718251068121
106	1172	WC	1.49966261766765
106	1173	PC	60.9517171140543
106	1173	WC	.790200233822586
106	1216	PC	5.75942698128895
106	1221	PC	29.0884564425949
106	1221	WC	2.31877365293545
106	1224	PC	2.79374986372519
106	1235	PC	39.7238329763221
106	1243	PC	20.0827542600714
106	1271	PC	22.6231100369225
106	1276	WC	1.86529279266554
106	1424	PC	.866559463309148
106	1432	WC	8.81574813644569
106	1502	PC	41.0105872387824
106	1503	PC	27.7115658619233
106	1504	PC	47.2312107535387
106	1504	WC	3.78641375828398
106	1516	WC	2.69995029956282
106	1624	WC	2.9553137785504
106	1634	PC	5.52832719706496
106	1635	PC	2.80738826438445
106	1653	PC	.643727719671948
106	1671	PC	189.114103832168
106	1671	WC	3.48499171666615
106	1677	PC	109.576856768373
106	1702	PC	110.073526055042
106	1719	PC	4.89838377949374
106	1719	WC	.595270150174055
106	1805	PC	47.0269648990194
106	1820	WC	4.51289633516067
106	1825	PC	4.95096057259107
106	1833	WC	1.79794463991852
106	1860	PC	1.0315332351265
106	1870	WC	1.36581442130389
106	1901	PC	3.6607054315727
106	1942	PC	4.58732324003358
106	1972	PC	129.379338055665
106	1973	PC	132.136971692864
106	2004	WC	1.47654635191313
106	2012	PC	3.87432347492711
111	105	PC	27.0272725459281
118	105	PC	61.8473231151968
119	60	PC	1.62479017925541
119	105	PC	1149.87017654614
119	128	PC	3987.34785326509
119	211	PC	6.3698564309475
121	231	PC	3.42209568240257
122	128	PC	1434.63935428655
122	211	PC	470.663415918577
122	231	PC	154.824332236501
122	605	PC	1.56091067579938
123	128	PC	642.775016814869
123	211	PC	3.96833015087733
123	231	PC	276.235196092506
123	301	PC	104.724480002519
124	105	PC	9.94994344634637
124	211	PC	76.5995700892138
125	58	PC	1.47246609995021
125	101	PC	.518748626778564
125	105	PC	170.618228398999
125	128	PC	2590.28300322056
125	211	PC	637.424561811579
125	605	PC	4.79497728947809
125	4001	PC	2.03098772406927
127	105	PC	1035.7940918244
127	128	PC	351.914020864829
127	4005	PC	1.62479017925541
128	105	PC	3075.39451020025
128	128	PC	5479.1900771679
128	412	PC	3.14491415034647
128	605	PC	7.04527680871166
128	5302	PC	2.11789427631051
135	105	PC	87.276212852614
135	128	PC	1552.07620834886
135	4001	PC	1.22344482548691
136	101	PC	2.59557147858116
136	105	PC	146.80861197221
136	128	PC	634.219505164809
136	211	PC	6.05224106868714
136	221	PC	1.70281383101487
136	237	PC	2.82449962630854
136	605	PC	7.25219642389085
136	4001	PC	1.22344482548691
137	58	PC	.859626725890565
137	101	PC	3.06832004911083
137	105	PC	55.2258864185676
137	128	PC	1033.53732678534
137	211	PC	520.249390459786
137	412	PC	1.34889147750623
137	540	PC	1.43238280960859
137	605	PC	9.77469952785289
138	101	PC	.421483259257583
138	211	PC	18.8686495281401
138	237	PC	2.02095376465493
138	301	PC	42.331345146761
138	605	PC	3.07972937831877
211	52	PC	2.04864732943032
211	211	PC	30.9503214759683
211	301	PC	18.1217390378576
213	101	PC	.687890111793187
213	211	PC	30.5113084344616
213	301	PC	21.9223762237001
214	101	PC	.891746597477884
214	211	PC	219.089938320171
214	301	PC	41.8711847293663
214	714	PC	2.78468078833407
215	58	PC	3.07297099414548
216	301	PC	8.74991516845077
219	50	PC	9.06955622919814
219	52	PC	9.77496615813577
219	58	PC	2.51932117477726
219	106	WC	.763862443727919
219	213	WC	2.61294816443926
219	235	WC	2.33867499724264
219	237	WC	1.30282145718561
219	301	PC	68.4374354180853
219	501	WC	.9742655552609
219	605	WC	3.81934228489338
219	714	PC	2.64172859630781
219	720	WC	5.21259409220889
219	806	WC	3.16835696163402
219	814	WC	1.59092595935273
219	1173	WC	1.20153356808286
219	1221	WC	2.65081320157012
219	1273	WC	.547791397186814
219	1432	WC	2.91039578267542
219	1443	WC	2.12040740217719
219	1503	WC	2.93629536099917
219	1504	WC	6.51121678080073
219	1638	WC	3.19810963550874
219	1671	WC	1.69682053146878
219	1820	WC	3.77869451752484
219	1833	WC	1.85043371680203
219	1870	WC	7.94109641273143
219	1971	WC	1.63743064105854
219	2004	WC	6.18632024833351
219	4001	PC	4.03091387964362
220	231	PC	1.54324767597901
220	301	PC	42.1336573071479
220	1102	PC	.48358658759679
220	1271	PC	.568584088939789
220	1277	PC	.546956349325249
220	1566	PC	.93446324502404
221	128	PC	325.76185595351
221	231	PC	110.500373703478
221	301	PC	144.482305038006
226	128	PC	314.685060908777
226	231	PC	428.177419686195
227	231	PC	84.2066134194271
227	235	PC	1.22859075626637
228	231	PC	25.1902006706992
229	101	PC	2.41281483013548
229	231	PC	166.248751905083
229	237	PC	3.09398796099973
229	605	PC	1.28510443694192
230	128	PC	295.103780367815
230	231	PC	294.314719445471
231	52	PC	1.71550892205274
231	231	PC	330.792406691844
233	50	PC	2.06687821934065
233	128	PC	126.284491441891
233	231	PC	201.355075787769
233	237	PC	.811277048899672
233	605	PC	1.98708345018477
234	56	PC	1.24012693160439
234	128	PC	292.156138889492
234	231	PC	888.027839910401
235	128	PC	350.633643420182
235	231	PC	539.764386062479
235	605	PC	4.47961184804108
236	101	PC	5.24366914119838
236	128	PC	1208.19510971769
236	221	PC	1.26546790546439
236	231	PC	2036.87453590155
236	235	PC	1.55706218294871
236	605	PC	1.57481006145484
237	231	PC	915.362951774751
238	231	PC	293.58531588218
238	417	PC	28.9581396737179
238	427	PC	121.852302870838
239	101	PC	9.375552901839
239	105	PC	1.84943182573804
239	231	PC	73.6998595647748
239	235	PC	4.20375511977116
239	237	PC	6.01457303388053
239	301	PC	89.0484873820397
239	417	PC	29.0974976442127
239	605	PC	8.60008240136853
301	52	PC	18.6993864327688
301	56	PC	2.15762151147332
301	58	PC	6.98658394191362
301	60	PC	6.0824377847248
301	231	PC	20.9169479719272
301	301	PC	14.8257739212371
301	417	PC	24.440649025996
301	4001	PC	4.31524302294665
301	4004	PC	2.0548776299746
301	4005	PC	1.23292657798476
301	5101	PC	3.69877973395428
301	5605	PC	3.0823164449619
301	5770	PC	260.124904300853
302	605	PC	.664873053623217
306	620	PC	1.40473726982057
306	4001	PC	3.0823164449619
306	5605	PC	2.67134091896698
307	412	PC	1.09516329630425
307	605	PC	.8128542034892
308	427	PC	.497625265853311
309	1677	PC	4.32502238488046
402	231	PC	145.713953051311
402	301	PC	372.214801927858
402	417	PC	9.52494776716852
403	60	PC	56.3662465982551
403	231	PC	2542.61359779979
403	412	PC	26.1383974853805
403	417	PC	49.8593996868963
403	427	PC	234.32117791394
403	532	WC	1.29530855678955
403	3001	PC	14.0915616495638
403	5101	PC	5.69658875195132
403	5403	PC	19.8880905550581
403	5820	PC	12.5924593464187
403	5831	PC	46.566115141828
403	5835	PC	53.368041991965
412	417	PC	8524.2406647842
412	427	PC	5331.41861187108
415	417	PC	1568.31058706162
415	427	PC	1096.18321635074
417	58	PC	1.99880307086011
417	417	PC	2933.36415615661
417	427	PC	1203.36081039436
417	5605	PC	.89194642212016
418	231	PC	10.2838344573695
418	417	PC	79.3006551401723
419	231	PC	32.7610307069001
419	417	PC	647.878440249554
419	427	PC	32.4096029948794
420	60	PC	1.96750892115261
420	231	PC	265.905098611787
420	417	PC	5.42068964480329
423	231	PC	579.373413213625
423	417	PC	34.9385677385604
423	427	PC	229.268315050371
425	417	PC	412.809064463226
425	427	PC	1127.94758798924
426	417	PC	724.935138870904
426	427	PC	922.40999122969
427	52	PC	1.78918271524273
427	417	PC	781.135363665989
427	427	PC	729.762787938939
428	417	PC	253.437044804987
428	427	PC	85.6770476694501
429	417	PC	134.946615718857
429	427	PC	71.5856904266425
430	417	PC	243.832586695884
430	1640	PC	67.6909600753267
432	417	PC	33.0788095996172
432	427	PC	130.942530312007
432	1640	PC	171.769720129434
434	1640	PC	97.1452272344802
436	521	PC	2.18122200102056
436	1640	PC	308.404397598618
436	1648	PC	516.266347308532
437	1640	PC	667.223114629615
437	1648	PC	30.5592883600261
437	3001	PC	1.16288156281488
438	417	PC	251.048662301539
438	1640	PC	372.777042056057
438	1648	PC	326.717488494112
439	517	PC	132.2782300108
439	1640	PC	173.641406802626
439	1648	PC	203.90876730085
441	521	PC	97.2768673736819
441	1640	PC	265.97315071803
501	215	PC	1.48454138457742
501	412	PC	126.69814951609
501	521	PC	237.039810453316
501	1653	PC	348.476842905029
502	427	PC	112.26944914086
502	521	PC	876.731146402913
502	1653	PC	600.193096764227
511	517	PC	259.020121149924
511	1525	PC	99.94332048545
512	517	PC	417.272860068096
512	521	PC	12.2107574405938
512	1449	PC	168.149927652439
513	517	PC	766.043979664034
513	1449	PC	43.2858577342305
514	517	PC	192.201706135341
514	521	PC	179.033291978067
515	517	PC	257.144838437054
515	521	PC	165.671835877127
516	517	PC	268.237983752847
516	521	PC	166.805576774711
517	517	PC	188.116344825875
517	521	PC	79.3166142027169
519	517	PC	482.782117562803
519	521	PC	205.113517000127
520	517	PC	498.124676425321
520	521	PC	596.901254758808
521	517	PC	1143.14250123285
521	521	PC	408.728186631842
522	412	PC	232.535358517683
522	427	PC	87.7128538571587
522	517	PC	1822.88218074052
522	521	PC	766.471211764476
528	412	PC	150.443133211447
528	427	PC	168.882123090754
528	517	PC	1955.93643749539
528	521	PC	806.843364942436
528	4001	PC	1.58968750315691
529	301	PC	72.1869084666479
529	427	PC	95.8479673022629
529	517	PC	1016.09603015011
529	521	PC	740.577670176425
532	231	PC	24.1322072658144
532	301	PC	110.350611736074
532	521	PC	168.239231892608
533	101	PC	2.83226129131563
533	105	PC	1.29392575750894
533	231	PC	214.364754399474
533	427	PC	99.9635337756232
533	521	PC	113.15216820579
533	534	PC	.98072470556091
533	605	PC	1.98264663320863
533	5403	PC	.89194642212016
534	52	PC	3.12841076102526
534	55	PC	3.83482609416
534	231	PC	804.099239655305
534	412	PC	172.812138114765
534	427	PC	1.95286611297422
534	521	PC	1930.77467694161
534	522	PC	2.96711230450373
534	536	PC	1.34371859878562
534	540	PC	1.04287028181779
534	605	PC	6.62392135277611
536	427	PC	2.85542265224078
536	502	PC	1.01092509403218
536	521	PC	193.974790612333
536	536	PC	.775461707688398
536	538	PC	.634152542641736
536	540	PC	7.46913207199949
536	605	PC	5.09625149383593
536	617	PC	36.2886772060646
538	52	PC	2.38453125473536
538	427	PC	.632829337318464
538	521	PC	11.9172217723922
538	522	PC	.538575512305584
538	617	PC	489.937818979677
538	3001	PC	10.2832910360462
540	301	PC	71.2504644695376
540	412	PC	6.66441288815963
540	540	PC	3.33115298536999
540	605	PC	2.93976673225155
540	617	PC	191.327242972046
541	427	PC	3.8392079876964
541	540	PC	2.81073043142667
541	617	PC	158.575467437357
542	231	PC	54.9291483338775
542	427	PC	8.50414861096981
542	540	PC	4.95298706511579
542	605	PC	.866018238782177
542	617	PC	403.886290121786
543	427	PC	5.3672621312506
543	540	PC	3.74390190746298
543	617	PC	234.665905941657
544	231	PC	1.49524392204685
544	427	PC	1.76365720533569
544	540	PC	1.29208358220412
544	617	PC	330.445628774826
545	301	PC	206.945963671168
545	617	PC	171.204319897932
602	60	PC	2.05130225035536
602	128	PC	42.5857415226616
602	301	PC	41.6974560422734
602	521	PC	184.886464656658
602	704	PC	9.89783719596781
602	4001	PC	1.53847668776652
604	301	PC	70.8795328616813
604	605	PC	1.21808956158931
604	617	PC	125.277920983276
604	631	PC	1.05932097632097
604	704	PC	183.417366022375
604	817	PC	227.584966438346
605	128	PC	165.286707608188
605	301	PC	213.504913039557
605	412	PC	2.89269302759999
605	605	PC	5.57197950441777
605	617	PC	81.696722282696
612	60	PC	1.6222711611707
612	301	PC	30.2004892171031
612	412	PC	1.50039482747141
612	540	PC	2.27445809933772
612	617	PC	33.1370924853826
615	617	PC	26.1614209766622
616	427	PC	129.596638114933
616	540	PC	2.01526131804428
616	605	PC	3.73712205706637
616	617	PC	217.821803741348
617	605	PC	2.72197380031261
617	617	PC	212.5617498773
617	3001	PC	4.26213888954465
618	605	PC	4.92777052091993
618	617	PC	241.34786077588
619	540	PC	3.45263838622725
619	605	PC	9.81424687546343
619	617	PC	490.36147576174
620	301	PC	393.144818251638
620	605	PC	11.2561015181069
620	617	PC	45.5278811987935
621	301	PC	216.861420096113
621	412	PC	1.35540701238531
621	605	PC	.865535871661002
621	617	PC	47.4866658745479
621	624	PC	1.68799718801051
621	631	PC	.474183395498527
621	704	PC	119.785924086278
621	817	PC	103.160812052548
622	301	PC	15.4150571800814
622	605	PC	2.16412347076183
622	617	PC	24.0113866338839
623	58	PC	3.48721382560412
623	301	PC	369.140137876869
623	605	PC	1.8572957246059
623	624	PC	1.30263448592451
624	301	PC	220.087517348587
624	617	PC	208.003404399892
624	817	PC	57.4886628636808
625	301	PC	2.23988001324671
625	617	PC	24.4808742285709
626	58	PC	1.43591157524875
626	128	PC	107.478924898034
626	301	PC	216.896246690877
626	617	PC	5.69407107371375
626	4001	PC	4.10260450071073
627	211	PC	6.28459032127787
627	301	PC	32.9518261708794
627	617	PC	166.987638367814
628	52	PC	2.05130225035536
628	301	PC	37.2715542089327
628	605	PC	1.08885522316328
628	617	PC	9.67364023545346
628	631	PC	1.29867643430074
628	704	PC	50.4057845849505
631	301	PC	15.1192418681532
631	412	PC	1.61282958609526
631	605	PC	2.45203966434514
631	617	PC	6.73770467832131
631	631	PC	1.82677491857564
632	412	PC	1.38874357413321
632	617	PC	69.273885578205
632	631	PC	.806543277174267
632	704	PC	61.449393194557
633	301	PC	5.16534222914227
633	605	PC	1.44330924615399
633	617	PC	86.8010674173328
633	704	PC	132.732665533484
701	105	PC	.577724581803272
701	128	PC	186.322364335486
701	301	PC	123.432326473684
701	617	PC	43.7772026048117
701	704	PC	6.43835918203288
701	714	PC	.867541637845135
701	4001	PC	1.63523019000675
702	52	PC	3.03697452925757
702	128	PC	189.482435623346
702	301	PC	675.818579207007
702	605	PC	3.09240176022737
702	704	PC	40.0037002351438
702	4005	PC	.89194642212016
704	128	PC	1121.79390121297
704	301	PC	1016.04240399116
704	605	PC	1.04629852870859
704	704	PC	45.5407789910826
706	301	PC	840.250680111002
706	402	PC	4.14553304903715
706	412	PC	1.3577794753288
706	425	PC	7.35597039280638
706	430	PC	8.39792096012124
706	436	PC	2.02437644345282
706	438	PC	7.25648720533027
706	502	PC	9.42456322041915
706	704	PC	87.7195814618057
706	817	PC	49.7042073000268
706	937	PC	11.0613227906304
706	941	PC	4.11048912301046
706	1002	PC	1.30696495065143
706	1021	PC	1.19798330008302
706	1037	PC	1.01642073016284
706	1620	PC	5.67709554913547
706	1648	PC	.875435507127149
706	1717	PC	4.83378753553088
706	1721	PC	1.03150016018492
706	2004	PC	4.54393034600278
706	2012	PC	2.19580600698239
706	5102	PC	1.98911735826805
709	211	PC	594.554276769195
709	704	PC	176.457363249258
709	817	PC	369.465828509943
711	704	PC	5.81790488384736
713	128	PC	391.716854268748
713	704	PC	218.838011397059
714	617	PC	285.034300186515
714	704	PC	16.7219120643824
716	101	PC	3.47913729943027
716	105	PC	2.69907750965517
716	128	PC	461.112452943863
716	605	PC	2.44366684115823
716	617	PC	6499.7622732403
716	704	PC	456.45289877971
716	709	PC	1.03357124266209
716	714	PC	4.29957449085885
716	4004	PC	2.04403773750844
719	128	PC	1846.37749217889
719	605	PC	5.50652933133792
719	704	PC	962.745441578768
719	714	PC	1.2095871095894
720	106	PC	3.77838566231159
720	128	PC	2888.75229123563
720	427	PC	1.58016775388167
720	605	PC	1.64451848321937
720	704	PC	2126.94545175083
720	1275	PC	.700305676039885
722	311	PC	16.667937737202
722	417	PC	17.1513852701329
722	423	PC	1.72963915583117
722	427	PC	4.05258376615533
722	501	PC	8.82771477125509
722	502	PC	10.2245875036917
722	516	PC	7.04895025062846
722	522	PC	2.83426880644961
722	534	PC	10.9837210156979
722	605	PC	3.29646233945836
722	621	PC	2.30819127725754
722	704	PC	10.2697464933479
722	815	PC	24.5012860351694
722	901	PC	6.21325394265093
722	904	PC	9.67024277071417
722	906	PC	1.50554927279255
722	926	PC	1.29103004871508
722	1014	PC	1.21395847786069
722	1032	PC	7.70069081341251
722	1071	PC	7.29093134287947
722	1072	PC	3.24041393016865
722	1101	PC	1.79503783532749
722	1149	PC	11.7211152630675
722	1172	PC	9.77756537859834
722	1263	PC	6.1086415745479
722	1271	PC	25.1805527790857
722	1273	PC	11.4457058086753
722	1275	PC	1.52609410782337
722	1443	PC	32.3938178667497
722	1504	PC	11.8382867988251
722	1519	PC	4.18997548445126
722	1548	PC	2.21318372367669
722	1566	PC	3.08427932990916
722	1624	PC	23.3458747220089
722	1627	PC	7.75906846952351
722	1630	PC	9.56049628021699
722	1638	PC	3.95143275571477
722	1671	PC	20.5693464574711
722	1702	PC	32.6913653576562
722	1714	PC	35.3341411773193
722	1719	PC	50.7956737412909
722	1721	PC	6.60843767738546
722	1751	PC	7.93385736988908
723	704	PC	17.3709832598784
728	704	PC	607.609943795861
728	817	PC	18.1861532640415
805	237	PC	2.52848983922691
805	704	PC	112.520087610264
805	834	PC	.770604213781661
806	52	PC	2.86343741281927
806	704	PC	293.350841579616
806	817	PC	13.4198168732854
806	834	PC	3.57876500513165
806	4003	PC	2.5051523488429
807	211	PC	14.3360695351488
807	704	PC	124.369651880452
811	704	PC	314.099531366516
811	834	PC	64.2170742696596
814	704	PC	45.2130790240752
815	704	PC	14.1686089653045
815	834	PC	7.61204567892307
817	704	PC	61.4414621460623
817	817	PC	75.4421822470866
817	4002	PC	1.159825722966
819	704	PC	110.309756346111
819	834	PC	67.4846619541784
821	704	PC	773.466863607489
821	817	PC	67.8137649890964
821	834	PC	16.5855501720276
822	704	PC	152.054799185704
822	834	PC	13.0497490996924
826	704	PC	7.33842414224163
826	834	PC	65.8661788984134
827	834	PC	72.1607004535133
828	704	PC	.825787038018976
828	834	PC	97.3545698739202
829	704	PC	1.46925380324875
829	834	PC	62.1949387473592
830	834	PC	15.2351735184735
831	834	PC	30.3125329801797
831	4001	PC	.726590344213109
833	834	PC	110.962219594214
834	834	PC	30.183153385322
834	926	PC	92.1551279329225
901	834	PC	23.7321721489185
901	926	PC	2.04682422373015
904	704	PC	902.906741514894
904	817	PC	51.7088596938521
904	926	PC	156.612915773641
904	4001	PC	1.8308541799962
906	231	PC	4.13419149902703
906	817	PC	135.878975855278
906	926	PC	186.055981365778
906	4001	PC	3.8651366022142
911	926	PC	30.6575329222349
912	704	PC	316.295457713268
912	926	PC	10.9819214002873
914	704	PC	614.418357007643
914	926	PC	62.3953516291482
919	817	PC	4.03919508093034
919	926	PC	33.5481361106627
926	926	PC	75.1811543757634
928	926	PC	73.1263908366184
929	817	PC	20.3460285552452
929	926	PC	119.898759030515
935	926	PC	39.4344376609844
937	704	PC	17.3213839090393
937	926	PC	96.561753903328
938	704	PC	36.5051331778109
938	834	PC	27.6442219994006
938	926	PC	28.702397219021
940	834	PC	40.6080194546269
940	926	PC	22.3671308979854
941	834	PC	1.96395051862088
941	926	PC	18.3439321316866
1002	926	PC	202.105091972992
1003	926	PC	659.269350971286
1003	1119	PC	175.184301286904
1004	235	PC	3.71280008186475
1004	926	PC	192.12971176477
1004	1154	PC	37.692336041052
1014	926	PC	246.952079265422
1014	1101	PC	163.968473685875
1014	4001	PC	2.57678203413797
1014	4004	PC	4.12285125462076
1017	926	PC	242.573951427045
1018	926	PC	112.638856250496
1021	54	PC	1.01998993899788
1021	926	PC	278.19282645874
1026	926	PC	121.364730816752
1027	926	PC	113.148296269442
1029	926	PC	125.199054427985
1032	926	PC	151.360111711619
1032	1119	PC	141.920320967623
1034	926	PC	340.105702408851
1034	1119	PC	79.3704951586739
1034	3001	PC	1.33791963318024
1034	4001	PC	1.07033570654419
1037	926	PC	311.982546464196
1037	1119	PC	85.7399322513707
1046	926	PC	13.8142984672706
1046	1101	PC	49.9708517953268
1046	1119	PC	86.2299279937382
1071	704	PC	181.175190135043
1071	834	PC	13.1467432893224
1071	926	PC	7.93991825460444
1075	1832	PC	1.79281957585045
1101	60	PC	1.62124825211889
1101	926	PC	1894.01588623061
1101	1101	PC	222.935535610053
1101	1102	PC	348.311064279106
1101	1119	PC	304.536720657837
1101	4004	PC	1.33791963318024
1102	105	PC	.684565478765839
1102	128	PC	1.00691238470826
1102	138	PC	8.66179192667925
1102	219	PC	2.31304454624916
1102	231	PC	1.63755250988038
1102	236	PC	1.55762027809091
1102	237	PC	1.08000314527375
1102	302	PC	1.15417569687957
1102	305	PC	1.96972358152656
1102	306	PC	1.70184003798484
1102	403	PC	85.0068775530161
1102	417	PC	1.18245781066816
1102	427	PC	4.96083737749052
1102	534	PC	5.06478549631157
1102	616	PC	1.27445626870557
1102	706	PC	1.91695662306123
1102	716	PC	21.8859755136666
1102	728	PC	1.16226626756808
1102	822	PC	11.5272711134551
1102	833	PC	2.89842701705535
1102	904	PC	1.18216673399035
1102	906	PC	2.20573520028218
1102	926	PC	3017.74557045763
1102	929	PC	.84055972438512
1102	940	PC	9.00642824674744
1102	1101	PC	722.013841167683
1102	1102	PC	385.781550847864
1102	1106	PC	.821078268369083
1102	1114	PC	.623958333583301
1102	1119	PC	2134.45571030052
1102	1124	PC	.717832673533639
1102	1130	PC	.894019710989208
1102	1146	PC	.488233427795542
1102	1149	PC	.742286649469009
1102	1173	PC	1.3660673646882
1102	1175	PC	.66922053379123
1102	1216	PC	1.40325658348699
1102	1219	PC	.833219452361617
1102	1272	PC	.56425607224621
1102	1612	PC	.524431443962453
1102	1671	PC	.618861039662634
1102	1719	PC	2.12028294248054
1102	1837	PC	1.0536851811285
1102	4001	PC	5.81807474467055
1106	926	PC	56.3248579076978
1106	1102	PC	50.0479966819774
1106	1119	PC	22.3457723206865
1106	4001	PC	1.61330786397005
1111	926	PC	31.2727624794346
1111	1119	PC	240.375389249843
1111	1154	PC	50.7503366153221
1112	1101	PC	178.416652509078
1112	1119	PC	706.387067195734
1114	926	PC	4378.09553957552
1114	1101	PC	526.103956253597
1114	1119	PC	735.976411178534
1119	926	PC	17216.5337897491
1119	1101	PC	4045.99168101104
1119	1102	PC	349.763116116338
1119	1119	PC	4007.9531671607
1119	4001	PC	12.2501355440512
1120	52	PC	3.59055696980811
1120	926	PC	11534.8846393938
1120	1119	PC	4278.06737906779
1120	1172	PC	67.9147916613744
1120	1275	PC	18.8849810246257
1120	1677	PC	3.88430737737417
1120	4001	PC	1.90088310166312
1121	231	PC	2.14071608050182
1121	926	PC	9619.92481611139
1121	1102	PC	1328.19304399333
1121	1119	PC	995.006168600511
1121	1149	PC	18.3839663097745
1121	4004	PC	2.11209233518124
1121	5820	PC	1.47846463462687
1122	926	PC	2571.50396496918
1122	1102	PC	300.324579662249
1122	1119	PC	1338.19136933953
1124	52	PC	3.06214460245819
1124	926	PC	2483.82107521352
1124	1102	PC	469.11904298973
1124	1119	PC	1481.10612846311
1124	1171	PC	58.225693437186
1127	926	PC	904.902074493681
1127	1102	PC	206.183929651433
1127	1119	PC	893.783307577199
1127	4001	PC	1.83728676147491
1129	1102	PC	86.7822357244324
1129	1171	PC	134.499607282578
1130	926	PC	871.163446955281
1130	1102	PC	186.661403999105
1130	1119	PC	162.336101979702
1130	1171	PC	177.326701254865
1133	926	PC	1972.75721464635
1133	1102	PC	245.372402317165
1133	1119	PC	617.803308488964
1133	1154	PC	189.678723056557
1134	1102	PC	360.115470378366
1134	1119	PC	296.581437299073
1134	1154	PC	165.56595868491
1135	1119	PC	162.245957783662
1135	1154	PC	20.2596918650093
1135	1171	PC	66.6382117139136
1141	1102	PC	187.463448861121
1141	1119	PC	2099.05026507845
1141	1154	PC	304.37616055319
1141	1171	PC	261.850304784935
1142	1102	PC	228.932687208526
1142	1119	PC	776.210305742705
1142	1142	PC	694.194887624059
1142	1171	PC	342.764582148137
1144	1102	PC	14.5700795699035
1144	1154	PC	4.90954593127686
1144	1171	PC	36.1629048738204
1145	1102	PC	63.7795562313889
1145	1119	PC	292.607541664269
1145	1154	PC	53.1700183430517
1146	1102	PC	379.674457587415
1146	1119	PC	899.656444366316
1146	1154	PC	174.354103169401
1149	1119	PC	309.623716863676
1149	1154	PC	395.399416729685
1151	1154	PC	4.09218941644228
1154	1119	PC	3641.35924120134
1154	1154	PC	792.073449834983
1154	1235	PC	656.958708695833
1171	926	PC	716.449941108071
1171	1102	PC	98.2117701656192
1171	1119	PC	149.975793362616
1171	1154	PC	13.6333190812562
1173	51	PC	1.93935824822352
1173	5605	PC	2.04142973497212
1175	52	PC	1.32692932773188
1175	1002	PC	4.74090064839256
1175	1072	PC	3.37112444020132
1175	1074	PC	13.4521349661794
1175	1102	PC	1.89259626707379
1211	1119	PC	1058.31042220955
1211	1154	PC	106.038967735975
1211	1235	PC	205.663984485074
1216	1102	PC	917.233780012945
1216	1119	PC	188.867512816924
1216	1154	PC	184.465013861006
1219	1102	PC	232.316527531028
1219	1154	PC	96.3443584536826
1221	1154	PC	54.6241088526431
1221	1171	PC	47.0869043340029
1222	1102	PC	201.032469241989
1222	1154	PC	77.5568742583427
1223	1154	PC	44.3946245754651
1223	1235	PC	33.2470004244565
1224	1154	PC	337.556466881405
1224	1171	PC	70.051828667004
1224	1235	PC	138.154932357895
1227	1235	PC	62.430819484369
1228	1171	PC	238.112273949022
1228	1235	PC	61.9149673847988
1231	1119	PC	202.697933604748
1231	1235	PC	80.8111289094732
1232	1235	PC	26.3160571090158
1233	1119	PC	81.8548032762356
1233	1235	PC	63.5347368050772
1234	1154	PC	4.01873807097251
1234	1235	PC	54.5720983716669
1235	1171	PC	75.1846351563696
1235	1235	PC	723.342425262756
1238	1171	PC	6.94235831312
1238	1235	PC	258.277288115462
1241	1171	PC	13.0164629554605
1241	1235	PC	114.889772155651
1242	1235	PC	13.9924169088904
1243	1235	PC	51.6625085103362
1244	1235	PC	28.3236893641726
1245	1235	PC	20.8170180859484
1246	1235	PC	32.0519989419991
1246	1271	PC	.645432295384346
1247	1235	PC	45.0310802310858
1251	1154	PC	5.31813772037472
1251	1235	PC	80.5595221875981
1252	1235	PC	9.892348918765
1253	1154	PC	65.9614365212103
1253	1235	PC	219.749083653248
1256	1235	PC	62.7267424196014
1259	1154	PC	13.6047278040169
1259	1235	PC	20.6795946111423
1260	1154	PC	25.4125401656072
1260	1235	PC	209.162046451156
1260	1260	PC	56.0411545173952
1263	52	PC	1.42712064364678
1263	1154	PC	39.7434721014484
1263	1235	PC	328.724675593203
1264	1235	PC	38.8823547748607
1265	1432	PC	3.26925797337953
1266	1235	PC	26.395937025323
1266	1432	PC	37.6603785010418
1266	1648	PC	178.558804141932
1271	105	PC	1.60344296328414
1271	1102	PC	25.1727242584992
1271	1154	PC	213.088315723962
1274	4001	PC	3.87361317561267
1274	5102	PC	1.22324626598295
1275	4001	PC	1.52905783247869
1275	5800	PC	2.03874377663825
1277	215	PC	3.09859170565419
1401	1154	PC	66.174686774926
1401	1432	PC	144.920175172256
1411	1154	PC	49.5450752132272
1411	1432	PC	170.539811004279
1412	1432	PC	17.0961122342791
1413	1235	PC	44.2620460887068
1413	1432	PC	93.0591034405565
1416	52	PC	.918786509056732
1416	1235	PC	49.644230852925
1416	1417	PC	24.2437514953486
1416	1432	PC	46.6186360190622
1417	1417	PC	134.83450806879
1417	1432	PC	115.588344175906
1418	1417	PC	36.2173912315885
1419	1235	PC	10.1533347913526
1419	1417	PC	39.2263128962058
1420	1235	PC	139.957809125399
1420	1417	PC	106.163286463537
1421	1235	PC	67.782135970356
1421	1417	PC	8.73667362806471
1422	1235	PC	179.025246783498
1424	1417	PC	17.2301289258466
1426	1235	PC	174.162400950596
1426	1432	PC	173.747841549668
1428	1235	PC	377.894540990069
1428	1417	PC	389.815703382045
1428	1432	PC	48.9204887087943
1429	1235	PC	123.59170793113
1429	1432	PC	133.186620687917
1430	1235	PC	81.6269851641552
1430	1432	PC	238.35768628179
1431	1235	PC	193.654312207327
1431	1432	PC	295.309325245408
1432	1235	PC	430.754411280094
1432	1432	PC	283.252649545372
1433	1432	PC	187.559634793505
1438	1432	PC	24.5645118309884
1438	1441	PC	62.0873148237594
1439	1432	PC	19.5809199926737
1439	1441	PC	18.2696922163641
1441	1441	PC	81.2961471530925
1441	1449	PC	27.1313725456281
1443	1441	PC	270.462821261339
1443	1449	PC	64.0821647720662
1444	1235	PC	400.021378565691
1444	1449	PC	128.720419905748
1445	1235	PC	527.098560258616
1445	1449	PC	486.066065382966
1449	1235	PC	407.540848619908
1449	1449	PC	290.706366911435
1449	1557	PC	372.095068677912
1502	1432	PC	77.8758119050385
1502	1449	PC	197.759902880959
1502	1525	PC	13.9632044182753
1503	1441	PC	11.0464612085979
1503	1525	PC	34.8306085711925
1504	106	PC	1.90239156721118
1504	231	PC	1.37072208415091
1504	306	PC	4.25716956316277
1504	309	PC	5.94478375373538
1504	417	PC	4.15912114882058
1504	533	PC	1.16351103978801
1504	605	PC	2.09563464028318
1504	624	PC	1.19479284320703
1504	706	PC	8.09001602257336
1504	716	PC	12.8600349314889
1504	822	PC	2.60948087416657
1504	1014	PC	1.07285793370457
1504	1074	PC	3.5429119733918
1504	1102	PC	10.5359926498276
1504	1247	PC	27.0036364358492
1504	1443	PC	1.50841156019279
1504	1503	PC	.436540291304081
1504	1511	PC	1.14675609998429
1504	1557	PC	28.541467687322
1504	1671	PC	2.0936150674605
1504	1804	PC	1.78791137569411
1504	1833	PC	2.70509331657021
1504	1931	PC	2.42375814052918
1504	1941	PC	3.56345222854025
1504	1972	PC	4.46828744338236
1504	2004	PC	2.81425339611089
1504	4005	PC	2.01158274862527
1511	1432	PC	219.850395668249
1511	1441	PC	51.5969853708562
1511	1503	PC	374.761915578167
1514	1432	PC	56.4930660952296
1514	1441	PC	54.7769878562125
1515	1441	PC	30.0054636947818
1515	1525	PC	24.3976330988682
1516	1432	PC	41.8773953336362
1516	1441	PC	33.4139693527385
1516	1525	PC	6.89216909587204
1517	1449	PC	4.17761881831115
1517	1525	PC	76.6240775314687
1519	1432	PC	281.670919621527
1519	1525	PC	169.385650108023
1520	1235	PC	537.623637054085
1520	1449	PC	216.52371239528
1520	1525	PC	65.711777074239
1523	1525	PC	50.9250034667986
1524	1235	PC	395.27036442092
1524	1525	PC	127.421395466614
1525	1432	PC	192.32025783045
1525	1525	PC	299.30592758977
1526	1525	PC	56.0534422610766
1528	1235	PC	1.0250326188269
1528	1271	PC	6.4488616037169
1528	1525	PC	113.305755418801
1529	1525	PC	67.5399951299363
1531	1525	PC	6.64597880764138
1532	1235	PC	313.273069636262
1532	1525	PC	102.598151660119
1534	1525	PC	209.07345912162
1534	1557	PC	19.3899978203714
1535	1432	PC	371.368402497102
1535	1525	PC	230.002037681483
1539	1432	PC	277.216162374082
1539	1557	PC	456.680403108567
1543	1525	PC	193.546970556393
1543	1557	PC	81.1569188397435
1545	301	PC	1.2393922739597
1545	1557	PC	58.8189514306575
1546	1557	PC	42.7311306112462
1547	1432	PC	254.701838134397
1547	1557	PC	100.348739815803
1548	1432	PC	328.82178575697
1548	1557	PC	1045.50910560473
1551	1557	PC	303.511417959635
1554	1557	PC	285.82648455806
1557	1432	PC	141.591028557885
1557	1503	PC	203.202790727353
1557	1557	PC	35.5947262323965
1560	1432	PC	180.630283448023
1560	1557	PC	261.150588082842
1563	1441	PC	106.517626307538
1563	1557	PC	276.005933096988
1566	1449	PC	473.389796092569
1566	1557	PC	483.966408481872
1566	1648	PC	98.4215754375721
1566	1663	PC	74.2855544941368
1567	1449	PC	108.711898484304
1567	1503	PC	181.710152141057
1567	1557	PC	52.1361418409961
1569	1503	PC	118.442538118217
1569	1663	PC	19.6655811556983
1571	1557	PC	30.5828178362594
1571	1653	PC	123.359439286946
1573	1557	PC	208.027316496402
1612	1449	PC	114.127222606644
1612	1617	PC	26.2155467947741
1612	1653	PC	304.428864254873
1613	1525	PC	21.2653683093534
1613	1617	PC	15.3566828905951
1613	1653	PC	149.624681280435
1617	1617	PC	139.315460288975
1617	1620	PC	31.2514268732487
1620	1617	PC	30.8907615257228
1620	1663	PC	82.6126997429827
1621	1525	PC	215.869523745203
1621	1617	PC	1254.03895384278
1621	1648	PC	116.368182810448
1621	1663	PC	3.64152982747531
1622	1441	PC	41.8350074337464
1622	1648	PC	95.9524319286483
1622	1653	PC	171.581753733056
1622	1663	PC	13.7144551807967
1624	1441	PC	558.790043946931
1624	1648	PC	1182.26386461095
1624	1653	PC	543.377928851494
1624	1663	PC	37.1900575327808
1627	1525	PC	841.836412545228
1627	1648	PC	21.1215791071635
1627	1653	PC	303.972175187117
1627	1663	PC	26.7751830888745
1630	1449	PC	125.347060641548
1630	1648	PC	179.189627794519
1630	1653	PC	377.303802793325
1630	1729	PC	29.93145046415
1632	1653	PC	121.583025016425
1632	1729	PC	18.802829266451
1633	1663	PC	32.0324529035619
1633	1702	PC	91.2417196135099
1634	1663	PC	575.634193372141
1634	1702	PC	1084.54888291844
1635	1525	PC	1.89392601546252
1635	1648	PC	454.231069183954
1635	1653	PC	241.339274816087
1635	1663	PC	202.264501651796
1636	1648	PC	363.433900351813
1636	1653	PC	362.705312664416
1636	1663	PC	22.8609612599342
1638	1525	PC	513.300455492301
1638	1640	PC	33.0306795408359
1638	1648	PC	678.480621999317
1638	1653	PC	292.058209702077
1640	1525	PC	15.945316202936
1640	1640	PC	30.2437031026826
1640	1653	PC	207.922205819288
1644	1640	PC	57.2588398163789
1644	1648	PC	387.741646354042
1644	1663	PC	78.0295371405105
1648	1525	PC	466.912656521288
1648	1640	PC	992.824896891647
1648	1648	PC	3146.27761597981
1648	1663	PC	183.944646897334
1648	3001	PC	1.51828426858642
1653	1525	PC	7.67664352711082
1653	1648	PC	2554.89504008368
1653	1653	PC	340.341906431189
1653	1663	PC	68.0568488720586
1657	1525	PC	264.554453700257
1657	1648	PC	232.496821989838
1657	1653	PC	94.5889466670008
1657	1663	PC	10.7481119832642
1662	1653	PC	36.6591396913859
1662	1663	PC	9.85953234370652
1663	1525	PC	326.077422742886
1663	1653	PC	61.6146577886635
1663	1663	PC	23.2598895265122
1664	1525	PC	424.849975090825
1664	1648	PC	109.899194038071
1664	1663	PC	328.835917762643
1665	1663	PC	59.4808609738367
1665	1729	PC	6.56337471435485
1671	1449	PC	507.402247048503
1671	1503	PC	278.175131841941
1671	1557	PC	23.1269290268352
1671	1648	PC	434.029504429433
1675	1275	PC	1.30859862248603
1675	1401	PC	1.32222276445225
1675	1432	PC	1.2016916386753
1675	1503	PC	1.66703003312197
1675	1504	PC	3.41214147992647
1675	1805	PC	.619568757866757
1675	1866	PC	2.59609025889074
1675	1870	PC	2.04463391430795
1676	237	PC	1.0948307064834
1676	306	PC	.672972042816843
1676	616	PC	1.06129193305656
1676	619	PC	1.13101881735239
1676	906	PC	2.01677647827284
1676	1002	PC	1.53759084272305
1676	1504	PC	2.53061472858747
1676	1866	PC	1.34507362679886
1677	215	PC	3.66947654898783
1677	5404	PC	1.22294638225024
1702	1525	PC	2223.89910883757
1702	1648	PC	3441.29689466897
1702	1663	PC	1401.24766267863
1702	1750	PC	109.527364934524
1703	1525	PC	52.76386037723
1703	1648	PC	97.8854731166618
1703	1663	PC	26.5370592954956
1703	1702	PC	159.591057666227
1711	1663	PC	56.7040899755102
1711	1702	PC	21.3498562407959
1714	1525	PC	1469.8287774205
1714	1648	PC	648.931258252537
1714	1663	PC	505.403965276344
1714	1719	PC	48.5623831312095
1717	1648	PC	240.481569889726
1717	1653	PC	2058.64380204398
1717	1663	PC	107.372016229773
1717	1729	PC	9.37348593125552
1718	1719	PC	235.729525981853
1719	62	PC	1.4581515321528
1719	1648	PC	3755.88540110394
1719	1653	PC	5230.28684034599
1719	1719	PC	93.2932255358822
1721	1648	PC	1379.04448487872
1721	1653	PC	3424.48532541255
1721	1719	PC	507.461539606029
1721	1729	PC	368.780305487217
1721	4001	PC	1.39321546696483
1724	1653	PC	13.9759856739594
1724	1719	PC	59.1627728240598
1724	1729	PC	63.349373734194
1725	1648	PC	653.712762884258
1725	1653	PC	87.8859195314567
1725	1702	PC	287.618707970131
1725	1729	PC	29.4023046362231
1729	1648	PC	314.056500954629
1729	1653	PC	1736.11762439367
1729	1702	PC	464.169365351179
1729	1851	PC	150.225181846347
1736	1648	PC	196.621136316029
1736	1653	PC	513.062072125922
1736	1702	PC	305.336653577435
1736	1729	PC	38.7786529461186
1738	1702	PC	101.257259350486
1738	1729	PC	17.0864450928995
1739	1702	PC	15.5119170075623
1739	1832	PC	2.84842324468891
1740	1702	PC	56.3304452147834
1740	1729	PC	12.6945926477344
1742	1648	PC	194.894524455395
1742	1653	PC	203.090937294744
1742	1702	PC	141.405731547417
1742	1750	PC	32.7681648419718
1743	1648	PC	362.142113627739
1743	1653	PC	147.810108181458
1743	1702	PC	159.58504759357
1743	1729	PC	22.7423907504206
1744	1648	PC	772.211445815355
1744	1653	PC	829.721980420171
1744	1702	PC	470.5316344619
1744	1750	PC	34.0660810974245
1748	1653	PC	77.815346925917
1748	1702	PC	110.04714721877
1748	1729	PC	4.28305038757656
1749	1702	PC	81.1607621183582
1749	1750	PC	18.7940307479436
1750	106	PC	4.58325256718864
1750	136	PC	5.45494814719739
1750	211	PC	4.62415073349977
1750	501	PC	7.74891624349449
1750	1071	PC	2.22355197837025
1750	1074	PC	6.61214140936417
1750	1106	PC	6.16951769974306
1750	1277	PC	16.6255864171298
1750	1673	PC	6.92729543731791
1750	1677	PC	6.06853980459255
1750	1702	PC	180.767691311762
1750	1750	PC	13.3881713905673
1750	1804	PC	31.2972036457025
1750	1820	PC	241.44166958069
1750	1833	PC	3.65812773236503
1750	1931	PC	34.8299968637691
1751	1653	PC	414.737037243121
1751	1702	PC	477.257729098024
1751	1750	PC	21.0208261324776
1755	1702	PC	155.076528819632
1755	1729	PC	6.16709221538061
1804	61	PC	1.06715099267492
1804	1271	PC	4.76379983111613
1804	1653	PC	17.2920106604354
1804	1702	PC	167.352640413539
1804	1804	PC	1.25079955786485
1804	1924	PC	119.431450522137
1805	1653	PC	1.17994542144291
1805	1750	PC	7.57329608214969
1805	1851	PC	39.9231893506864
1811	1653	PC	343.085374318996
1811	1750	PC	24.7380175077792
1811	1924	PC	194.943604155295
1812	1653	PC	628.692000929263
1812	1702	PC	440.917566142641
1812	1750	PC	16.8089921615278
1813	1653	PC	614.067006611812
1813	1702	PC	399.40121601257
1813	1750	PC	37.5309760041399
1815	1653	PC	1340.75183430607
1815	1832	PC	189.735929625091
1816	1653	PC	528.360454993303
1816	1832	PC	85.6843724894471
1818	1832	PC	59.7394861255551
1820	1653	PC	207.226638035864
1820	1820	PC	2.5857296925722
1820	1827	PC	1.31919322497547
1820	1832	PC	304.87360571562
1822	1653	PC	343.016920112505
1822	1832	PC	192.35877530221
1824	1653	PC	766.433534957629
1824	1832	PC	242.044547096383
1825	1653	PC	436.483324095693
1825	1832	PC	77.6976498637136
1826	1719	PC	2.81324640013062
1826	1832	PC	219.266506660156
1827	1702	PC	58.3535500410521
1827	1832	PC	161.953715839965
1828	1702	PC	1177.5239852073
1828	1832	PC	95.7907670747619
1832	1719	PC	1468.65305004475
1832	1832	PC	252.517170964057
1833	1719	PC	613.292880273529
1833	1832	PC	263.391954605977
1834	1719	PC	179.900302356104
1834	1832	PC	80.6769508036
1835	1832	PC	1.78057747247837
1836	1832	PC	47.5533952615578
1836	1851	PC	33.0589161686375
1837	1719	PC	201.846704225383
1837	1832	PC	114.846457142093
1837	1851	PC	62.6135378737173
1838	1702	PC	35.8698006262539
1838	1832	PC	10.6435513698737
1838	1851	PC	54.5582530858409
1839	1702	PC	25.9445830734717
1839	1832	PC	25.1814265988527
1839	1851	PC	38.779198172911
1840	1702	PC	71.9410279415936
1840	1832	PC	21.3132799789494
1840	1851	PC	43.147890460054
1841	1702	PC	59.4464643760625
1841	1832	PC	69.3003427238489
1841	1851	PC	47.8512887932498
1845	1851	PC	21.5760079533341
1848	1702	PC	239.611658357738
1848	1851	PC	241.053037047399
1849	1851	PC	40.7260197817081
1849	1924	PC	62.6675081814407
1850	1851	PC	12.5638536256134
1851	1851	PC	7.32720806954909
1851	1924	PC	30.1581786366815
1852	1851	PC	30.6158049751669
1853	1851	PC	26.0590623289724
1853	1924	PC	18.7181453801818
1854	1851	PC	92.2716024760319
1854	1860	PC	17.7556560692078
1856	1860	PC	8.55396426981772
1859	1860	PC	51.4559482990537
1859	1924	PC	15.7770274243811
1860	1702	PC	629.493065337471
1860	1860	PC	450.8230933069
1865	1851	PC	92.0976433073882
1865	1860	PC	30.1606083485924
1866	1702	PC	64.0848131875519
1866	1851	PC	138.161515642261
1866	1860	PC	150.467075401431
1867	1851	PC	106.26709908325
1868	1851	PC	46.1231359620217
1870	1154	PC	1.7012892590866
1870	1702	PC	107.62698829371
1870	1851	PC	263.304124979779
1871	1833	PC	370.344772464713
1871	1851	PC	192.600111047455
1911	1702	PC	882.211590504513
1911	1851	PC	94.8015986594526
1911	1924	PC	78.9534118003638
1911	1971	PC	202.537180407912
1911	1972	PC	27.5857091595006
1913	1851	PC	62.2706404152006
1917	1851	PC	34.506307380699
1917	1931	PC	23.9664415948893
1919	1851	PC	40.3271321273337
1919	1924	PC	25.9474635769091
1920	1832	PC	9.89928626454626
1920	1924	PC	24.0194418856981
1920	1931	PC	1.40185705366621
1922	1924	PC	131.639810826104
1923	1924	PC	70.1585199523413
1924	1832	PC	13.093664194845
1924	1924	PC	169.417551572335
1925	1924	PC	11.8172217829692
1925	1931	PC	25.2098055401746
1926	1924	PC	37.486184318104
1926	1931	PC	23.7099772381488
1927	1931	PC	32.3172679175831
1928	1931	PC	5.17518267692198
1931	1832	PC	61.9700938760469
1931	1931	PC	60.9352971152505
1933	1832	PC	118.017523427769
1933	1924	PC	151.704836229456
1933	1931	PC	132.266229129206
1936	1515	PC	1.5768144749442
1936	1924	PC	27.0059034741612
1936	1931	PC	1.25026007989902
1938	1832	PC	23.5399815762934
1938	1924	PC	56.7367564986979
1938	1942	PC	81.9555921150087
1939	1924	PC	19.3642467472549
1940	1832	PC	40.5028556205365
1940	1924	PC	38.6568931341848
1940	1942	PC	34.2596192213439
1941	1924	PC	1.54203968335221
1941	1942	PC	7.75636064539776
1942	1924	PC	55.6528568177028
1942	1942	PC	50.1924460767221
1943	1832	PC	149.505611582825
1943	1924	PC	10.1613912682428
1943	1942	PC	3.8530188362402
1971	1851	PC	42.2911066987124
1971	1924	PC	128.518156193223
2002	2027	PC	12.295718948306
2003	1924	PC	12.3800924707551
2003	2027	PC	22.1917666683399
2004	1942	PC	6.86678643429744
2011	51	PC	9.21280941315671
2011	1924	PC	8.29460405342208
2011	3001	PC	87.9080160280494
2012	1832	PC	1.14387321797052
2012	1924	PC	145.175280730957
2012	1942	PC	26.7393253364175
2017	1942	PC	1.79781478033594
2020	1924	PC	42.5582953570944
2020	1942	PC	18.2375901466561
2021	1924	PC	18.3820999534604
2021	2027	PC	.859288615789865
2021	3001	PC	36.9136378639231
2022	1924	PC	9.74020781642054
2022	2027	PC	1.13033774873417
2023	2027	PC	2.51725972509675
2024	2027	PC	1.39744170667643
2025	1833	PC	81.6148234460353
2025	1924	PC	113.758522877728
2025	2027	PC	29.7660109201772
2027	1924	PC	6.03709825205683
2027	2027	PC	29.3450648330498
2028	51	PC	.884394941438764
2030	1924	PC	46.1989702335637
2030	2027	PC	7.33980864928953
4001	101	PC	1.45173819895949
4001	106	PC	4.65581736485794
4001	124	PC	1.67018176672752
4001	211	PC	2.11900881910065
4001	213	PC	3.71224646273804
4001	219	PC	14.9573142358466
4001	221	PC	1.70900376567007
4001	226	PC	1.31284150175481
4001	230	PC	2.13484753275602
4001	231	PC	2.32614390131398
4001	235	PC	2.79047027455408
4001	236	PC	4.18594132782116
4001	302	PC	9.72757950278523
4001	303	PC	2.75859471560117
4001	304	PC	9.93497883935405
4001	305	PC	2.04462708794392
4001	308	PC	2.1107012128685
4001	309	PC	2.2024708308193
4001	412	PC	1.84238898516466
4001	417	PC	2.10944559532391
4001	502	PC	.736137554780589
4001	528	PC	1.92867685922261
4001	605	PC	1.15297216290856
4001	623	PC	2.65911335752383
4001	624	PC	3.02167125986363
4001	625	PC	.941261740648808
4001	626	PC	1.7044261064244
4001	627	PC	4.04191225036514
4001	701	PC	1.61830989653027
4001	702	PC	2.38787428180698
4001	706	PC	4.50659524943382
4001	709	PC	2.39488442787112
4001	716	PC	2.20382268078173
4001	720	PC	4.60078035941466
4001	805	PC	1.95214341104748
4001	806	PC	5.64193044357237
4001	807	PC	1.02941615094027
4001	814	PC	2.43022244316004
4001	815	PC	.926856924716083
4001	830	PC	4.85761046833941
4001	904	PC	4.41199613860908
4001	906	PC	.978204804292303
4001	937	PC	1.25468039813901
4001	1014	PC	2.97156383960863
4001	1017	PC	1.41144111227817
4001	1018	PC	.733999033965929
4001	1102	PC	20.7853687513338
4001	1106	PC	1.23613536333537
4001	1119	PC	4.59701499326304
4001	1120	PC	2.79145838757515
4001	1121	PC	2.72557347806875
4001	1122	PC	1.22099351094528
4001	1124	PC	3.06804471988477
4001	1149	PC	3.5105600710206
4001	1173	PC	7.20216268966697
4001	1174	PC	3.01058144689036
4001	1221	PC	1.21781325419159
4001	1243	PC	1.82049667423104
4001	1247	PC	1.39727522341068
4001	1272	PC	1.88378941850332
4001	1274	PC	6.97002084846228
4001	1275	PC	1.88755699734033
4001	1276	PC	1.74250521211557
4001	1277	PC	2.63730518590465
4001	1504	PC	1.19293551303763
4001	1529	PC	1.90180695848626
4001	1663	PC	1.79178761533146
4001	1678	PC	1.70129734374664
4001	1833	PC	2.09741660229377
4001	1922	PC	2.3579818873452
4001	2002	PC	1.29968089274865
4001	2030	PC	1.45260268728462
4002	604	PC	1.32036185621434
4002	704	PC	1.90940293909019
4002	706	PC	1.80263809977353
4002	1074	PC	1.50178860215555
4002	1102	PC	2.26967601995689
4002	1124	PC	1.53402235994238
4003	105	PC	2.87707052123716
4003	216	PC	1.69633688087776
4003	219	PC	1.5653003270072
4003	235	PC	1.51108498622062
4003	304	PC	6.13755204854978
4003	604	PC	4.6212664967502
4003	626	PC	5.06265180126061
4003	701	PC	1.2586854750791
4003	704	PC	1.90940293909019
4003	706	PC	1.80263809977353
4003	806	PC	1.04966147787393
4003	1102	PC	4.8635914713362
4003	1274	PC	3.67338936608147
4003	1276	PC	1.88378941850332
4003	1420	PC	1.38315762357323
4003	1653	PC	2.31373437341411
4003	1719	PC	3.17224881633405
4004	211	PC	1.71194608365403
4004	219	PC	1.72356958229349
4004	236	PC	2.62936013054093
4004	304	PC	6.33210363860548
4004	626	PC	1.6875506004202
4004	627	PC	1.08653555117343
4004	706	PC	2.52369333968294
4004	806	PC	1.31207684734241
4004	904	PC	1.6544985519784
4004	1102	PC	1.62119715711207
4004	1119	PC	1.8868345121602
4004	1120	PC	2.20843226865123
4004	1273	PC	1.88378941850332
4004	1275	PC	7.34677873216295
4005	219	PC	1.73922258556356
4005	309	PC	2.75308853852412
4005	604	PC	1.18832567059291
4005	626	PC	6.75020240168081
4005	815	PC	.55611415482965
4005	1102	PC	1.62119715711207
4005	1120	PC	1.76674581492098
4005	1127	PC	2.00634949171626
4005	1130	PC	1.64893662259621
4005	1172	PC	4.84016309789447
4005	1273	PC	2.82568412775498
4005	1274	PC	2.82568412775498
4005	1275	PC	2.82568412775498
4005	1504	PC	2.76997410148057
5101	214	PC	.884906403370942
5101	301	PC	3.85615934629279
5101	626	PC	1.6875506004202
5101	706	PC	5.04738667936588
5101	904	PC	1.86268961976902
5101	1102	PC	1.14294399576401
5101	1119	PC	1.37224328157106
5101	1714	PC	1.31447730489733
5102	310	PC	2.2024708308193
5102	706	PC	4.32633143945647
5106	219	PC	1.39137806845085
5106	220	PC	2.40895596090888
5106	233	PC	1.36243175437034
5201	211	PC	2.28259477820537
5201	219	PC	3.39148404184894
5201	220	PC	2.40895596090888
5201	302	PC	1.83539235901608
5201	304	PC	1.06452756822933
5302	111	PC	2.01925042654429
5302	220	PC	2.24835889684829
5302	229	PC	1.86904796713202
5302	234	PC	2.65562626938889
5302	238	PC	5.28608220305851
5302	311	PC	2.73473461493396
5302	626	PC	21.6411488997887
5302	1172	PC	1.93606523915779
5402	626	PC	4.21887650105051
5402	1174	PC	1.93606523915779
5403	106	PC	2.89781163787839
5403	125	PC	9.80509886416031
5403	226	PC	.875227667836535
5403	237	PC	2.18700422872302
5403	302	PC	1.83539235901608
5403	305	PC	9.08152139241158
5403	436	PC	17.0742656625207
5403	542	PC	1.26070311987322
5403	626	PC	7.27671818901191
5403	1146	PC	1.05672731617116
5403	1277	PC	1.88378941850332
5403	1671	PC	1.27597300780998
5403	1674	PC	3.18993251952495
5404	125	PC	3.81459102152578
5404	624	PC	6.01527125387583
5404	1102	PC	1.62119715711207
5404	1235	PC	3.54656782002091
5404	1719	PC	1.87203660271146
5501	124	PC	2.63435609893931
5501	403	PC	2.58230357541332
5501	626	PC	5.90642710147071
5501	706	PC	5.40791429932059
5605	104	PC	1.65255556246191
5605	106	PC	3.20691154591875
5605	122	PC	1.10648297245158
5605	219	PC	4.36197024459341
5605	307	PC	4.58848089754021
5605	403	PC	10.605012635238
5605	604	PC	1.32036185621434
5605	706	PC	1.80263809977353
5605	1525	PC	1.72174762908961
5700	302	PC	1.0388320752031
5700	627	PC	1.58323751742413
5700	1677	PC	2.1266216796833
5700	1804	PC	1.82391212459341
5710	138	PC	1.51270644048572
5800	716	PC	4.00695032869405
5800	1275	PC	2.82568412775498
5840	1172	PC	5.76947441269021
5850	220	PC	2.64985155699977
5850	306	PC	1.92716197696689
5850	412	PC	2.4945305408419
5850	602	PC	1.519821833852
5850	626	PC	1.18128542029414
5850	904	PC	.965124155320735
5850	1014	PC	.832037875090416
5850	1121	PC	1.16810291917232
5850	1535	PC	2.38188975435852
5850	1971	PC	1.94802737555195
6030	233	PC	1.33810261589944
6030	302	PC	2.75675932324216
6030	304	PC	1.53255261977843
6030	426	PC	1.4232677421886
6030	432	PC	2.26106779583051
6030	1002	PC	1.62635283628318
6030	1102	PC	2.4317957356681
