50	301	PC	11.1388768580331
50	602	PC	9.0468960487378
50	625	PC	30.0292579045792
51	403	PC	24.3910276832904
52	104	PC	19.4476078990576
52	220	PC	64.8618098744618
52	301	PC	1.94209786701157
52	709	PC	78.0047724837816
56	104	PC	1.67062084647671
56	233	PC	1.99780844387308
57	1439	PC	5.03497633525881
58	104	PC	314.452265078933
58	106	PC	575.125072908422
58	111	PC	40.2542176814175
58	119	PC	233.498182316708
58	128	PC	.570952644890953
58	137	PC	1.81539938383934
58	215	PC	10.4167865755989
58	219	PC	28.7945362488115
58	220	PC	461.809487899623
58	230	PC	4.84117380698855
58	231	PC	19.2811127367619
58	235	PC	2.10270076687644
58	301	PC	281.189585554058
58	602	PC	2.10530998408285
58	626	PC	66.7367753045878
58	709	PC	5476.96339159949
58	1004	PC	4.12416691659419
58	1034	PC	1.12192724441361
58	1101	PC	.842004995867927
58	1106	PC	1.2526979438679
58	1127	PC	13.3891568796133
58	1146	PC	3.58148719445438
58	1271	PC	421.424275819372
58	1416	PC	129.118734554061
58	1438	PC	1.26917227115718
58	1439	PC	551.3775429959
58	1441	PC	1.76082215089033
58	1504	PC	7.54451670550415
58	1531	PC	3.98968497599386
58	1534	PC	3.06721673729199
58	1621	PC	19.2262414128956
58	1860	PC	19.3991461744013
60	402	PC	1.72702020572304
62	220	PC	13.112578113986
62	301	PC	5.95267543788612
62	926	PC	1.1391844735116
62	1102	PC	.735044528255319
62	1173	PC	.578871077077807
62	1271	PC	2.38288140402294
62	1277	PC	3.44204592388724
62	1416	PC	3.36340569787675
104	4001	PC	11.4143063955298
104	4003	PC	221.387943837344
104	4004	PC	526.744085407442
104	4005	PC	2.7967864127809
104	5501	PC	2.66757571412784
104	6010	PC	8.74256259434866
104	6020	PC	157.459908656976
105	58	PC	27.7045840815346
105	211	PC	157.587418878817
105	231	PC	199.945312164467
105	309	PC	845.158701462159
105	412	PC	210.737857345312
105	519	PC	103.105544492346
105	542	PC	6.80368224121728
105	602	PC	270.58964004188
105	617	PC	282.409981577944
105	709	PC	534.453112798411
105	906	PC	138.806019954507
105	926	PC	12.8572676374239
105	1072	PC	52.4747131530354
105	1102	PC	256.461010637148
105	1106	PC	45.8961512902785
105	1122	PC	7.60722083254904
105	1124	PC	51.6734425630795
105	1274	PC	908.085279440326
105	1276	PC	32.5937840960434
105	1439	PC	18.2050140501805
105	1502	PC	5.08619086766612
105	1528	PC	80.0587076385964
105	1531	PC	11.313232006473
105	1554	PC	.769458195757335
105	1566	PC	12.5157671654232
105	1673	PC	13.1795855807481
105	1719	PC	12.2282521218761
105	1804	PC	6.84827351295351
105	1870	PC	15.0539268196031
105	1901	PC	1.14385182335271
105	1931	PC	28.9072143521882
105	1973	PC	11.8298096431262
106	58	PC	145.321452444917
106	211	PC	853.959188013431
106	230	PC	368.430426514758
106	235	PC	206.687004433664
106	305	PC	60.5537992955187
106	309	PC	927.864506892114
106	412	PC	589.068057674135
106	542	PC	115.333385471414
106	626	PC	650.710497022382
106	709	PC	554.926818494348
106	926	PC	294.040220601689
106	1122	PC	300.030866469718
106	1172	PC	65.2039046515703
106	1245	PC	9.93469577219226
106	1274	PC	9.63576891333669
106	1275	PC	13.5902403966894
106	1276	PC	583.707035200728
106	1502	PC	58.1131948155193
106	1514	PC	8.7287366518745
106	1531	PC	136.807221696687
106	1534	PC	59.3675248474763
106	1653	PC	10.1709110388421
106	1671	PC	4.59137080308888
106	1673	PC	202.152660671135
106	1674	PC	2.84145211964746
106	1677	PC	143.399277006877
106	1804	PC	2.14857907445166
106	1805	PC	3.45543795166473
106	1928	PC	30.9439898356492
106	1971	PC	19.2163314094772
106	1973	PC	115.770909802028
106	4001	PC	5.49563443519297
106	5201	PC	7.41807734248518
106	5810	PC	2.55639624288751
106	5860	PC	1.86892736597573
106	5880	PC	8.03350606762477
106	6020	PC	45.1403591004557
111	52	PC	10.0650383476006
111	58	PC	365.32384279699
111	62	PC	438.10086240731
135	230	PC	4.28848555124473
135	1860	PC	2.56469397521355
137	230	PC	425.816971486145
137	235	PC	65.0535742548413
137	309	PC	51.0036430046859
137	1127	PC	2.37883029673215
137	1172	PC	82.0307781779103
137	1274	PC	47.6999082058828
137	1275	PC	52.4902555418373
137	1674	PC	1.46056121861507
137	1677	PC	55.9706133466821
137	1805	PC	9.02778228442865
137	1971	PC	42.3331915834787
211	542	PC	2.82304977678875
217	52	PC	195.649822420177
217	58	PC	42.0976700300521
217	4001	PC	5.282113584798
217	4004	PC	32.8262092554662
217	5605	PC	2.60520312917733
219	123	PC	83.6989606259349
219	301	PC	19.3833927124502
219	4001	PC	1.51952054617928
219	5101	PC	.845623591623745
219	5403	PC	2.45881321256751
219	5700	PC	5.20383748691535
219	5860	PC	1.02775790366578
219	5870	PC	.897661966492899
219	5920	PC	.516047217452439
219	6000	PC	599.664212804691
219	6010	PC	2.00347743246241
219	6020	PC	10.0650890059421
219	6030	PC	34.5491443818789
219	6040	PC	1.40503612146715
220	58	PC	23.0287154920961
226	230	PC	5.12608541683273
226	1547	PC	1.53974371740575
230	226	PC	264.960548243438
230	230	PC	2967.4592696467
230	231	PC	15.5519851758668
230	235	PC	42.3527102328797
230	301	PC	26.7388006600554
230	305	PC	1.04891696894051
230	306	PC	19.631911415043
230	309	PC	11.9547927632793
230	312	PC	1.8270226477182
230	544	PC	9.85712401765241
230	626	PC	27.1502504821181
230	706	PC	1.35928516280532
230	709	PC	4.23314484741387
230	1002	PC	1.62811695059867
230	1071	PC	24.406840691311
230	1072	PC	14.0225701384814
230	1074	PC	2.28293529681935
230	1101	PC	74.1915156062641
230	1119	PC	3.98788761523101
230	1124	PC	4.75575197348984
230	1127	PC	18.4246658368025
230	1146	PC	5.49188176341763
230	1149	PC	3.36315570568483
230	1238	PC	.739506271898452
230	1243	PC	2.38343195433102
230	1245	PC	93.3750634583336
230	1271	PC	98.0900775943118
230	1274	PC	8.20239199726545
230	1277	PC	1.05600536511746
230	1439	PC	9.22827739492152
230	1511	PC	39.8754131965308
230	1525	PC	276.74058870078
230	1528	PC	8.92800672376636
230	1531	PC	2.39727509844289
230	1532	PC	37.0923376018841
230	1534	PC	112.654412927091
230	1545	PC	11.9000838517088
230	1547	PC	53.8085557156987
230	1554	PC	3.59516759813528
230	1617	PC	63.5343825035955
230	1620	PC	123.819788255065
230	1671	PC	6.83228852374815
230	1674	PC	2.29031922861092
230	1677	PC	7.43000328625587
230	1805	PC	1.12691855197349
230	1851	PC	6.65588124989949
230	1971	PC	.772999532467728
230	1972	PC	.748903537066614
231	230	PC	85.7287046304001
231	231	PC	3.38637950592015
231	235	PC	471.688630707898
231	309	PC	16.9294531294382
231	709	PC	1.52230401243537
231	1072	PC	48.5380837882312
231	1074	PC	5.14174616400755
231	1102	PC	1.14870250750804
231	1127	PC	190.55529160483
231	1172	PC	12.1585936666706
231	1245	PC	19.238428801549
231	1263	PC	.659375797429827
231	1271	PC	4.8611479597205
231	1273	PC	2.44770103629172
231	1274	PC	14.5394028769091
231	1277	PC	29.4683239515169
231	1503	PC	1.23186315947405
231	1504	PC	1.27277274258763
231	1671	PC	1.05843020791571
231	1674	PC	38.7796454048448
231	1677	PC	.684996585498682
231	1804	PC	25.1760450008848
231	1971	PC	9.70875846701673
231	2004	PC	.9685126757935
235	230	PC	67.9752515783
235	235	PC	1.59807947524395
235	301	PC	5.54871452582941
235	309	PC	2.20076515716498
235	1245	PC	47.0391592251227
235	1547	PC	1.58032766583183
235	1620	PC	1.4536412732684
237	1523	PC	1.34422518644442
237	6000	PC	32.8448876049141
301	50	PC	112.306415417581
301	56	PC	47.7294381052982
301	58	PC	115.033391375581
301	101	PC	16.9051683070305
301	104	PC	7.19653465131237
301	105	PC	18.2197881225319
301	106	PC	37.4594753847723
301	124	PC	10.3077173279959
301	136	PC	6.58694819438543
301	211	PC	444.594162925239
301	213	PC	154.539660648744
301	214	PC	75.9596356550811
301	216	PC	13.0102581665117
301	217	PC	35.8055407085821
301	219	PC	82.4861560936117
301	220	PC	35.9520391853611
301	227	PC	2.06954597723144
301	229	PC	5.2864439870545
301	230	PC	197.53008697558
301	231	PC	117.001334302208
301	233	PC	3.28464126253183
301	235	PC	235.551360162428
301	301	PC	35.268768307189
301	302	PC	10.7608455471044
301	303	PC	31.4274475159959
301	304	PC	8.60004848797331
301	305	PC	25.2653467848188
301	306	PC	424.961870547277
301	308	PC	8.70338474466286
301	309	PC	217.168741050636
301	310	PC	4.80013579461168
301	311	PC	31.2545421916482
301	312	PC	14.4833318076678
301	402	PC	4.09654922703857
301	412	PC	27.816707853863
301	438	PC	.359020745962386
301	522	PC	9.86799766080808
301	542	PC	3.34729673628938
301	602	PC	39.3503634897423
301	604	PC	9.49498109085431
301	605	PC	8.35567413659397
301	617	PC	4.2186758439026
301	623	PC	4.53922490791084
301	624	PC	1.68368255463832
301	625	PC	8.38084534519534
301	626	PC	54.4830062074157
301	627	PC	8.46797309469541
301	701	PC	16.8880678638784
301	702	PC	6.50552058925837
301	704	PC	31.6911050470646
301	709	PC	63.2222309557544
301	713	PC	3.57624520485835
301	716	PC	7.8297559988986
301	719	PC	1.75066396254662
301	720	PC	973.654623339779
301	722	PC	9.83724929644796
301	723	PC	1.89686786953431
301	807	PC	4.44589410024843
301	826	PC	2.44493145911159
301	926	PC	12.4970818541046
301	1004	PC	9.62496714494825
301	1071	PC	40.0996148917481
301	1072	PC	1.21383238900742
301	1102	PC	76.0467122486502
301	1122	PC	40.1994887098228
301	1124	PC	42.6662678318077
301	1127	PC	22.815337693537
301	1172	PC	13.1401579048684
301	1216	PC	17.4027046418583
301	1235	PC	7.20688804148119
301	1245	PC	29.4294412100762
301	1271	PC	219.901114063448
301	1274	PC	8.86743789663515
301	1276	PC	64.6136093997432
301	1277	PC	102.838178359505
301	1401	PC	10.1797814871743
301	1420	PC	1.32805422512647
301	1439	PC	4.3879147538514
301	1502	PC	10.9005290884018
301	1503	PC	21.9697653948723
301	1504	PC	10.2877277981538
301	1515	PC	.561187011599527
301	1517	PC	.976705202767579
301	1519	PC	2.01888995957986
301	1520	PC	.745799245205701
301	1525	PC	2.44591840788258
301	1531	PC	22.7000134187118
301	1547	PC	1.23390055728939
301	1671	PC	9.27895944759227
301	1673	PC	33.7115974201739
301	1674	PC	34.764493843159
301	1677	PC	167.706042093932
301	1805	PC	16.4787569091891
301	1833	PC	18.5085409551495
301	1865	PC	13.6717603897973
301	1972	PC	.589511477961367
301	1973	PC	10.0920302074017
301	2002	PC	1.20951563473572
301	2030	PC	.558574591793425
301	4001	PC	8.68132901355783
301	4002	PC	3.78454643361688
301	4004	PC	24.2484300105019
301	5101	PC	1.34561650973045
301	5403	PC	111.993139073909
301	5501	PC	19.5534899070205
301	5700	PC	13.3762691170392
301	5720	PC	4.07679751932396
301	5800	PC	44.142529096548
301	5840	PC	1101.10537475764
301	5850	PC	111.858577422936
301	5860	PC	3.91069798140411
301	6000	PC	126.845381300059
301	6020	PC	245.776855502266
301	6030	PC	1.79765955596802
301	6040	PC	8.87896643842449
305	211	PC	4.30472376250902
305	230	PC	2.89824177742875
305	1677	PC	5.941568038649
306	230	PC	78.0850740212138
306	301	PC	1.37016863184938
306	706	PC	9.93134860430886
306	1245	PC	18.3074523882376
306	1246	PC	1.74480219741005
306	1511	PC	4.80508928724784
306	1532	PC	10.1115019010037
306	1534	PC	3.54598688842209
306	6000	PC	527.502697072299
309	101	PC	64.8720005718808
309	104	PC	43.5774014008224
309	105	PC	82.4902757893906
309	106	PC	194.352466865029
309	124	PC	46.6549199046523
309	136	PC	35.2947240584811
309	213	PC	169.741759032826
309	216	PC	76.5731042777674
309	217	PC	76.0025089940946
309	219	PC	457.700432105922
309	220	PC	1582.65074782818
309	227	PC	10.2883657229511
309	230	PC	124.076177895893
309	231	PC	192.915694281588
309	233	PC	18.2671012684294
309	235	PC	73.1921054094592
309	301	PC	97.6226967860131
309	302	PC	61.0730047959339
309	303	PC	179.320224438353
309	304	PC	46.890720465861
309	305	PC	150.725735853919
309	306	PC	3555.78632821483
309	308	PC	48.7709251715219
309	309	PC	174.29839406037
309	311	PC	165.374115620794
309	312	PC	45.7448871847302
309	402	PC	22.0813144109346
309	403	PC	7.97150942350574
309	427	PC	2.49779967102939
309	502	PC	54.7505360198167
309	534	PC	1.0918007048519
309	542	PC	.480972057493433
309	602	PC	182.556221593862
309	604	PC	50.0909515621045
309	605	PC	50.7770992585114
309	617	PC	20.8673597665119
309	623	PC	25.8078909016006
309	624	PC	7.62300814790509
309	625	PC	32.1165121655042
309	626	PC	47.170529777501
309	627	PC	49.4574002250386
309	701	PC	91.420249242939
309	702	PC	28.4188039730057
309	704	PC	169.857842722341
309	706	PC	59.1343796786535
309	709	PC	68.8107736220664
309	713	PC	21.255405257423
309	716	PC	47.7931311711138
309	719	PC	8.97342418515194
309	720	PC	32.2890414559094
309	722	PC	33.9232576301141
309	723	PC	23.4103833114128
309	728	PC	1.46378318292867
309	805	PC	18.9857761181403
309	806	PC	30.0581144445708
309	807	PC	25.769867621904
309	814	PC	9.25678711690673
309	815	PC	2.16193859841229
309	821	PC	11.8393971410031
309	826	PC	14.8557406917574
309	828	PC	2.58305260448556
309	1124	PC	35.0588827590262
309	1271	PC	91.4870847931237
309	1401	PC	5.37415371508549
309	1504	PC	18.7869888743441
309	1515	PC	2.61512986537668
309	1520	PC	3.50996109656567
309	1531	PC	22.9075004083868
309	1532	PC	5.29636454176709
309	1547	PC	1.81844937435468
309	1833	PC	147.174814810092
310	1271	PC	159.386511936955
402	52	PC	13.2195709729674
402	59	PC	3.62697974787983
402	235	PC	1656.69667557619
402	309	PC	1829.1290638795
402	4004	PC	8.28623834292238
402	6030	PC	4.76928831712384
403	301	PC	.516406348220811
403	519	PC	.433439169319525
403	542	PC	.36101263772227
403	1274	PC	.823415526513619
403	1971	PC	1.731153713786
412	301	PC	20.2726377844398
542	211	PC	25.9058217492113
542	230	PC	16.4328381689524
542	309	PC	12.8561296513165
542	412	PC	21.5958695267113
542	542	PC	3.341522714915
542	625	PC	5.70096652583208
542	626	PC	5.71701652696444
542	709	PC	4.03340989569285
542	1274	PC	3.70829625165452
542	1432	PC	10.0533942216772
542	1673	PC	2.18631267846987
624	1149	PC	7.95253893127092
625	211	PC	2.24302538543065
625	412	PC	.889021584155166
625	542	PC	.518039805596481
625	709	PC	5.23584440502271
625	926	PC	1.21332094570026
625	1276	PC	5.64301652969339
626	58	PC	16.7343691131829
704	6030	PC	483.142041152558
706	309	PC	181.303914872193
706	704	PC	162.181247923909
706	706	PC	1645.47676526828
706	709	PC	831.675501259841
706	723	PC	381.894660925358
706	805	PC	482.886196947032
706	806	PC	1279.01659012605
706	1871	PC	240.457894262468
709	106	PC	24.4187425040212
709	230	PC	16.0377998485288
709	235	PC	13.7279688328749
709	709	PC	2.73026929738408
709	1271	PC	1.5902675947446
709	1534	PC	124.282018407926
716	1534	PC	12.9322236577455
716	1860	PC	2.4183937255339
814	211	PC	19.9223477130793
814	235	PC	7.2340806367746
814	305	PC	1.09328773563427
814	309	PC	.546643867817134
815	101	PC	1.40361143978823
815	104	PC	.655816518904438
815	105	PC	1.78341773333876
815	106	PC	2.45975266747931
815	125	PC	.985074599596708
815	213	PC	2.33965296966462
815	219	PC	4.1727133650266
815	220	PC	1.97665453415025
815	221	PC	.923072614149984
815	230	PC	1.80390408323197
815	231	PC	3.06717151185091
815	235	PC	1.89157822556793
815	301	PC	5.7334826293309
815	302	PC	3.80170513070341
815	303	PC	1.48439679723777
815	304	PC	3.08012335426838
815	305	PC	2.7440724126715
815	306	PC	1.9462091341562
815	307	PC	1.28029223761758
815	403	PC	3.6806276721169
815	501	PC	4.55229722518722
815	502	PC	1.94137823439532
815	520	PC	1.0225444185206
815	532	PC	4.65446073847675
815	602	PC	1.18132545495413
815	604	PC	1.39178770539421
815	620	PC	2.33729053781676
815	623	PC	1.18754205972482
815	625	PC	.725847278426953
815	704	PC	2.32252872275583
815	706	PC	6.18504168851948
815	709	PC	2.49984365155999
815	711	PC	4.48902598022079
815	723	PC	1.52215718805072
815	806	PC	4.01892729339444
815	815	PC	1.56964608348847
815	834	PC	.346687674726926
815	904	PC	1.15844617190714
815	906	PC	1.45488383736984
815	1018	PC	1.52919979641193
815	1032	PC	.812237780087996
815	1071	PC	3.4934175021303
815	1072	PC	1.16980189430603
815	1074	PC	2.24500705228435
815	1102	PC	5.35722407056355
815	1106	PC	1.31636344841823
815	1124	PC	.988156060544107
815	1149	PC	1.59159358919951
815	1172	PC	25.4586304461891
815	1173	PC	4.17417504719798
815	1224	PC	1.39627469195493
815	1271	PC	4.56121331015519
815	1274	PC	2.63807191926079
815	1275	PC	2.48595904088496
815	1277	PC	1.64933820981791
815	1504	PC	10.445098447033
815	1634	PC	.886861113697592
815	1640	PC	1.92995610062975
815	1671	PC	6.87263355064415
815	1677	PC	1.91084405959196
815	1702	PC	2.95562799325627
815	1714	PC	3.85908583954805
815	1719	PC	1.71430997002521
815	1804	PC	11.7577956102339
815	1833	PC	1.64964559998303
815	1837	PC	1.66673453227162
815	1841	PC	1.25043812688213
815	1860	PC	.985110973402719
815	1871	PC	1.46040726266545
815	1901	PC	1.2931541667256
815	1931	PC	.804874209266183
815	1971	PC	3.39849681730923
815	1972	PC	3.71953412195276
815	2003	PC	.815353342467728
815	2004	PC	1.45461151624473
822	4001	PC	1.01648292244413
822	4004	PC	.648745073368781
906	301	PC	40.01513129312
906	5605	PC	1.20022662910862
1002	58	PC	83.1048020264606
1004	50	PC	218.847249889983
1004	52	PC	4.79811266506662
1004	58	PC	658.868107325739
1004	135	PC	.894870768133065
1004	211	PC	31.4135709827401
1004	235	PC	69.707328396504
1004	309	PC	44.855828657147
1004	709	PC	13.4831931107646
1004	814	PC	2.58052484800387
1004	1124	PC	74.0862288358968
1004	1127	PC	154.848307189604
1004	1146	PC	2.56598053734629
1004	1172	PC	61.6430448426117
1004	1275	PC	11.9626650312632
1004	3001	PC	17.5930797719109
1004	4001	PC	29.3217996198516
1029	1004	PC	2.75229368030579
1029	1172	PC	3.8556375962472
1029	1401	PC	1.19680378278188
1034	50	PC	6.45989007592139
1034	55	PC	4.09252295258178
1034	56	PC	6.74531731774248
1034	58	PC	660.748674131211
1034	3001	PC	7.78758421153112
1034	4001	PC	1.106013563429
1034	4004	PC	1.11671692049444
1034	4005	PC	.542303424649058
1034	5501	PC	2.27581895872577
1071	235	PC	76.2163227939614
1071	301	PC	35.1542457397068
1071	305	PC	15.0420187804968
1071	309	PC	130.412217903009
1071	706	PC	15.5129206737562
1071	806	PC	4.32448997067544
1071	815	PC	3.02938321525859
1071	901	PC	8.7324007765414
1071	904	PC	27.4267751377025
1071	906	PC	155.669176447406
1071	914	PC	64.5243836791237
1071	926	PC	78.5710995666258
1071	1002	PC	95.1026604717197
1071	1004	PC	8.73442474904875
1071	1014	PC	3.24672033246331
1071	1018	PC	12.0047645385303
1071	1029	PC	3.28619065636739
1071	1032	PC	3.30055007002754
1071	1034	PC	.819137830840029
1071	1071	PC	319.487176262284
1071	1072	PC	196.577196871258
1071	1074	PC	37.7735751706452
1071	1075	PC	2.61514217760463
1071	1102	PC	2.16488303782612
1071	1119	PC	14.7231635482307
1071	1124	PC	14.3781520091778
1071	1149	PC	1.55528114983355
1071	1172	PC	64.6172744336126
1071	1271	PC	7.90603105616808
1071	1273	PC	2.14182813346447
1071	1275	PC	10.4793876851503
1071	1531	PC	3.69016784001852
1071	1671	PC	10.307326999801
1071	1833	PC	539.63187467501
1074	211	PC	19.2595316402365
1074	220	PC	14.7554986191198
1074	231	PC	14.9875142776036
1074	301	PC	294.8417386755
1074	306	PC	1.30348477497513
1074	309	PC	226.043812252312
1074	706	PC	73.2331016688008
1074	720	PC	2.82440703901062
1074	814	PC	34.5633208386821
1074	1106	PC	6.45186654658944
1074	1119	PC	1.35858617689338
1074	1124	PC	12.5489735047014
1074	1127	PC	381.126380207859
1074	1271	PC	9.87654853834476
1074	1274	PC	48.8852640453839
1074	1674	PC	2.12848027904905
1074	1931	PC	3.90089171034224
1101	50	PC	16.7870595466684
1101	52	PC	28.8806956402002
1101	54	PC	14.1051032877332
1101	58	PC	100.850660743015
1101	214	PC	211.692119196661
1101	216	PC	1.45215784642922
1101	219	PC	33.2835778698733
1101	220	PC	6.17426450481623
1101	231	PC	28.9326987069747
1101	301	PC	793.25985774898
1101	309	PC	67.5359368777165
1101	706	PC	1012.64693104698
1101	709	PC	3866.23821109237
1101	1034	PC	7.29908811802763
1101	1071	PC	65.6181093357824
1101	1074	PC	193.148845339304
1101	1106	PC	238.384881017239
1101	1120	PC	25.4241550471712
1101	1122	PC	873.292813195258
1101	1124	PC	13334.5394673192
1101	1127	PC	109.245369579278
1101	1142	PC	86.4585021053998
1101	1149	PC	165.006676947667
1101	1172	PC	546.773358267725
1101	1173	PC	1088.07845304959
1101	1175	PC	2796.84266866449
1101	1246	PC	223.014518987848
1101	1271	PC	1260.72586984217
1101	1273	PC	44.6642735650939
1101	1274	PC	71.9572325551889
1101	1275	PC	90.4402865566724
1101	1277	PC	470.060943251689
1101	1439	PC	.584879434870534
1101	1972	PC	7253.79827486174
1101	2025	PC	953.456028676104
1101	4001	PC	7704.58156521327
1101	4004	PC	14.4817360339725
1101	5102	PC	15.0570322067997
1101	5103	PC	2.23496354911265
1101	5605	PC	3.22828068205161
1102	231	PC	1.33304476953913
1102	1102	PC	11.1566224679779
1106	50	PC	11.2150879425396
1106	58	PC	8.60372159408403
1106	61	PC	1.76972029918973
1106	106	PC	44.294709657766
1106	211	PC	21.2123269441665
1106	215	PC	5.87669340826461
1106	219	PC	1.71279009520739
1106	235	PC	41.3476022859794
1106	301	PC	1989.57755525604
1106	306	PC	2301.61622733942
1106	309	PC	75.6064045975882
1106	402	PC	2.31060918550421
1106	403	PC	44.0972171242924
1106	605	PC	18.3980217385266
1106	623	PC	6.06547807913086
1106	704	PC	240.579244808867
1106	706	PC	52.9494012399973
1106	806	PC	2.12935560323771
1106	814	PC	173.992491628607
1106	1002	PC	4.33893083786348
1106	1032	PC	11.9000359064385
1106	1071	PC	17.9639384031989
1106	1072	PC	31.4368922055981
1106	1172	PC	11.5958970545121
1106	1274	PC	1.55774525387284
1106	1275	PC	4.80077059090346
1106	1401	PC	13.09770629538
1106	1422	PC	37.8215689485557
1106	1439	PC	53.3020398489337
1106	1443	PC	2.40499825938654
1106	1502	PC	8.4337024770262
1106	1503	PC	8.22449338778248
1106	1504	PC	40.7962944556562
1106	1528	PC	111.63372121738
1106	1531	PC	5.99756986400265
1106	1548	PC	1.44586942221792
1106	1554	PC	6.53907384327659
1106	1671	PC	95.7654879049086
1106	1674	PC	1.60846426713671
1106	1805	PC	4.30027200622254
1106	1919	PC	4.06610739090578
1106	1926	PC	15.9038813546171
1106	1971	PC	53.307130363914
1106	1974	PC	14.2152347637104
1106	3001	PC	68.0313408037355
1106	4001	PC	16.1003390940238
1106	4004	PC	1.17089633748716
1119	50	PC	13.1416868680107
1119	52	PC	1.64677898841342
1119	58	PC	9.68974303327318
1119	1124	PC	325.642801485087
1124	135	PC	8.12600766078776
1124	226	PC	4.55475752967528
1124	301	PC	43.6236029770117
1124	309	PC	28.3829415350059
1124	1071	PC	2.73336384674581
1124	1074	PC	51.8672908143161
1124	1106	PC	11.5387790491303
1124	1119	PC	35.6913221518298
1124	1124	PC	27.2022459589749
1124	1127	PC	11.5720416528888
1124	1146	PC	14.269928770148
1124	1172	PC	11.9887480609906
1124	1224	PC	11.9230546435543
1124	1271	PC	81.5117217045078
1124	1273	PC	2.37277709199023
1124	1274	PC	.795180273431905
1124	1662	PC	1.14645211878998
1133	235	PC	17719.2901496667
1133	305	PC	42.2095293561343
1133	602	PC	29.8471123322155
1133	1004	PC	.48119994998088
1133	1071	PC	3.86779312098764
1133	1074	PC	51.2177236442363
1133	1133	PC	10.7495226644514
1133	1245	PC	19.658007511293
1133	5106	PC	1.35224553546306
1133	5403	PC	82.6038383885335
1133	5605	PC	3.14063199208627
1133	5860	PC	4.31967323828477
1133	5870	PC	1.58179338870524
1141	235	PC	74.1785675789394
1142	1124	PC	4.92833644877045
1142	1539	PC	12.2242773962816
1142	1702	PC	27.4102062631939
1142	2025	PC	5.27631613376937
1144	214	PC	72.7835744580031
1144	227	PC	108.989929237442
1144	1014	PC	178.858590708914
1144	1121	PC	184.163167106536
1144	1554	PC	94.7217461006863
1144	1841	PC	106.184318972777
1149	105	PC	7.4517075353014
1149	211	PC	2316.93434453482
1149	213	PC	537.215361758673
1149	214	PC	493.072330572292
1149	230	PC	1588.09440607062
1149	231	PC	1.16418720843513
1149	235	PC	3144.87305018003
1149	306	PC	8.48048614535785
1149	309	PC	1007.18071058082
1149	412	PC	61.9818194749936
1149	542	PC	10.6515663071696
1149	626	PC	18.4213470858627
1149	704	PC	16.9240134052279
1149	706	PC	2.11685897362436
1149	709	PC	109.6133614774
1149	926	PC	39.789483699621
1149	1072	PC	87.1555486087406
1149	1101	PC	13.8055961500832
1149	1102	PC	633.915476090541
1149	1122	PC	35.6039855116726
1149	1124	PC	866.751326932432
1149	1172	PC	1043.85108266785
1149	1173	PC	9.50157998367647
1149	1271	PC	6.75171300035744
1149	1274	PC	126.909416819006
1149	1275	PC	410.378952210328
1149	1276	PC	96.0151447760257
1149	1277	PC	797.228651937987
1149	1401	PC	.962748926660405
1149	1439	PC	7.29235038949891
1149	1502	PC	14.0396969628719
1149	1503	PC	2.00597399702012
1149	1504	PC	3.17840788726933
1149	1531	PC	19.0258109929819
1149	1554	PC	257.226086097642
1149	1673	PC	38.9641312840347
1149	1677	PC	2336.30699301977
1149	1702	PC	3.07983370957978
1149	1805	PC	212.74643759535
1149	1870	PC	.580553827518066
1149	1929	PC	2.2141322353196
1149	1971	PC	858.043697709718
1149	1972	PC	87.8745832744805
1149	1973	PC	24.3402134145977
1149	4001	PC	1.97138610072531
1149	4004	PC	3.93865657284784
1149	5101	PC	26.6466373886138
1149	5104	PC	4.07447231673915
1149	5201	PC	6.14874913253363
1149	5501	PC	53.0957246042947
1149	5605	PC	31.134730379931
1149	5700	PC	89.846230212701
1149	5790	PC	1.39931372494072
1149	5820	PC	1.65448269831226
1149	5840	PC	2.51876470489329
1149	5880	PC	6.87721539522335
1149	5910	PC	11.1945097995257
1149	6000	PC	988.36615114015
1149	6020	PC	47.7865637067255
1149	6040	PC	1.85203287124507
1173	5770	PC	6.26039599751416
1175	6000	PC	19.2528044910219
1219	230	PC	66.2182480237974
1219	235	PC	56.7756380969781
1219	1071	PC	2.43053224588101
1219	1106	PC	.754883680873064
1219	1274	PC	1.26898628062217
1219	1275	PC	1.88535737910587
1222	1149	PC	3.34671060592524
1223	831	PC	2.35074166066345
1223	1223	PC	1.8362708786013
1223	1244	PC	130.497495140874
1223	1245	PC	1577.25015284862
1223	1271	PC	4049.36878326515
1223	1439	PC	1.71869081405907
1224	235	PC	86.8966084504611
1224	1071	PC	1.93459803866837
1224	1275	PC	2.45839075065068
1238	230	PC	51.5510110405362
1241	104	PC	63.4944013959526
1241	302	PC	1.64102999230046
1241	1141	PC	4.65999686228232
1241	1224	PC	18.0266423000371
1241	1241	PC	14.4421452688214
1241	1243	PC	3.06256077437749
1241	1271	PC	2.48087932697471
1241	1401	PC	.978940869373046
1241	1671	PC	122.913975371534
1241	1833	PC	2.0620261463021
1243	1251	PC	19.4177705911878
1243	1439	PC	20.489225800335
1244	106	PC	8.65502949833048
1244	230	PC	5.03370329285184
1244	1244	PC	11124.8353981548
1244	1503	PC	5.00028832987801
1245	58	PC	2.3128586110472
1245	106	PC	740.71544650798
1245	211	PC	12.3540415299285
1245	217	PC	10.9201453939655
1245	219	PC	1.30837661643185
1245	226	PC	3.80588257430898
1245	228	PC	76.8288782982279
1245	230	PC	1416.98803253418
1245	231	PC	278.345327553144
1245	235	PC	13698.7441348192
1245	301	PC	952.736322106332
1245	305	PC	82.1896464535905
1245	306	PC	108.683807537126
1245	308	PC	2.93154455879452
1245	309	PC	230.111660932105
1245	310	PC	555.580893295234
1245	534	PC	25.9690314988443
1245	709	PC	1010.47216376371
1245	1072	PC	121.169926495819
1245	1102	PC	10.471334909796
1245	1124	PC	30.5668653671647
1245	1127	PC	240.740329054393
1245	1146	PC	2.13626676543017
1245	1149	PC	2.06943957014684
1245	1172	PC	54.1312026562912
1245	1173	PC	4.17191126710609
1245	1245	PC	156.731680237427
1245	1271	PC	287.250787304784
1245	1274	PC	425.440385074878
1245	1275	PC	49.1723802384736
1245	1277	PC	26.3098266609044
1245	1511	PC	129.743710551739
1245	1525	PC	28.4955557022646
1245	1531	PC	6.24444663256683
1245	1532	PC	386.393184319839
1245	1539	PC	7.230423340421
1245	1545	PC	6.53296350866567
1245	1671	PC	65.726591478104
1245	1674	PC	66.4272925934368
1245	1804	PC	7.8242909004224
1245	1813	PC	6.16509291533384
1245	1851	PC	1.4199849057957
1245	1865	PC	7.8713764404824
1245	1901	PC	1.02449760782356
1245	1971	PC	160.474234055392
1245	4001	PC	4.20065131519925
1245	5700	PC	15.8399560010638
1245	6020	PC	23.0848293259387
1246	1401	PC	1.94284214438422
1246	1439	PC	31.9035594271634
1246	1504	PC	1.92745453481667
1246	1750	PC	4.96852930716538
1246	1870	PC	2.41781088138689
1246	1901	PC	13.5428794924353
1246	1971	PC	6.91124911271548
1246	1972	PC	7.64443076281156
1246	4001	PC	10.2057490782966
1247	106	PC	24.108150803653
1253	50	PC	2.1419987857266
1253	211	PC	44.4044372384187
1253	309	PC	302.837090569709
1253	1172	PC	94.1257567643936
1253	5730	PC	431.837790215795
1253	6020	PC	101.765778886077
1260	432	PC	77.7554370933976
1260	541	PC	140.126759250323
1260	543	PC	91.7925542631206
1260	605	PC	67.6741404669788
1260	706	PC	130.025554085575
1260	822	PC	121.587959615623
1260	826	PC	66.0018948854152
1260	1046	PC	68.0237370400829
1260	1130	PC	89.4616864597951
1260	1173	PC	113.653558467169
1260	1243	PC	57.7570043669407
1260	1516	PC	108.609494327841
1260	1644	PC	118.862850771582
1260	1740	PC	112.501798459623
1260	1804	PC	65.029530528532
1260	1852	PC	122.384112896763
1260	1929	PC	70.6959059817007
1260	2004	PC	58.374206633251
1260	2015	PC	105.246616703641
1260	2018	PC	140.102393671768
1271	50	PC	15.5086546324543
1271	52	PC	7.43448605785262
1271	58	PC	64.4391580227439
1271	104	PC	1.82478481467484
1271	230	PC	510.702534843216
1271	235	PC	5.0066655429325
1271	301	PC	481.097759650583
1271	306	PC	10.4339475588882
1271	402	PC	1.43650959761282
1271	602	PC	154.295733942794
1271	617	PC	11.1501566159974
1271	618	PC	2.22104644882294
1271	706	PC	2.12941854133568
1271	709	PC	42.2992288770567
1271	1002	PC	5.99058738233806
1271	1071	PC	2.94627588180789
1271	1072	PC	1.81272328392458
1271	1074	PC	37.899036241889
1271	1106	PC	26.6220989751774
1271	1122	PC	8.09028515146811
1271	1124	PC	54.1805313902676
1271	1127	PC	134.822601859373
1271	1173	PC	14.421091146779
1271	1219	PC	1.92877169746404
1271	1221	PC	104.161153943427
1271	1222	PC	6.94399971850376
1271	1223	PC	7.66459232682735
1271	1224	PC	41.3400505154377
1271	1227	PC	.576085053324149
1271	1228	PC	3.87824097816139
1271	1231	PC	7.45229828194475
1271	1232	PC	3.80525684544369
1271	1233	PC	17.7490990771961
1271	1235	PC	151.917014743878
1271	1238	PC	52.0092316912569
1271	1243	PC	88.3320049488866
1271	1244	PC	34.6172836256732
1271	1245	PC	86.7837282594007
1271	1246	PC	137.533885314332
1271	1247	PC	73.3219951171152
1271	1251	PC	5.21339952874083
1271	1253	PC	11.9883017701088
1271	1256	PC	4.06558174368877
1271	1259	PC	9.90357471966051
1271	1260	PC	19.4653866706821
1271	1263	PC	51.2754323843501
1271	1271	PC	1152.11134626147
1271	1272	PC	307.440773631359
1271	1273	PC	531.947441334245
1271	1274	PC	232.59642987447
1271	1275	PC	387.096220645466
1271	1276	PC	165.731955024151
1271	1277	PC	302.275790175863
1271	1417	PC	14.3155768846698
1271	1419	PC	5.53328579494732
1271	1420	PC	61.8620819777814
1271	1421	PC	15.3269199291641
1271	1422	PC	12.1496809332687
1271	1430	PC	1.61775578536775
1271	1439	PC	47.9897882172095
1271	1449	PC	1.54352317301206
1271	1504	PC	7.98134698029167
1271	1515	PC	97.4885809759772
1271	1520	PC	1.37362815506532
1271	1523	PC	43.4844406472765
1271	1532	PC	1.91067240476758
1271	1653	PC	2.89029153291894
1271	1671	PC	4.61104681392259
1271	1702	PC	81.3587800413029
1271	1833	PC	111.025762705261
1271	1971	PC	47.0663261451017
1271	1972	PC	9.15127648540165
1271	1973	PC	25.7445716216252
1271	4001	PC	48.7367233444992
1271	4004	PC	16.5421482100034
1271	4005	PC	30.7276810244262
1271	5101	PC	14.9335654643021
1271	5104	PC	3.30884637328194
1271	5106	PC	3.07756051217722
1271	5201	PC	782.371307455858
1271	5302	PC	2.18783922666627
1271	5403	PC	149.47317596584
1271	5404	PC	26.574953806573
1271	5501	PC	29.3295475757661
1271	5605	PC	32.8030028051496
1271	5700	PC	187.14360013622
1271	5720	PC	1.74818772492667
1271	5750	PC	6.14261908591635
1271	5760	PC	159.887290684771
1271	5790	PC	20.6073618587899
1271	5800	PC	38.6309897737073
1271	5810	PC	59.6446646317352
1271	5820	PC	16.7171753481366
1271	5840	PC	44.2776986349126
1271	5842	PC	236.557511812783
1271	5860	PC	256.416841021693
1271	5870	PC	96.1899143426873
1271	5880	PC	8.95972254729996
1271	5920	PC	415.418577733766
1271	6000	PC	923.39734035036
1271	6010	PC	261.271760448486
1271	6020	PC	403.37504370507
1271	6030	PC	2592.56031240984
1271	6040	PC	22.2159446044912
1271	6050	PC	1129.54597056889
1272	6000	PC	3700.073700138
1273	52	PC	36.7786192284632
1273	58	PC	45.0173966591665
1273	226	PC	12.3000633810409
1273	230	PC	322.774278331741
1273	235	PC	51.2736600826581
1273	302	PC	1.98425195147441
1273	303	PC	2.47548838054213
1273	305	PC	2.98388590756855
1273	306	PC	3.0675462601172
1273	309	PC	87.42296617884
1273	311	PC	1.93062352035348
1273	412	PC	11.9020521077015
1273	1072	PC	12.4728666325086
1273	1122	PC	21.9664148990572
1273	1243	PC	48.9765833963872
1273	1271	PC	34.1081474772172
1273	1273	PC	2.0279667522954
1273	1274	PC	217.034398874416
1273	1275	PC	19.3073250641201
1273	1276	PC	9.26104816881566
1273	1439	PC	2.17583345625946
1273	1865	PC	4.04059588661439
1273	4005	PC	16.2004285593622
1273	5760	PC	11.4601102349186
1273	5841	PC	6.25096921904649
1273	5920	PC	19.5488644043647
1274	231	PC	3.4758745131256
1274	1271	PC	6.47146723621377
1274	1439	PC	1.83485604182104
1274	4001	PC	1.29811794115532
1274	4004	PC	1.92529851946632
1274	5201	PC	467.670429435775
1274	5501	PC	16.2129304978002
1274	5605	PC	7.73869989317955
1274	5790	PC	9.89736793015694
1274	5800	PC	82.1377355382708
1274	5880	PC	52.4893885323333
1274	6030	PC	47.4448563725628
1275	1274	PC	3.04735803978256
1275	1534	PC	3.70051901385455
1275	5720	PC	30.2921968354993
1275	5850	PC	10.0328055965696
1275	5880	PC	18.7883298160474
1275	6000	PC	59.7905205801797
1275	6030	PC	1.53773842788544
1275	6050	PC	58.3423793777672
1277	5101	PC	4.07979924363101
1277	5403	PC	9.76401392015061
1277	5605	PC	16.3337825693685
1277	5700	PC	14.3980657678704
1277	5810	PC	1.27519772068548
1277	6020	PC	3.22341646062164
1277	6030	PC	7.45948993472881
1401	230	PC	4.29301910036815
1401	709	PC	37.4795836182949
1401	1245	PC	9.30171092951353
1401	1432	PC	.850941090295912
1401	1445	PC	1.02399998987988
1411	230	PC	24.634744056396
1411	1245	PC	2.88883096450207
1411	2025	PC	21.2564915139475
1412	1271	PC	.568225697033296
1412	1432	PC	1.26393401553365
1412	1445	PC	1.07850963029214
1416	50	PC	3.04807424379571
1416	52	PC	1.15537403513884
1416	54	PC	.745365555472274
1416	56	PC	.907301677693523
1416	58	PC	36.1841096929267
1416	61	PC	.851026004013798
1416	62	PC	15.9122338537263
1416	4001	PC	550.276989562484
1416	4004	PC	4.33739844292645
1416	4005	PC	15.7763356522759
1416	5101	PC	7.12436717928051
1416	5102	PC	2.53395382718335
1416	5403	PC	1.81421902259241
1416	5404	PC	35.8776528833613
1416	5501	PC	2.57200118194586
1416	5605	PC	80.7859483672433
1416	5710	PC	3.06281205838228
1416	5790	PC	4.83201405483912
1416	5810	PC	30.5672448162027
1416	5831	PC	46.5166959326481
1416	5840	PC	22.6686139675051
1416	5860	PC	10.1491318829003
1416	6000	PC	5.70219835016713
1416	6010	PC	28.5887578381206
1416	6020	PC	19.7778601487385
1416	6050	PC	27.1986890279025
1428	230	PC	37.022491681755
1428	235	PC	1.52498745724167
1428	6020	PC	37.1602008261437
1438	58	PC	21.6788930541818
1438	305	PC	4067.20926966197
1438	5810	PC	15.9375598387337
1439	58	PC	126.883538723686
1439	137	PC	92.4297623659211
1439	226	PC	75.910350580798
1439	230	PC	31.5406802242757
1439	231	PC	10.6948620422745
1439	301	PC	90.0569577498033
1439	305	PC	1.79217826367768
1439	306	PC	3.83281760481976
1439	309	PC	2.58847565128901
1439	403	PC	79.8470893531481
1439	412	PC	2.9348986466237
1439	1124	PC	2.01920659987876
1439	1149	PC	2.78240550307054
1439	1172	PC	55.9843707600591
1439	1243	PC	168.82847675514
1439	1246	PC	1.70268620182172
1439	1271	PC	22.1070212449765
1439	1273	PC	12.0011988759743
1439	1274	PC	2.5692406149813
1439	1439	PC	1.81166871933538
1439	1449	PC	8.08348310904274
1439	1865	PC	56.3821489197398
1439	1871	PC	1.97435828573161
1439	4001	PC	62.7741278483143
1439	4005	PC	206.090549691653
1439	5201	PC	1.53112453769247
1439	5403	PC	3.30358911879384
1439	5404	PC	7.97609061495614
1439	5501	PC	23.1449058023281
1439	5700	PC	6.40144574156698
1439	5880	PC	412.875446557376
1439	6000	PC	4.65865411662245
1439	6010	PC	1.98017527419918
1439	6030	PC	19.8967062016937
1439	6050	PC	549.897245301313
1441	58	PC	37.1307591375811
1441	105	PC	8.1288016142542
1441	137	PC	10.0835838217309
1441	211	PC	253.774383163644
1441	231	PC	2.09558639859455
1441	235	PC	4.57351183006826
1441	301	PC	2.94080160539837
1441	309	PC	46.921670822532
1441	412	PC	42.0559606460379
1441	542	PC	14.9159776875888
1441	602	PC	9.54301574189295
1441	626	PC	18.223815364461
1441	709	PC	22.3200628275888
1441	926	PC	16.9371557501511
1441	1122	PC	12.8347814907727
1441	1271	PC	1.50175429784918
1441	1274	PC	2.25904920018339
1441	1276	PC	36.2816992756726
1441	1502	PC	4.23443798275191
1441	1528	PC	11.1155324190366
1441	1529	PC	1.412315347956
1441	1531	PC	9.6430289874525
1441	1566	PC	9.38547765708692
1441	1673	PC	23.0193576439473
1441	1677	PC	27.4673213623052
1441	1971	PC	2.14612667132871
1441	1973	PC	23.1762549160999
1441	3001	PC	1.2462641585869
1441	4001	PC	1.18691824627324
1441	5700	PC	2.42922601070589
1502	230	PC	2.84204942887327
1502	301	PC	4.52144251103044
1502	1271	PC	1.30836114600791
1502	1502	PC	8.90373205109481
1502	1653	PC	4.48371724201142
1502	1676	PC	1.62955838684659
1503	211	PC	35.1237683970612
1503	226	PC	12.0214041063167
1503	230	PC	4.48503982785611
1503	231	PC	5.71342722302952
1503	235	PC	19.7340560059622
1503	305	PC	1.26613519985595
1503	309	PC	45.6016183552786
1503	412	PC	14.4395510070679
1503	542	PC	2.38603583572982
1503	709	PC	17.9692280539845
1503	926	PC	7.83028097829712
1503	1071	PC	3.40431420106884
1503	1106	PC	2.80166728799541
1503	1122	PC	9.62570553485939
1503	1243	PC	5.10668665502125
1503	1247	PC	29.8918637660469
1503	1271	PC	4.76934741472576
1503	1272	PC	1.76218045997542
1503	1274	PC	11.2331710985801
1503	1275	PC	8.62661479503556
1503	1276	PC	21.0083351994771
1503	1401	PC	8.8849026148714
1503	1432	PC	1.71487942938692
1503	1445	PC	1.03953135353994
1503	1502	PC	2.5408376729176
1503	1531	PC	5.87465741520286
1503	1677	PC	11.7368081848182
1503	1804	PC	11.4602505097884
1503	1865	PC	1.50863378724854
1503	1973	PC	4.94201196307718
1503	5201	PC	192.693344440753
1503	5403	PC	17.4729698127758
1503	5404	PC	12.2160124535836
1503	5605	PC	55.5889646700324
1503	5880	PC	25.4500259449659
1503	5890	PC	5.5236736310954
1503	6030	PC	419.497867656062
1503	6040	PC	26.8141473356161
1503	6050	PC	1.52700155669796
1504	50	PC	1157.22459743581
1504	51	PC	42.1052935856554
1504	52	PC	442.425681372547
1504	54	PC	325.881019331706
1504	55	PC	7.87935318561972
1504	56	PC	380.207518014641
1504	57	PC	11.203455310803
1504	58	PC	7679.51309044944
1504	59	PC	91.8047241869302
1504	60	PC	54.9092425122874
1504	61	PC	91.1316961023251
1504	62	PC	31.5174127424789
1504	106	PC	200.889878927012
1504	125	PC	2.68719895555042
1504	211	PC	203.810561018612
1504	213	PC	188.179246507371
1504	217	PC	2.42362684417128
1504	219	PC	11.4495238976093
1504	220	PC	209.816730021981
1504	230	PC	17.2471716350375
1504	231	PC	1.59395097722161
1504	235	PC	25.1822786278365
1504	301	PC	96.0345691673538
1504	302	PC	7.53545868638096
1504	303	PC	5.14457741106426
1504	304	PC	23.3705581596428
1504	305	PC	138.372729112265
1504	306	PC	3.13550200401116
1504	307	PC	23.5981756339451
1504	309	PC	13.8650623114534
1504	403	PC	3.36830846758409
1504	417	PC	6.90422525960885
1504	501	PC	1.55922282328735
1504	514	PC	24.268811767934
1504	517	PC	1.57177540010051
1504	544	PC	1.04473895673791
1504	602	PC	1.3257756462734
1504	620	PC	2.91648528790945
1504	704	PC	11.0742361183973
1504	706	PC	2.80459885983675
1504	709	PC	5.46999550032744
1504	720	PC	4.67242850369397
1504	806	PC	2.86195864136407
1504	1072	PC	13.0320239152851
1504	1101	PC	5.66005118073224
1504	1102	PC	2.73893260306548
1504	1106	PC	2.60222304566139
1504	1124	PC	35.8886668588155
1504	1130	PC	3.81912271623364
1504	1149	PC	1.48996508909766
1504	1172	PC	26.9501644543162
1504	1173	PC	31.2634190771175
1504	1175	PC	4.68832125209943
1504	1235	PC	21.9387274341473
1504	1246	PC	1.25773930842476
1504	1260	PC	13.294503412093
1504	1271	PC	247.228634848551
1504	1272	PC	15.8610912971558
1504	1273	PC	83.1517092715325
1504	1274	PC	305.272003271921
1504	1275	PC	18.6307439002617
1504	1277	PC	21.2908015426914
1504	1401	PC	8.51508795981247
1504	1418	PC	11.4633692951327
1504	1419	PC	6.8386983590252
1504	1420	PC	2.59089969077716
1504	1421	PC	3.34425424377097
1504	1424	PC	1.04793436862262
1504	1430	PC	1.45567870890652
1504	1432	PC	3.17400949725997
1504	1439	PC	1.32973124256841
1504	1445	PC	1.23208029376308
1504	1502	PC	1.04643792019363
1504	1504	PC	11900.9397105772
1504	1514	PC	17.1479407687289
1504	1515	PC	2.09979225187041
1504	1519	PC	1.32737992115582
1504	1528	PC	1.40343123607045
1504	1531	PC	23.5329583208093
1504	1539	PC	1.15897087967931
1504	1617	PC	33.0839678246221
1504	1653	PC	2.30903863920409
1504	1671	PC	48.5052049986869
1504	1674	PC	2.06021095405174
1504	1676	PC	8.92124763748937
1504	1677	PC	3.34761147537216
1504	1714	PC	1.53001852946695
1504	1748	PC	3.9517099336055
1504	1804	PC	30.9343007219476
1504	1805	PC	.92354058961671
1504	1813	PC	.528287722246869
1504	1833	PC	.983904951527549
1504	1870	PC	1.67201715696124
1504	1901	PC	1.41147756827874
1504	2012	PC	1.14622098133483
1504	3001	PC	851.591874259231
1504	4001	PC	674.585488008111
1504	4002	PC	14.7327489251952
1504	4003	PC	20.6915097718201
1504	4004	PC	174.371727529678
1504	4005	PC	7.98194893022413
1504	5101	PC	1192.02917783541
1504	5102	PC	64.7379148453912
1504	5104	PC	20.0061701978626
1504	5106	PC	109.375271407884
1504	5201	PC	2893.34978763186
1504	5203	PC	134.29782968719
1504	5204	PC	564.309425962601
1504	5402	PC	3.69344680575924
1504	5403	PC	2000.21279255251
1504	5404	PC	102.10123311543
1504	5501	PC	202.068474743088
1504	5605	PC	1955.6862393942
1504	5700	PC	2535.13058960084
1504	5710	PC	56057.6972254743
1504	5720	PC	4635.35576590863
1504	5740	PC	40.2585701827757
1504	5800	PC	2.05191489208846
1504	5810	PC	80.6094765356953
1504	5820	PC	82.7332084490069
1504	5831	PC	2.46229787050616
1504	5840	PC	61.9555182517191
1504	5841	PC	29.527055297153
1504	5842	PC	2.62645106187323
1504	5860	PC	1304.60133264517
1504	5870	PC	3.28306382734154
1504	5880	PC	6755.28753284004
1504	6000	PC	39612.7176590016
1504	6010	PC	48.1174042194746
1504	6020	PC	1265.88169863146
1504	6030	PC	320.478327420838
1504	6040	PC	88722.2473517796
1504	6050	PC	188.084674753505
1511	58	PC	33.2814781879232
1511	306	PC	1.94320320730706
1511	5800	PC	1.54267637019882
1514	58	PC	50.1137914716481
1514	106	PC	14.300121183341
1514	128	PC	3813.22934637809
1514	211	PC	425.964165310417
1514	230	PC	615.731668359023
1514	305	PC	33.5330024069151
1514	309	PC	405.486261761269
1514	412	PC	111.547824867388
1514	542	PC	24.1322827199676
1514	626	PC	118.918133925094
1514	709	PC	146.376286112546
1514	926	PC	107.208827823007
1514	1021	PC	5694.37521335239
1514	1122	PC	126.809829189041
1514	1276	PC	269.457443771002
1514	1502	PC	34.2895804834767
1514	1531	PC	65.9523605432019
1514	1673	PC	134.694278440129
1514	1677	PC	5.47556840935076
1514	1973	PC	63.3653954209587
1514	4001	PC	4.38604066036918
1514	5930	PC	6.09810894572709
1514	6030	PC	30.1215123420389
1515	50	PC	43.749495230671
1515	52	PC	4.63811196268925
1515	58	PC	86.82948908238
1515	219	PC	5.40666550460856
1515	231	PC	2.99073162413534
1515	235	PC	5.95457867225103
1515	301	PC	1.94320320730706
1515	309	PC	15.9919810960323
1515	709	PC	3.51650666652827
1515	720	PC	7.91895145184233
1515	805	PC	1.61646745753928
1515	1004	PC	1.34995755666736
1515	1504	PC	4.36278798485956
1515	1529	PC	32.468496815362
1515	1534	PC	7.94534911695421
1515	1617	PC	19.4353210446512
1515	1653	PC	270.974392926533
1515	1677	PC	8.56254741072521
1515	4001	PC	10.4034867893538
1515	5101	PC	30.1840260250142
1515	5102	PC	76.6074936306965
1515	5404	PC	33.6121957365672
1515	5700	PC	3.84559978819496
1515	5710	PC	160.266934015099
1515	5770	PC	29.4459612518211
1515	5790	PC	22.980836489916
1515	5860	PC	11.9199477441114
1515	5870	PC	3.57537935210785
1515	5880	PC	29.1394425481999
1515	6000	PC	3.18819783174422
1515	6020	PC	4.0936379496779
1515	6030	PC	21.5369720702266
1515	6050	PC	49.7508087963072
1516	1272	PC	2.06615028662424
1516	1432	PC	1.95654090839299
1516	1445	PC	.545049756510427
1517	1529	PC	2.09957947073934
1517	1534	PC	3.71401962061299
1519	1243	PC	3.02598724771871
1519	1503	PC	9.69156322479551
1519	1504	PC	6.77283299869733
1519	1677	PC	67.1901800328775
1520	230	PC	2513.5174710054
1520	235	PC	94.8324981626438
1520	301	PC	95.8129563355932
1520	1271	PC	1.3061288199506
1520	1529	PC	22.7417388700629
1520	5403	PC	54.4660904714819
1525	5501	PC	2.23043148770016
1525	5605	PC	2.81317531705329
1525	5790	PC	11.1685727576375
1525	5860	PC	81.6764722795813
1525	5870	PC	54.3552254914234
1525	5880	PC	11.4271140340407
1525	6000	PC	10.5488944602268
1525	6010	PC	322.222455079113
1525	6020	PC	659.791181636155
1525	6030	PC	313.924511255507
1525	6040	PC	58.6170527222913
1525	6050	PC	212.08181941648
1529	237	PC	1.36958669364605
1529	301	PC	1.4068977994
1529	1547	PC	33.533137274263
1529	1617	PC	3.37860417726579
1529	1676	PC	1.97397300825365
1531	50	PC	88.1974578066386
1531	52	PC	10.6638016941838
1531	58	PC	8.05376595144724
1531	230	PC	16.2317170316547
1531	235	PC	16.4212167376944
1531	301	PC	3.17175180316687
1531	309	PC	27.5802878948115
1531	310	PC	6.36716314890623
1531	704	PC	1.45408861170678
1531	906	PC	1.99036839688795
1531	1071	PC	5.22360028644829
1531	1102	PC	1.45556426813764
1531	1106	PC	1.81565255034605
1531	1124	PC	16.6217822909875
1531	1127	PC	3.65176711813092
1531	1146	PC	2.81271953148374
1531	1149	PC	16.6951656992207
1531	1172	PC	4.55136746214824
1531	1173	PC	6.16603313393879
1531	1271	PC	48.7007031341766
1531	1273	PC	55474.4563319989
1531	1277	PC	2.7888023198631
1531	1504	PC	86.8028831081993
1531	1531	PC	13.8032057911345
1531	1653	PC	6.10667049315599
1531	1671	PC	6.9525550070328
1531	1702	PC	1.46998017987484
1531	1703	PC	3.91744126980559
1531	1804	PC	1.55556958605234
1531	1805	PC	1.23996414094995
1531	3001	PC	40.7448740122006
1531	4001	PC	6.08803148482647
1531	4004	PC	1.57587063712394
1531	5106	PC	3.37539999748553
1531	5201	PC	1.21678553100846
1531	5403	PC	279.296395536622
1531	5501	PC	113.955145447025
1531	5700	PC	41.3009429479566
1531	5710	PC	887.709680189772
1531	5860	PC	6.32810552720082
1531	5870	PC	3.50261872079501
1531	5880	PC	5.5504297830993
1531	6000	PC	1218.83744590055
1531	6010	PC	287.329642339148
1531	6020	PC	62.5957156980508
1531	6030	PC	39.7496952895378
1531	6040	PC	2416.10721437036
1532	123	PC	42.1565975786103
1532	211	PC	93.4905174707794
1532	213	PC	60.1656883530389
1532	219	PC	5.10653556660084
1532	220	PC	97.1232369044351
1532	231	PC	45.1721027527648
1532	235	PC	2.68678578220306
1532	301	PC	40.1339778100012
1532	302	PC	3.16277385174427
1532	303	PC	2.87716937354775
1532	304	PC	9.71530529178764
1532	305	PC	55.7066042328495
1532	307	PC	3.63554221136247
1532	402	PC	1.04776466572877
1532	403	PC	3.04047370325886
1532	514	PC	5.81673452586652
1532	517	PC	.825784505166181
1532	602	PC	1.0787290172426
1532	620	PC	2.41146619043595
1532	704	PC	3.67712913145464
1532	706	PC	1.33802781100906
1532	806	PC	1.63216960514385
1532	1072	PC	6.23241435830203
1532	1102	PC	1.39168858253265
1532	1106	PC	1.22675737535231
1532	1124	PC	13.4427786375101
1532	1127	PC	5.59421692266982
1532	1130	PC	1.86755134455576
1532	1173	PC	13.1349973494995
1532	1175	PC	1.58161186529452
1532	1235	PC	5.62651848841037
1532	1271	PC	78.2898336167457
1532	1272	PC	2.59619566696358
1532	1273	PC	5.22123795244899
1532	1274	PC	160.134236326576
1532	1275	PC	5.23455177638213
1532	1277	PC	7.33591698716377
1532	1418	PC	4.55959939207429
1532	1419	PC	7.72543458830059
1532	1432	PC	1.13942147163529
1532	1504	PC	532.957415506129
1532	1531	PC	16.2287465567572
1532	1534	PC	2.7426929457946
1532	1617	PC	978.151858335258
1532	1671	PC	17.2351284550017
1532	1674	PC	3.2241147890433
1532	1714	PC	1.24894015361955
1532	1804	PC	1.68559881620087
1532	1865	PC	12.0767003425436
1532	1972	PC	3.4550300031224
1532	5201	PC	12.3114893525308
1532	5720	PC	76.4338297302953
1532	5860	PC	14.14795318095
1532	6030	PC	90.479187166641
1532	6050	PC	277.275259367915
1534	105	PC	36.4004166620814
1534	106	PC	21.3298668655448
1534	211	PC	742.83996071555
1534	215	PC	6.6355890978658
1534	219	PC	3.10631022144721
1534	230	PC	28.888176516652
1534	231	PC	14.5712936941575
1534	235	PC	265.528951496663
1534	301	PC	38.5059055367316
1534	305	PC	5.70319611087407
1534	306	PC	5.23467379416397
1534	307	PC	1.35197386128529
1534	309	PC	443.324671499888
1534	310	PC	1.88431356916637
1534	412	PC	250.303170741017
1534	502	PC	8.41491852499741
1534	542	PC	43.3577304269464
1534	602	PC	68.5841761897045
1534	624	PC	8.6978342739646
1534	626	PC	36.1416708113127
1534	709	PC	279.937963480822
1534	828	PC	4.85300160431788
1534	926	PC	144.848337149594
1534	1072	PC	11.0709515199736
1534	1122	PC	90.9867839747451
1534	1124	PC	35.8928079119281
1534	1271	PC	2.20121889028024
1534	1274	PC	54.2005772318397
1534	1276	PC	219.382461436483
1534	1277	PC	2.24559830339072
1534	1401	PC	1.07712638044526
1534	1439	PC	9.21461138265388
1534	1502	PC	29.968177451602
1534	1503	PC	11.4395879550497
1534	1504	PC	114.246708096039
1534	1515	PC	2.26725582214862
1534	1525	PC	3.86822142600301
1534	1528	PC	21.6710170829663
1534	1531	PC	90.7965577456402
1534	1566	PC	12.0183511293271
1534	1653	PC	96.3698127941127
1534	1671	PC	48.9668679359922
1534	1673	PC	58.481220438474
1534	1674	PC	13.3119804744106
1534	1677	PC	78.2014081882288
1534	1804	PC	1.09310801984995
1534	1870	PC	1.11531909262509
1534	1901	PC	4.57209203925029
1534	1931	PC	6.52191464516448
1534	1971	PC	25.3944705229497
1534	1973	PC	61.9296188480828
1535	1865	PC	22.6263890175486
1545	230	PC	18.8246447410609
1545	720	PC	47.1893529391531
1545	1502	PC	2.16514247407842
1545	1617	PC	6.81598103879715
1545	1620	PC	81.1118705226627
1545	1653	PC	23.939313641306
1547	219	PC	1.88767671436576
1547	226	PC	5.14218491498597
1547	230	PC	5029.12706796479
1547	231	PC	171.911581441292
1547	235	PC	11498.0355605694
1547	301	PC	1269.03712192103
1547	305	PC	13.3250763150189
1547	306	PC	182.39864048982
1547	309	PC	573.525720773604
1547	310	PC	76.1650170075598
1547	403	PC	96.083409437892
1547	412	PC	25.0122790984917
1547	625	PC	.938266697530117
1547	1271	PC	77.81335702714
1547	1277	PC	2.84426336088676
1547	1502	PC	191.321981974834
1547	1503	PC	1.69365329709589
1547	1511	PC	25.1724524134902
1547	1515	PC	1.67778000181183
1547	1525	PC	134.97188092416
1547	1528	PC	10.0042565014803
1547	1529	PC	3.09272272646414
1547	1531	PC	85.2433379230681
1547	1545	PC	801.277270057291
1547	1547	PC	94.3817831288999
1547	1548	PC	1202.50249491374
1547	1554	PC	392.111910850272
1547	1620	PC	665.450882426301
1547	1671	PC	51.4598168573226
1547	1674	PC	52.690542689215
1547	1676	PC	7.17452144565061
1547	1677	PC	36.1970307244471
1547	1750	PC	2.93888933408954
1547	6030	PC	4.05567188612304
1548	106	PC	1.30071473929401
1548	230	PC	3.1461801795645
1548	301	PC	4.24569534443845
1548	1149	PC	3.77592877123156
1548	1502	PC	2.18512840460838
1548	1504	PC	3.76952574554796
1548	1531	PC	12.8461223862529
1548	1554	PC	1.97902447948529
1548	1617	PC	22.0037078415672
1548	1676	PC	4.95266695107347
1548	1719	PC	.747962344058817
1554	50	PC	3.48156354927134
1554	123	PC	465.56236788167
1554	211	PC	69.8860760347737
1554	213	PC	72.0014661090166
1554	219	PC	4.34246721974495
1554	220	PC	113.459688100952
1554	230	PC	101.503727165298
1554	231	PC	1.40638353652844
1554	235	PC	16.2054211655197
1554	301	PC	44.7272399120704
1554	302	PC	2.58383388935093
1554	303	PC	3.36326005285798
1554	304	PC	10.0857976126262
1554	305	PC	56.2908764828267
1554	306	PC	863.706142342075
1554	307	PC	7.06252121909549
1554	309	PC	19.3880397904206
1554	310	PC	440.036846760564
1554	514	PC	12.8244744970801
1554	517	PC	.907600046087574
1554	544	PC	173.224646487257
1554	706	PC	1.60290900835648
1554	709	PC	1.27814750491445
1554	806	PC	.988029180806108
1554	1003	PC	2.38835940102379
1554	1072	PC	2.76423921404776
1554	1102	PC	1.46506202601722
1554	1124	PC	11.2746724239715
1554	1130	PC	1.49069921294223
1554	1172	PC	1.86703577982249
1554	1173	PC	10.0890136675327
1554	1175	PC	1.36871243839664
1554	1235	PC	5.58368653168485
1554	1271	PC	86.8094327988581
1554	1272	PC	5.03807250392424
1554	1273	PC	9.01676707529751
1554	1274	PC	136.713696475523
1554	1275	PC	2.96500320662948
1554	1277	PC	5.04258611664736
1554	1418	PC	6.73841713510503
1554	1419	PC	2.01955461064965
1554	1420	PC	1.19066618524964
1554	1439	PC	1.93721970637343
1554	1502	PC	12.5980296755797
1554	1504	PC	1.2333517773674
1554	1525	PC	11.655403723986
1554	1528	PC	65.2006367009611
1554	1531	PC	4.01005697561051
1554	1545	PC	2.61562411057195
1554	1554	PC	70.1521662878688
1554	1617	PC	1.67850850218255
1554	1640	PC	1.0631266517519
1554	1671	PC	15.1563918119481
1554	1805	PC	.809447709558044
1554	1865	PC	85.0240544298118
1554	1901	PC	1.15906162090016
1554	1971	PC	28.4808315271465
1554	3001	PC	1.4903535193372
1554	4001	PC	3.66480373607509
1554	5402	PC	8.60414477147408
1554	5403	PC	7.28888743063824
1554	5404	PC	10.9374031501086
1554	5700	PC	196.952660782902
1554	5710	PC	331.931454386699
1554	5720	PC	1077.55409850986
1554	5810	PC	6.84096697400684
1554	5820	PC	4.60136469084984
1554	5860	PC	69.0428663855791
1554	5880	PC	726.325416450647
1554	6020	PC	2.00953404861451
1567	213	PC	2.56465052238977
1567	214	PC	1.07213496909074
1567	235	PC	80.3820075278394
1567	309	PC	71.4082268005148
1567	1653	PC	1.00471265777851
1567	1671	PC	2.75026080620259
1567	1676	PC	5.02117024309789
1567	1677	PC	.91911029513197
1567	1719	PC	10.5894361888758
1569	301	PC	919.811453144505
1569	305	PC	443.568170252416
1569	309	PC	31.5462914319411
1569	403	PC	69.1254200882414
1569	1277	PC	65.9849667693848
1569	1502	PC	58.9220197559179
1569	1503	PC	320.08475196231
1569	1504	PC	73.0347821111349
1569	1531	PC	33.9012831237362
1617	58	PC	1.71085350581709
1617	211	PC	2.97696682173342
1617	214	PC	2.65073894450548
1617	309	PC	1.50865060358797
1617	701	PC	1.84682238816566
1617	906	PC	2.02401930180502
1617	1102	PC	1.20560682550309
1617	1121	PC	1.09256589750945
1617	1277	PC	7.93870985253076
1617	1515	PC	3.0755206288599
1617	1532	PC	31.6176174259862
1617	1548	PC	2.42076410032074
1617	1671	PC	521.006994270047
1617	1818	PC	1.88582056009908
1617	1834	PC	237.613362627013
1617	5101	PC	4.19693750645756
1617	5201	PC	24.3179730285973
1617	5204	PC	21.3198667647976
1617	6020	PC	271.801569165141
1620	104	PC	5.65962994105621
1620	214	PC	4.41006003428614
1620	219	PC	56.2617228761287
1620	226	PC	25.5183250151205
1620	230	PC	5181.21895326605
1620	235	PC	12182.2390893448
1620	301	PC	120.617530295841
1620	305	PC	187.086519948955
1620	306	PC	83.6915369707348
1620	309	PC	165.962532394518
1620	310	PC	1551.7972614367
1620	412	PC	42.1761848041781
1620	420	PC	148.302005208553
1620	626	PC	35.9157727940556
1620	834	PC	.932297258913296
1620	1175	PC	19.9141645348916
1620	1238	PC	3.49166331476552
1620	1245	PC	172.624542741135
1620	1271	PC	23654.204938018
1620	1272	PC	134.418368646746
1620	1273	PC	300.595912973702
1620	1277	PC	44.389396208197
1620	1401	PC	1140.41351951808
1620	1439	PC	503.844362589115
1620	1504	PC	406.308549137539
1620	1525	PC	301.656290931084
1620	1528	PC	61.4575158709329
1620	1531	PC	3.53598687172545
1620	1545	PC	34.8142247865699
1620	1547	PC	1117.38505130815
1620	1617	PC	53075.9360183839
1620	1620	PC	132415.895453816
1620	1671	PC	490.351537890595
1620	1674	PC	2.25492831010145
1620	1676	PC	171.475538128131
1620	1677	PC	22.164578085633
1620	1749	PC	1771.87118811322
1620	1804	PC	331.309284860545
1620	1813	PC	1.50816916436608
1620	1820	PC	36.592358758017
1620	1824	PC	3.52191527014356
1620	1860	PC	652.3653978588
1620	1901	PC	1.43761408090197
1620	1931	PC	5717.3205341529
1620	2028	PC	42.0160152962418
1620	6020	PC	12.5866998907529
1621	52	PC	320.94248666369
1621	58	PC	12330.7119764091
1621	1102	PC	1.68670186267981
1621	3001	PC	990.454003572221
1621	4001	PC	5748.73998805337
1621	5101	PC	781.202143275427
1621	5104	PC	33.6128282273549
1621	5403	PC	232.568759115937
1621	5840	PC	400.416817785535
1621	5842	PC	60.022907548848
1622	230	PC	56.2392685552332
1627	50	PC	22.718670507239
1627	230	PC	1.91254969686901
1627	1554	PC	1.42547361213502
1627	1671	PC	26.8581892570229
1630	58	PC	62.4838467583508
1630	213	PC	2.35295383969734
1630	412	PC	1.65817843931926
1630	423	PC	1.48699726406946
1630	604	PC	2.04535575996385
1630	617	PC	2.68096366368994
1630	704	PC	1.01380935294976
1630	821	PC	3.36450056647702
1630	914	PC	1.66932715003609
1630	940	PC	1.13053331503622
1630	1221	PC	.82157284015751
1630	1235	PC	2.82445964033859
1630	1260	PC	2.15626208974936
1630	1273	PC	1.23873569582052
1630	1277	PC	2.53147621761687
1630	1504	PC	1.6408189355821
1630	1624	PC	1.91246297835238
1630	1677	PC	.726890833434243
1630	1702	PC	.790451648628426
1630	1833	PC	2.38727575154675
1630	1837	PC	4.02252191249793
1630	1860	PC	1.1035248153485
1630	1901	PC	.841066371292095
1630	2025	PC	4.31816449091088
1630	3001	PC	18.6071013401429
1630	5605	PC	3.60137445293088
1630	5880	PC	21.5082085383372
1630	6030	PC	38.2646035623906
1632	104	PC	1.20302257895837
1632	230	PC	74.9075738859318
1632	235	PC	107.146682230853
1632	1531	PC	13.4897258798979
1632	1677	PC	2.13624368047831
1632	1813	PC	.715889731896049
1632	1820	PC	1.13924282647838
1632	1824	PC	1.99437981277584
1653	720	PC	3.34036948539367
1671	104	PC	16.8457784599451
1671	211	PC	812.740377752214
1671	219	PC	4.75934215745682
1671	230	PC	9.52690860591856
1671	301	PC	41.423650294118
1671	309	PC	157.16853747086
1671	310	PC	12.4066415012979
1671	412	PC	56.0443268162394
1671	542	PC	22.0281698021188
1671	706	PC	6.7631060801688
1671	709	PC	134.554326844939
1671	926	PC	63.1308378199292
1671	1071	PC	1.06676991185958
1671	1072	PC	8.36003018555248
1671	1074	PC	22.9777106788173
1671	1122	PC	58.5063242248997
1671	1127	PC	7.04497901731922
1671	1243	PC	38.2585696284194
1671	1274	PC	16.3433007029728
1671	1275	PC	1.60929656812642
1671	1276	PC	187.491990723218
1671	1502	PC	22.965438002855
1671	1504	PC	3.13429287275828
1671	1531	PC	75.3674987793172
1671	1532	PC	5.91772626886873
1671	1534	PC	49.7310746977447
1671	1545	PC	1.2687291086425
1671	1547	PC	3.95442731353001
1671	1548	PC	4.0342379338394
1671	1554	PC	1.55493857651958
1671	1617	PC	1786.50323130852
1671	1675	PC	17.3980787641267
1671	1677	PC	82.0592812109152
1671	1702	PC	1.91578357229883
1671	1703	PC	.740528585164605
1671	1750	PC	19.5363041835584
1671	1804	PC	.871299973613078
1671	1813	PC	13.4077550293371
1671	1815	PC	6.70862249419901
1671	1818	PC	35.2337448612387
1671	1827	PC	7.01342564639097
1671	1856	PC	.699631128173693
1671	1857	PC	.862471248832501
1671	1860	PC	3.20109549871003
1671	1865	PC	.516806632254327
1671	1868	PC	4.36210782184251
1671	1870	PC	4.59302387599124
1671	1971	PC	8.22754311520512
1671	1973	PC	64.8119800929878
1675	1617	PC	50.2846615920829
1676	211	PC	644.83441405462
1676	230	PC	6.24626276898879
1676	309	PC	154.306576323277
1676	412	PC	51.9433399801712
1676	542	PC	23.947318103472
1676	709	PC	140.813539814253
1676	926	PC	58.6093077718607
1676	1072	PC	3.82717452914571
1676	1074	PC	1.83293799288587
1676	1122	PC	39.1156581597464
1676	1127	PC	.864768291814961
1676	1274	PC	4.91729506927517
1676	1276	PC	151.643903857846
1676	1502	PC	15.5279646119809
1676	1531	PC	72.8724036573427
1676	1671	PC	16.776718808265
1676	1673	PC	61.0803547299542
1676	1749	PC	11.4279840647407
1676	1971	PC	5.05520951709729
1676	1973	PC	43.3459453149504
1676	2014	PC	9.47054675357096
1677	1677	PC	22.415287009329
1677	1971	PC	5.60061888282542
1749	1504	PC	11.8175556026303
1750	111	PC	5.89379548802238
1750	230	PC	245.416889018805
1750	235	PC	65.6006119671219
1750	704	PC	1331.87133500773
1750	1034	PC	2938.27119093823
1750	1071	PC	996.480378355259
1750	1124	PC	408.833659839718
1750	1224	PC	1.466514037118
1750	1245	PC	396.829421796687
1750	1260	PC	166.444098846712
1750	1271	PC	30960.1617960449
1750	1272	PC	230.485318588578
1750	1401	PC	206.385354771542
1750	1439	PC	1084.16497872175
1750	1444	PC	1309.34530844773
1750	1504	PC	9571.54461431184
1750	1511	PC	184.156193471866
1750	1515	PC	127.879668169535
1750	1525	PC	422.18275589814
1750	1531	PC	668.613485306222
1750	1532	PC	33.9005696016797
1750	1547	PC	337.292535522808
1750	1548	PC	875.69887051315
1750	1617	PC	156.883641752087
1750	1621	PC	11.2961962419089
1750	1671	PC	1453.52429692053
1750	1674	PC	1.55423898302024
1750	1676	PC	1898.92787119986
1750	1677	PC	1433.35070732126
1750	1703	PC	5.96770431826673
1750	1749	PC	.548062918413249
1750	1750	PC	898.648480812167
1750	1804	PC	180.315498091966
1750	1813	PC	4.39703110676251
1750	1815	PC	24.7127638367833
1750	1828	PC	7.13668609225669
1750	1837	PC	2.36954215546569
1750	1971	PC	428.63125323027
1750	1972	PC	2.98849648285528
1750	1973	PC	1.54599709827362
1750	5102	PC	17.0120750609604
1750	5404	PC	59.5702299574728
1750	5700	PC	865.108764440414
1750	5920	PC	69.4386718082413
1750	6010	PC	113.519043848536
1804	106	PC	27.6379740214688
1804	213	PC	3913.1161477287
1804	214	PC	2784.56409454477
1804	230	PC	37.9517664634714
1804	235	PC	416.975211710284
1804	301	PC	148.925445060505
1804	305	PC	1.95039918944567
1804	306	PC	9.38327856909478
1804	309	PC	12.9981142997879
1804	417	PC	25.27244293755
1804	602	PC	22.8780397645009
1804	1102	PC	2015.12682011577
1804	1172	PC	39.5136068529338
1804	1271	PC	3.54830014003963
1804	1273	PC	223.423720326603
1804	1275	PC	6.84128940363
1804	1277	PC	1846.14643457199
1804	1401	PC	3022.00315052067
1804	1439	PC	22.3587635157994
1804	1504	PC	29.491681498537
1804	1617	PC	3.136962515821
1804	1653	PC	100.077442918237
1804	1671	PC	2.03019146605274
1804	1677	PC	3578.95260874859
1804	1719	PC	.611348156201827
1804	1804	PC	1820.99963459943
1804	1805	PC	1022.25943271799
1804	1813	PC	1.0511742254147
1804	1815	PC	1.2319477532879
1804	1828	PC	.879675406942616
1804	1833	PC	.959123834859443
1804	1837	PC	2402.19903563958
1804	1857	PC	13.1540565471746
1804	1860	PC	4.88971027067396
1804	1865	PC	6.59168081982639
1804	1931	PC	2.18290118021296
1804	1933	PC	3951.2417596296
1804	1971	PC	8.40841535070705
1804	1972	PC	2.06938373877055
1804	2014	PC	350.85414691579
1804	5201	PC	1.86302102196008
1804	5710	PC	42.2953953563093
1804	5860	PC	3.39278612835403
1804	6020	PC	4.08338874856338
1804	6040	PC	169.739684705523
1805	213	PC	5.96468598263611
1805	214	PC	2.55375289983196
1805	1102	PC	3.02245049832473
1805	1677	PC	6.17577790286991
1813	1617	PC	284.249546388534
1813	1627	PC	12.3241849121208
1813	1677	PC	7.19296776480384
1813	1750	PC	457.302186019454
1815	1677	PC	32.5309078854547
1815	1804	PC	48.3123183791385
1815	1815	PC	27.9599666097258
1815	1820	PC	1.670214842756
1815	1837	PC	1.64020101255839
1815	1860	PC	1.90013964630227
1815	1865	PC	6.55127516823454
1815	1931	PC	1.26499700599145
1818	123	PC	90.1622965008316
1818	211	PC	47.7479455447223
1818	230	PC	96.8549892701405
1818	235	PC	27402.4290947807
1818	305	PC	1166.0017987295
1818	306	PC	69.0680509230317
1818	310	PC	361.705270595067
1818	1133	PC	1.76428081133068
1818	1243	PC	29.9179217681675
1818	1245	PC	903.211836092046
1818	1260	PC	156.569912265055
1818	1271	PC	6.49087773311038
1818	1401	PC	12.329338546501
1818	1504	PC	1351.93848258483
1818	1511	PC	360.807244606632
1818	1525	PC	285.621628515607
1818	1532	PC	447.72553892073
1818	1545	PC	23.6724796845102
1818	1547	PC	47.7130306520967
1818	1617	PC	185.715348359753
1818	1671	PC	48.239175934486
1818	1677	PC	14.9856163989819
1818	1804	PC	4.51037675626936
1818	5101	PC	12.0833971958478
1820	1671	PC	19.5776382707151
1820	1677	PC	15.8243045395796
1820	1815	PC	3.38684059983344
1820	1818	PC	6.87893380309712
1820	1820	PC	37.413738643254
1820	1827	PC	1.78621626549001
1820	1834	PC	21.6334136825268
1820	1835	PC	190.674382652112
1822	720	PC	.660367917501934
1827	1617	PC	25.9115083470928
1828	1677	PC	4.87806190390034
1828	1815	PC	1.08561135000375
1828	1820	PC	1.11337921307518
1833	101	PC	6.0913594314138
1834	58	PC	5.63694428008915
1834	230	PC	274.516122871445
1834	235	PC	16018.779869175
1834	1124	PC	109.107203980109
1834	1245	PC	32.7036807148612
1834	1401	PC	19608.2663669743
1834	1532	PC	38.2935345869839
1834	1617	PC	719.5258973928
1834	1837	PC	18759.2933529075
1834	1838	PC	3.18022297247143
1834	1868	PC	2254.49763180361
1834	1933	PC	9191.07821086682
1835	61	PC	3.27554835750189
1835	1865	PC	12.6102615965707
1835	4001	PC	2.16198038062964
1835	5201	PC	43.7016198583164
1835	5204	PC	477.217187195036
1835	5605	PC	43.0895523532979
1835	5700	PC	520.411383347579
1835	5710	PC	415.504987398725
1835	6000	PC	253.099785381656
1837	1416	PC	224.168919253797
1837	1503	PC	46.4412365684216
1837	1504	PC	133.95244887646
1837	1671	PC	1125.73556713167
1837	1677	PC	55.5251185778312
1838	235	PC	43.485925846021
1848	1841	PC	120.74499404586
1848	5800	PC	36.6019388710951
1850	106	PC	20.6302587161462
1850	1805	PC	6.87623952700165
1851	226	PC	.803234541660079
1851	625	PC	21.7440738629603
1856	235	PC	487.837324123329
1856	309	PC	7.47284110647255
1856	1172	PC	25.1787597144437
1856	1275	PC	3.13734826526555
1856	1677	PC	27.3651327038424
1856	1804	PC	1.65547435168755
1856	1805	PC	183.139908837618
1856	1841	PC	119.994247736065
1856	1854	PC	6.39215195985011
1856	1860	PC	6.34040887273138
1856	1865	PC	3.01120178277943
1856	1866	PC	4.38245292740205
1856	1867	PC	3.78128990494102
1856	1868	PC	2.78945555423235
1856	1870	PC	1.54113690787746
1856	1871	PC	2.36242728460896
1856	1901	PC	10.2325743165504
1856	1911	PC	2.75510332026923
1856	1913	PC	4.1193864045861
1856	1922	PC	2.49674183848409
1856	1923	PC	4.59104660700413
1856	1924	PC	.975223481134617
1856	1933	PC	3.19172358854064
1856	1938	PC	3.53758672295479
1856	1940	PC	5.18382228625478
1856	1941	PC	3.35607961781606
1856	1942	PC	4.99956509542634
1856	1943	PC	3.55635973439968
1856	1971	PC	11.7281051706035
1856	1974	PC	1.37117120316839
1856	2003	PC	1.73864181088484
1856	2004	PC	7.20665202534834
1856	2012	PC	21.2892242648655
1856	2014	PC	4.72529731871268
1856	2017	PC	2.16504353145481
1856	2021	PC	1.41656520131581
1856	2023	PC	2.7363631539113
1856	2025	PC	5.23966550667716
1856	2027	PC	1.13540415644791
1856	2030	PC	1.12635841526559
1856	5710	PC	61.7412426341753
1856	5880	PC	1557.66381023482
1856	6030	PC	1.61574071251234
1857	50	PC	3.75410372956571
1857	230	PC	135.150814824579
1857	1271	PC	3.33246181765366
1857	1504	PC	1093.74784377243
1857	1671	PC	1.36810671554678
1857	1674	PC	6.02835289426411
1857	1677	PC	17.6914776362649
1857	1804	PC	19438.9743122787
1857	1805	PC	125.644545855112
1857	1813	PC	3.06250025840924
1857	1820	PC	4.99265270509479
1857	1828	PC	4.00523275563737
1857	1834	PC	2602.91247965607
1857	1854	PC	9.63086812871292
1857	1857	PC	407.084881525545
1857	1860	PC	10.8253967064323
1857	1865	PC	402.964313577079
1857	1866	PC	5.08201901331785
1857	1867	PC	4.80071987931327
1857	1868	PC	31.2171757315753
1857	1870	PC	2.57796507956632
1857	1871	PC	1.33679419649613
1857	1874	PC	3.68975351376263
1857	1901	PC	11.3016840095484
1857	1911	PC	2.6804617492806
1857	1913	PC	2.43214317133515
1857	1922	PC	2.5521019679405
1857	1923	PC	4.85844910094442
1857	1924	PC	1.66133125329765
1857	1929	PC	869.532440491743
1857	1931	PC	1.61502824086159
1857	1933	PC	2.08714439957844
1857	1938	PC	2.01588363074018
1857	1940	PC	6.19974725692783
1857	1941	PC	3.13027886933627
1857	1942	PC	5.59243387665389
1857	1943	PC	4.01010569230977
1857	1971	PC	1183.9929957784
1857	1974	PC	1.64600829837832
1857	2003	PC	.967734592850995
1857	2004	PC	7.43334671041756
1857	2012	PC	22.131969210772
1857	2015	PC	65.3807672351978
1857	2017	PC	3.68453259220861
1857	2021	PC	1.72111670145726
1857	2022	PC	1.98365059926619
1857	2023	PC	3.3340539122401
1857	2025	PC	4.71635309652214
1857	2027	PC	1.25774731128199
1857	2030	PC	2.92853187969054
1857	3001	PC	1.25668722084293
1857	4001	PC	1.6775777027443
1857	5101	PC	2.84250680904949
1857	5404	PC	6.93172713083999
1857	5605	PC	70.0154308755348
1857	5700	PC	4.2687470676252
1857	5770	PC	124.112823620392
1857	5880	PC	1410.13471473272
1857	6000	PC	8.97633729173523
1857	6030	PC	147.850248902981
1859	58	PC	178.329900862473
1859	1805	PC	1.89990501600359
1859	1841	PC	15.215171919926
1859	1865	PC	1.32805976252588
1859	1901	PC	2.34086109251209
1859	1923	PC	1.17932336498326
1859	1941	PC	1.14910928849647
1859	1942	PC	1.03896973756037
1859	2003	PC	.951332311616232
1859	2004	PC	2.03465476599155
1859	2012	PC	2.14638438361419
1859	2020	PC	1.59988764549054
1859	2030	PC	1.2676001847989
1859	4001	PC	45.0811606207147
1859	5403	PC	41.859652903792
1859	5404	PC	5.52543428846813
1859	5605	PC	156.399711487954
1859	5710	PC	166.969847334377
1859	5720	PC	74.6033366024217
1859	5770	PC	75.8001815746531
1859	5880	PC	227.550150345488
1859	6000	PC	1769.86641855306
1859	6030	PC	294.513626541833
1859	6050	PC	17.4539891783741
1860	52	PC	625.949920477004
1860	211	PC	4.84172508229024
1860	219	PC	1.4298714793223
1860	230	PC	1451.24186081395
1860	235	PC	372.768533684151
1860	301	PC	146.209055438999
1860	309	PC	424.547918023981
1860	1004	PC	1.50314146324618
1860	1224	PC	1.09369355699556
1860	1504	PC	1.50066612209722
1860	1671	PC	9.22550327014502
1860	1676	PC	64.6700578296761
1860	1677	PC	453.953807642972
1860	1750	PC	1.69465501120525
1860	1804	PC	9.23705620407659
1860	1805	PC	116.145936556649
1860	1813	PC	6.80285960084022
1860	1815	PC	13.5682839553594
1860	1820	PC	5.6016855173475
1860	1828	PC	6.76129847124461
1860	1837	PC	6.68912399683081
1860	1841	PC	55.103595601894
1860	1857	PC	21.2844719114762
1860	1865	PC	119.454806149251
1860	1901	PC	3.15126154607473
1860	1931	PC	6.6491977500182
1860	1971	PC	184.939054780135
1860	1972	PC	13.8037980682066
1860	2012	PC	1.80672086162811
1860	2019	PC	2.40601363915466
1860	3001	PC	1.98077842904291
1860	4001	PC	56.5309775217281
1860	5201	PC	3.62245078262026
1860	5404	PC	3.19158659261697
1860	5605	PC	6.81802685847801
1860	5700	PC	43.8045259836679
1860	5710	PC	4649.85242790797
1860	5880	PC	1155.89292676485
1860	6000	PC	673.5245081232
1860	6040	PC	47358.914187459
1865	50	PC	8.92048452636444
1865	51	PC	10.1931296801705
1865	55	PC	702.448261618791
1865	58	PC	1616.06785013808
1865	62	PC	32.9132367363625
1865	104	PC	184.989789418974
1865	105	PC	2.34054181815817
1865	106	PC	235.741504058902
1865	231	PC	174.145972990221
1865	301	PC	4.10925143698688
1865	303	PC	18.4823902713053
1865	305	PC	77.5233591935306
1865	306	PC	874.992909504353
1865	605	PC	3.99641595273886
1865	625	PC	75.7357131905387
1865	709	PC	592.829629409024
1865	720	PC	695.980420250616
1865	1074	PC	2.83258685302547
1865	1243	PC	59.5380497731561
1865	1271	PC	75.5431354851481
1865	1273	PC	730.839928679845
1865	1503	PC	208.212998869579
1865	1504	PC	9665.8345555267
1865	1531	PC	48.4478532264943
1865	1620	PC	7.49264796937154
1865	1638	PC	52.6947554516377
1865	1657	PC	230.32184277363
1865	1671	PC	255.822882814173
1865	1674	PC	5.75691438119096
1865	1677	PC	262.179475776738
1865	1804	PC	694.499414723745
1865	1813	PC	8.69328738726188
1865	1820	PC	1211.86906972957
1865	1828	PC	3065.75937444999
1865	1832	PC	19.9331272549904
1865	1833	PC	726.045804324739
1865	1837	PC	24.1049513399308
1865	1841	PC	142.960932917899
1865	1856	PC	11.199366075566
1865	1857	PC	24.7344887615836
1865	1865	PC	1787.47578502756
1865	1866	PC	60.6910019705184
1865	1871	PC	34.2611106453984
1865	1901	PC	214.454154104341
1865	1931	PC	1.27759990926908
1865	1971	PC	941.099054573138
1865	1972	PC	280.973293575371
1865	1973	PC	34.4488329287811
1865	2003	PC	28.0205637760528
1865	2017	PC	166.260726888091
1865	2021	PC	1.50873210267441
1865	2028	PC	366.130044036928
1865	3001	PC	127.944722273153
1865	4001	PC	107.616310419804
1865	4004	PC	101.791664888278
1865	4005	PC	1580.8526815718
1865	5403	PC	93.4735923312696
1865	5404	PC	1.34645059376029
1865	5605	PC	404.743048484342
1865	5700	PC	44.0578581694569
1865	5710	PC	2525.75779766522
1865	5880	PC	153.854421180342
1865	6000	PC	9607.79868330934
1865	6030	PC	2.99211243057841
1866	230	PC	211.815315597523
1866	235	PC	111.043991692113
1866	1245	PC	19.5184127891835
1866	1525	PC	37.1869236518222
1866	1617	PC	61.2142691924853
1867	1841	PC	34.7279413942322
1867	2002	PC	26.1204705944714
1867	5605	PC	1.33382832126645
1867	5880	PC	194.936539100645
1868	55	PC	82.2981954431188
1868	59	PC	334.741507588944
1868	230	PC	119.354258722522
1868	231	PC	28.2268704542886
1868	307	PC	1.22671154224915
1868	1271	PC	3.84447424910931
1868	1439	PC	8.07982424744501
1868	1502	PC	4.98805057549247
1868	1503	PC	12.9845217842974
1868	1504	PC	4.39496869004696
1868	1677	PC	51.7897652457319
1868	1805	PC	3.5548425554122
1868	1813	PC	18.5599805607095
1868	1815	PC	18.800465858941
1868	1828	PC	21.1470548668998
1868	1841	PC	220.690466279475
1868	1901	PC	11.4465079761466
1868	1931	PC	10.6669262383666
1868	1936	PC	7.10668666146365
1868	1943	PC	1.6462795149179
1868	2002	PC	8.68258895182285
1868	2003	PC	1.60364063062761
1868	2004	PC	1.49595197342004
1868	2011	PC	3.99066597251364
1868	2012	PC	25.8215285068925
1868	2023	PC	3.6634889408052
1868	2025	PC	5.94791956966198
1868	2027	PC	3.52518222799848
1868	2030	PC	17.5651424700771
1868	4001	PC	5.92812587229534
1868	4005	PC	2.05508363572905
1868	5101	PC	43.7693293571139
1868	5605	PC	26.0244725793765
1868	5700	PC	796.487183865942
1868	5710	PC	2339.70086302578
1868	5770	PC	78.9606605770165
1868	5880	PC	106.706265701316
1868	6000	PC	109.729609896187
1870	213	PC	84.5676649715496
1870	214	PC	40.8406133618912
1870	230	PC	436.702000963355
1870	233	PC	5.5925816500436
1870	235	PC	337.039523344407
1870	625	PC	1.25746393474238
1870	1102	PC	7.5654699806639
1870	1172	PC	11.7499455369436
1870	1173	PC	1.31068028100558
1870	1251	PC	1.27593954849841
1870	1272	PC	1.39213564948417
1870	1275	PC	6.88372270618009
1870	1277	PC	16.9797612668994
1870	1439	PC	5.08831717234109
1870	1503	PC	3.23199722412294
1870	1504	PC	1.84588684981972
1870	1671	PC	12.1354002399562
1870	1677	PC	55.2904647646486
1870	1729	PC	1.02420548075515
1870	1804	PC	4.34175343300311
1870	1805	PC	15.3558499825241
1870	1813	PC	5.16028777978812
1870	1828	PC	3.68756472768004
1870	1870	PC	6.25760055936798
1870	1971	PC	18.207428665121
1870	1974	PC	11.9527243438539
1870	4001	PC	49.6282937608992
1870	4004	PC	138.886108978093
1870	5102	PC	26.388064299544
1870	5710	PC	172.012476352479
1871	1860	PC	188.324303314671
1871	1865	PC	202.695710488108
1871	1901	PC	71.9459244093219
1871	5710	PC	1956.77554834682
1874	58	PC	137.836645968645
1874	105	PC	1.76710907270942
1874	301	PC	75.0960052712326
1874	709	PC	4.0120733219638
1874	904	PC	2.61742020152994
1874	1504	PC	15.7840673757373
1874	1531	PC	327.77879578917
1874	1554	PC	2.18666719511663
1874	1671	PC	4.79843611100917
1874	1805	PC	1.34546079248439
1874	1841	PC	274.181510205693
1874	1857	PC	17.5955524842882
1874	1972	PC	10.8462150476267
1874	4001	PC	13.4645059376028
1874	5710	PC	30.3260568547224
1874	5770	PC	128.96004575793
1874	5880	PC	379.369935073037
1874	6000	PC	558.044926235837
1901	1504	PC	3.14522226077123
1901	1677	PC	4.28934161766764
1901	1804	PC	5.82222940733741
1901	1805	PC	.379105094409811
1901	1833	PC	1.86060483602282
1901	1865	PC	1.78151183301035
1901	1924	PC	3.52567575494579
1901	1931	PC	3.32721366899464
1901	1973	PC	4.07866192882788
1915	1677	PC	5.64157473781371
1915	1815	PC	9.13826152660623
1919	230	PC	82.8852736704212
1923	230	PC	30.368809174797
1923	231	PC	44.8042406145932
1923	1245	PC	46.6256280049341
1925	6000	PC	3.15403964089138
1928	1627	PC	1.5774808616004
1928	1841	PC	2.30899497305009
1928	1971	PC	2.83696372443632
1928	1974	PC	4.51335137978505
1929	1529	PC	2.21074879050405
1929	5700	PC	3.98237328395376
1931	58	PC	182.193577740885
1931	1931	PC	4524.48570816576
1931	5700	PC	43.3122918362811
1931	5710	PC	3139.06591734371
1931	6030	PC	86.5807775664388
1936	58	PC	91.0830127520452
1936	1936	PC	519104.941381269
1936	1972	PC	612.023046379242
1936	1973	PC	276.238516560404
1936	2021	PC	.650398622982976
1936	4001	PC	192.644602192379
1936	5710	PC	4209.09312236783
1938	50	PC	60.868439893546
1938	52	PC	6.85943750902571
1938	55	PC	13.0679941968366
1938	56	PC	6.12392202994393
1938	58	PC	38.9500786169089
1938	1106	PC	26.4779406323959
1938	1149	PC	204.016723412456
1938	5101	PC	3.62719962286906
1941	58	PC	15.6791569115117
1941	123	PC	49.96857675373
1941	230	PC	1038.30856684899
1941	235	PC	107.080809123094
1941	310	PC	41.6162176420433
1941	1101	PC	13.749488473642
1941	1271	PC	3480.5618376497
1941	1272	PC	124.384964680023
1941	1274	PC	8.22859545422886
1941	1401	PC	853.008836168543
1941	1416	PC	45.599582852661
1941	1439	PC	193.836160670142
1941	1503	PC	39.5658942796477
1941	1504	PC	326.608998573619
1941	1515	PC	96.8319133905297
1941	1525	PC	1604.36489705795
1941	1532	PC	76.0900141239681
1941	1545	PC	114.537575142336
1941	1547	PC	528.342392425422
1941	1554	PC	71.1597686169939
1941	1620	PC	947.638753121356
1941	1622	PC	48.3652545324058
1941	1627	PC	1.61634442366412
1941	1676	PC	43.3419945630021
1941	1750	PC	23.3848877223075
1941	1804	PC	241.196495834239
1941	1901	PC	7.05756930777407
1941	1929	PC	70.8133176678007
1941	1931	PC	230.232610222836
1941	1971	PC	406.218013523487
1941	1972	PC	13.4753839346311
1941	1973	PC	238.067954146984
1941	1974	PC	2.5903557492412
1941	5710	PC	23.3323839236582
1942	4001	PC	24.5510632056748
1942	5101	PC	2.85936077495811
1942	5102	PC	3.99324522020012
1942	5201	PC	1.77477565342227
1942	5403	PC	36.3237417067092
1942	5404	PC	3.21431590564256
1942	5770	PC	22.6776889048402
1942	5880	PC	43.2552266197973
1943	235	PC	253.201197225772
1971	50	PC	390.294739864317
1971	51	PC	8.12492715522669
1971	52	PC	124.689017257927
1971	54	PC	16.5077885058574
1971	55	PC	13.8196305631311
1971	56	PC	22.8453122913703
1971	58	PC	3132.91306981708
1971	59	PC	1.1607038793181
1971	60	PC	12.7677426724991
1971	61	PC	1.1607038793181
1971	62	PC	3.4821116379543
1971	1865	PC	7.70476089126614
1971	1901	PC	1.13968913734353
1971	1971	PC	3.96944421217235
1971	1972	PC	3.96944421217235
1971	2019	PC	1.68346724076473
1971	2021	PC	.856833245682752
1971	3001	PC	2246.77611128476
1971	4001	PC	297.192585988875
1971	4004	PC	30.2024821930897
1971	4005	PC	4.16523423359463
1971	5201	PC	368.201063939241
1971	5204	PC	64.2780075390429
1971	5403	PC	12.6307151311907
1971	5501	PC	7.93752184137846
1971	5605	PC	145.839621281057
1971	5700	PC	2491.35818185483
1971	5710	PC	14174.4593511274
1971	5720	PC	72.5439924573812
1971	5810	PC	3.37329564926822
1971	5820	PC	50.9420035922943
1971	5860	PC	52.9651749374946
1971	5880	PC	1.24533853718504
1971	5900	PC	78.5893251621629
1971	6000	PC	943.888021861101
1971	6020	PC	203.88489080147
1971	6030	PC	767.807631279824
1971	6040	PC	251.88886269924
1972	709	PC	3.74944828205618
1972	904	PC	2.54606565387563
1972	937	PC	.975582666863376
1972	1034	PC	1.08653176155415
1972	1253	PC	1.33728261460627
1972	1271	PC	3.43219319739827
1972	1276	PC	2.1966036463349
1972	1750	PC	.849035931406624
1972	1870	PC	1.44030985297958
1972	1971	PC	10.1552520693878
1972	1972	PC	30.9399144756995
1973	50	PC	2.53903973600834
1973	5710	PC	1495.43596629277
1974	50	PC	8.16321426235697
1974	51	PC	42.3173289334723
1974	58	PC	4.77782794767919
1974	1750	PC	1.73417032928462
1974	1860	PC	36.6576327886986
1974	1865	PC	96.0855054336089
1974	1866	PC	19.8115654362916
1974	1922	PC	.619499070279881
1974	1933	PC	6.89831055635416
1974	1971	PC	272.70571121157
1974	1972	PC	138.177005537097
1974	1973	PC	77.3918731730875
1974	1974	PC	27.3053173520006
1974	2028	PC	.434412820234482
1974	3001	PC	1.51939361980182
1974	4004	PC	2.34155886765214
2002	50	PC	13.2599753761554
2002	52	PC	2.72521566862664
2002	58	PC	103.546448788551
2002	1860	PC	185.108725762166
2002	1865	PC	37.916748221084
2002	1866	PC	39.5145624526894
2002	1936	PC	6.2863689928918
2002	1941	PC	.57738048587753
2002	1971	PC	4.8639676707905
2002	1972	PC	2.78956037264136
2002	2019	PC	10.4367010358091
2002	2022	PC	57.0167093913865
2002	2028	PC	21.9290723040496
2002	2030	PC	3.55601134785252
2002	4001	PC	2.76828660591815
2002	4003	PC	36.3283778355143
2002	4004	PC	23.5049851419048
2002	5101	PC	2.92882373582288
2002	5201	PC	5.76954782718585
2002	5403	PC	43.9108205686975
2002	5501	PC	7.13607120125295
2002	5605	PC	333.558958314369
2002	6010	PC	1.37826999332842
2002	6020	PC	358.475495537509
2002	6030	PC	8.62593407756393
2004	230	PC	132.330846684487
2004	235	PC	48.4630492600245
2004	301	PC	72.3434814516567
2004	1671	PC	2.37576161548703
2004	1857	PC	7.30533510579624
2004	1865	PC	20.0897058075491
2004	1971	PC	8.43170741910112
2004	4001	PC	41.7277971372719
2004	5710	PC	134.089641565446
2004	6000	PC	83.6689649525809
2012	230	PC	4.2538218776326
2012	1627	PC	3.97817491363108
2012	2019	PC	1.37857629618924
2014	1865	PC	29.4251133513516
2014	2021	PC	1.97184971299607
2015	1273	PC	7.126822515725
2015	1275	PC	256.630399861698
2015	1504	PC	1915.28610307716
2015	1627	PC	994.543728407769
2015	1857	PC	589.647928148824
2015	1859	PC	592.941771052426
2015	1865	PC	296.833029706699
2015	1866	PC	27.9511010322423
2015	1971	PC	4816.51564048982
2015	2017	PC	653.031047463347
2015	2018	PC	1508.61013071212
2015	2022	PC	2.94023770501591
2015	2030	PC	2.81006754977231
2015	5700	PC	10.9019172758881
2015	5710	PC	1547.92047707921
2017	1860	PC	53.2071687233221
2017	2004	PC	23.4892478975108
2017	5850	PC	289.216051461826
2017	6000	PC	6553.10743613138
2018	1504	PC	16144.9569255321
2018	1671	PC	6.78279941221548
2018	1677	PC	6.4858292102796
2018	1805	PC	5.85636230584101
2018	1865	PC	226.701279552888
2018	1901	PC	13.036643787131
2018	1924	PC	.462714380436156
2018	1931	PC	5.04946318520946
2018	1936	PC	9.40979737005197
2018	1943	PC	1.72650693394745
2018	2002	PC	3.85126333830854
2018	2003	PC	2.42055444148428
2018	2004	PC	2.98397160274609
2018	2011	PC	2.68297506322857
2018	2012	PC	35.2281575118461
2018	2023	PC	1.38491590203114
2018	2025	PC	3.41217433214879
2018	2027	PC	4.07004438154629
2018	2030	PC	17.4148686031965
2018	4001	PC	39.607919937883
2018	5201	PC	15.704477034429
2018	5404	PC	27.7085533284521
2018	5700	PC	16.7950382777306
2018	5710	PC	4062.41175485798
2018	5720	PC	122.727652959961
2018	5831	PC	9.68663365200721
2018	6000	PC	3947.35754368965
2018	6010	PC	8.2226737221403
2018	6020	PC	60.9785738668574
2018	6030	PC	1.36912851740587
2019	1271	PC	1.43572899245467
2019	1504	PC	4.21035321555004
2019	1835	PC	6.29235609769004
2019	1865	PC	8.31654170754078
2019	1866	PC	6.84755682098747
2019	2002	PC	20.7955654972288
2019	2019	PC	3492.50410684646
2019	2022	PC	39.4898576015803
2019	2023	PC	75.4447081976823
2019	2028	PC	29.0945569938115
2019	3001	PC	5.74322741717008
2019	4001	PC	172.68997774593
2019	5404	PC	24.4506991795311
2019	5700	PC	45.4281978776777
2019	5710	PC	1168.53637219772
2019	6000	PC	70.0567059555731
2019	6020	PC	662.263071539187
2019	6030	PC	14.918166572773
2019	6040	PC	497.864915420316
2022	1504	PC	2.99598188962289
2022	1865	PC	28.9033281688739
2022	1868	PC	10.2181905214326
2022	1973	PC	9.28468743114979
2022	2028	PC	9.20569967382317
2023	231	PC	525.852478102675
2023	301	PC	59.7797813581208
2023	1173	PC	1.56554753459686
2023	1515	PC	362.0572264397
2023	1805	PC	33.8480413159831
2023	1865	PC	966.680394808508
2023	1901	PC	1.20595663559367
2023	1931	PC	.442530904984393
2023	1941	PC	28.7615469141577
2023	1942	PC	2.41024718967089
2023	1971	PC	138.26805995309
2023	2004	PC	121.164769822049
2023	2012	PC	3.17740474913151
2023	2019	PC	27.2064258967432
2023	2022	PC	1163.49260621055
2023	2023	PC	121.009179340352
2023	2025	PC	1.49876518133624
2023	2028	PC	105.243715036431
2023	2030	PC	6.05926389909594
2023	5831	PC	1.38888506166858
2023	6020	PC	5.26511904601247
2023	6030	PC	2.2621243180804
2025	1004	PC	7.86523700369266
2025	1101	PC	4.59585059126993
2028	54	PC	2.63124271453607
2028	58	PC	278.003322517948
2028	1504	PC	970.023033418892
2028	1865	PC	18.7124529075298
2028	1870	PC	8.61380624586676
2028	2018	PC	12.4983295875166
2028	4001	PC	6.02014237142738
2028	5101	PC	3.93511745254278
2028	5102	PC	3.9468640718041
2028	5201	PC	49.4454360106569
2028	5203	PC	1.31562135726803
2028	5404	PC	14.3778619758578
2028	5605	PC	7.91330584237708
2028	5700	PC	108.879413933191
2028	5880	PC	10.5210553183905
2028	6020	PC	52.6385586798596
2028	6030	PC	126.855656942767
2030	58	PC	61.3332846040873
2030	1548	PC	1.92806523249357
2030	1865	PC	1.02003260102736
2030	3001	PC	5.34331660367802
2030	5101	PC	6.47190497043618
2030	5102	PC	1.4621711229504
2030	5201	PC	2.43894937311808
2030	5403	PC	3.53757521686496
2030	5404	PC	7.38076816844497
2030	5501	PC	14.084383316835
2030	5605	PC	61.3552571209623
2030	5700	PC	139.437592088354
2030	5831	PC	77.2234093077354
2030	5880	PC	66.8823438657762
2030	5920	PC	3.72334285953489
2030	6010	PC	31.3128340483202
2030	6020	PC	308.532089453272
2030	6030	PC	30.5417984561633
3001	1621	PC	85.9820714009067
3001	1971	PC	3.24009341244621
4001	104	PC	2933.22005113311
4001	106	PC	1524.99402430444
4001	211	PC	4.60694220320537
4001	217	PC	298.277707561014
4001	219	PC	737.160843463279
4001	220	PC	13.4126652201813
4001	226	PC	26.6333377061167
4001	231	PC	39.3558107241738
4001	301	PC	159.500242659412
4001	302	PC	1052.59976870516
4001	304	PC	12.1062889041475
4001	306	PC	112.130693608178
4001	307	PC	62.0698478873029
4001	309	PC	259.482823158443
4001	310	PC	6.22635121408953
4001	502	PC	2.12174196729587
4001	602	PC	2.52698089195772
4001	822	PC	44.6307586315355
4001	1004	PC	18.3567687688265
4001	1071	PC	9.38494826294597
4001	1101	PC	9.46087083316496
4001	1124	PC	1.21914008045227
4001	1149	PC	19.4125240258917
4001	1172	PC	1.91557337423329
4001	1271	PC	34.679281227045
4001	1273	PC	61.4019352088334
4001	1275	PC	13.9439152299539
4001	1277	PC	.645622376400606
4001	1401	PC	2.30642028412094
4001	1439	PC	100.558892149281
4001	1504	PC	559.827246288176
4001	1515	PC	19.8341870255837
4001	1525	PC	6.43336809071861
4001	1531	PC	67.4376880490626
4001	1534	PC	3.40182219954202
4001	1554	PC	1.55134845566371
4001	1621	PC	63.1478342274375
4001	1671	PC	6.61423123997735
4001	1860	PC	18.6694251095953
4001	1931	PC	98.7971016067732
4001	1972	PC	.663461316582101
4001	1973	PC	14.3759484416303
4001	2028	PC	68.4403131844528
4002	104	PC	74.9072356394765
4002	302	PC	43.0207409529586
4002	309	PC	36.3616001392916
4002	1122	PC	.95137977778382
4002	1504	PC	13.9194101111017
4002	1653	PC	4.13831601123441
4002	1870	PC	15.0881444802417
4003	104	PC	125.355860213329
4003	226	PC	5.32666754122334
4003	1271	PC	2.47552248466031
4003	1531	PC	5.55981906332047
4003	1630	PC	200.470375857047
4004	104	PC	57.8125906404463
4004	106	PC	9.50585662808454
4004	220	PC	497.19695279102
4004	226	PC	.681730632011094
4004	302	PC	13.0982499401539
4004	304	PC	239.680880534077
4004	309	PC	3.74599401314966
4004	602	PC	.456683293727299
4004	1002	PC	4.82002071727815
4004	1149	PC	1.92399750433599
4004	1271	PC	1.82321466945082
4004	1439	PC	.633179544284702
4004	1504	PC	12.1292614726951
4005	104	PC	5.74834508337588
4005	211	PC	8.16041980704296
4005	217	PC	276.160459599328
4005	1071	PC	14.1792454017786
4005	1439	PC	4.6402922590363
4005	1504	PC	2.25085522065987
4005	1671	PC	1.27441835067001
5101	104	PC	26.9071518453292
5101	106	PC	.833648537621699
5101	136	PC	3.11432971625375
5101	211	PC	2.76337915431175
5101	219	PC	.575852714896039
5101	301	PC	10.0378092002845
5101	302	PC	5.34076913428182
5101	305	PC	13.9001836099592
5101	306	PC	66.383196333512
5101	307	PC	7.2828670012934
5101	309	PC	11.5880324508719
5101	310	PC	6.75369988584361
5101	625	PC	1.67658187173129
5101	1271	PC	7.00347468364739
5101	1273	PC	.641802125652672
5101	1439	PC	.727800028896335
5101	1677	PC	2.38210030046069
5102	217	PC	39.034362208665
5102	306	PC	.736469696760006
5102	1101	PC	.607639258159575
5106	106	PC	1.30894136902593
5106	217	PC	1.69543982245559
5106	307	PC	1.14289186274979
5106	309	PC	1.97755751907779
5106	1271	PC	485.640780766745
5106	1439	PC	.424496009730276
5201	106	PC	8.6052521558801
5201	211	PC	3.46994729511906
5201	220	PC	777.77576474063
5201	305	PC	2.07666270049364
5201	309	PC	18.4453836273706
5201	1071	PC	7.48164127922383
5201	1149	PC	6.62862949708139
5201	1271	PC	11.9172722081757
5201	1504	PC	9.64269590762662
5204	302	PC	29.7715601860612
5302	309	PC	1.98210362831705
5403	104	PC	110.688943553443
5403	219	PC	.974008304898415
5403	231	PC	59.9833856397635
5403	301	PC	482.146707588122
5403	302	PC	1.81571603016016
5403	305	PC	9.42044756559309
5403	306	PC	155.058693932656
5403	309	PC	2.0793903660372
5403	822	PC	9.05671839241209
5403	1101	PC	1.40816941842181
5403	1106	PC	12.6269878493367
5403	1173	PC	.59186818243534
5403	1175	PC	5.22083724438741
5403	1216	PC	11.3220579662085
5403	1271	PC	39.5395952411022
5403	1504	PC	179.902349001048
5403	1520	PC	.59385174668033
5403	1554	PC	7.06333652919611
5403	1671	PC	.806069606798781
5403	1972	PC	.535725948159685
5404	220	PC	69.9992660346188
5404	231	PC	23.4953889137914
5404	301	PC	5.11255445047099
5404	309	PC	.554625327189633
5404	1106	PC	.5844936000661
5404	1149	PC	2.96845329240411
5404	1271	PC	30.5199832252334
5404	1504	PC	1.82139811588503
5404	2028	PC	14.1191712904597
5501	104	PC	15.1326967518561
5501	211	PC	4.9941297518536
5501	220	PC	10.6162394674195
5501	231	PC	2.19176210813382
5501	301	PC	101.722831115818
5501	306	PC	24.7835691287459
5501	307	PC	26.0819379274784
5501	309	PC	.889218967199117
5501	310	PC	25.3309206811528
5501	1271	PC	21.2568302241838
5501	1504	PC	60.1070306664196
5605	217	PC	.934061754038031
5605	220	PC	718.841113937364
5605	301	PC	29.6533613458406
5605	302	PC	84.6776491341394
5605	305	PC	6.08451260582465
5605	306	PC	143.547945338852
5605	309	PC	8.69216086546378
5605	310	PC	1.17653307112031
5605	1004	PC	9.14078305622416
5605	1071	PC	6.8197917313863
5605	1102	PC	1.41399795925198
5605	1246	PC	14.7654750668055
5605	1271	PC	.552026233076258
5605	1273	PC	2.63883820413443
5605	1274	PC	18.9197918291361
5605	1277	PC	1.65894388728972
5605	1504	PC	22.4978381000348
5700	104	PC	12.2821569639121
5700	105	PC	2.393161084491
5700	211	PC	.965020743077575
5700	220	PC	4.22315567870814
5700	301	PC	1.78389326548534
5700	305	PC	5.32531236286833
5700	309	PC	11.2261621554269
5700	1149	PC	7.05465751589865
5710	211	PC	15.1180031685391
5710	220	PC	1.53816578117087
5710	1504	PC	18.7496864870517
5770	305	PC	1.76298116298475
5790	305	PC	7.11920706868005
5800	302	PC	143.003321451988
5800	305	PC	65.6994615039274
5800	306	PC	171.799286595304
5800	1271	PC	3.33794409100609
5800	1439	PC	2.19765796793186
5800	1504	PC	123.360437293809
5800	1931	PC	213.170336925144
5810	217	PC	1.15482214758694
5810	2002	PC	36.1468399131601
5810	2022	PC	73.6006050894412
5820	104	PC	34.9902255067622
5820	106	PC	49.2456183649379
5820	302	PC	17.9698606009441
5820	306	PC	19.0863850301062
5820	307	PC	21.2103272666881
5820	1101	PC	.380515158414121
5820	1271	PC	3.1956397506456
5830	1931	PC	47.0161530025584
5830	2018	PC	6.03766367670124
5831	2018	PC	37.1081082467384
5840	104	PC	1.79437053880832
5840	217	PC	16.263663482074
5840	219	PC	22.8098491227138
5840	305	PC	1279.47607795594
5840	309	PC	18.3653721047597
5840	1175	PC	1.03376976459145
5840	1271	PC	83.7274805797512
5840	1439	PC	22.8851955657947
5840	1504	PC	174.567616774375
5840	1621	PC	.636188244192707
5842	219	PC	1.14030240573473
5842	1504	PC	26.2888461392739
5850	104	PC	362.81776983187
5850	219	PC	.781107147928292
5850	305	PC	1.20290050470801
5850	307	PC	67.2187712116879
5850	1224	PC	5.88477315194637
5850	1504	PC	15.095283306504
5850	1653	PC	1.4398779935996
5850	1856	PC	2.30665969317585
5850	1860	PC	1.16326589765044
5850	1901	PC	5.35208221220669
5850	1931	PC	43.6238087006309
5850	1973	PC	8.61832437244077
5860	1554	PC	.479507704477872
5880	211	PC	13.2803363767315
5880	305	PC	.580992760777337
5880	306	PC	.966502824266525
5880	628	PC	3.22166395524125
5880	1172	PC	.741834782714563
5930	302	PC	27.3493931833839
5930	1441	PC	1.40142456168421
5930	1931	PC	1761.31729718303
5930	1971	PC	15.4426340928593
6020	104	PC	78.9273818945269
6020	106	PC	35.0320994067544
6020	138	PC	.683356756077583
6020	211	PC	160.54525335701
6020	220	PC	11.9903225326297
6020	231	PC	16.1819930849348
6020	301	PC	18.1844369570372
6020	302	PC	1230.01531865465
6020	303	PC	29.7388281995386
6020	305	PC	219.439783757199
6020	306	PC	501.306739587906
6020	307	PC	61.7743507867511
6020	309	PC	82.9364892955031
6020	1124	PC	1.01396965755614
6020	1246	PC	6.73395386789746
6020	1271	PC	165.095956322654
6020	1273	PC	14.6162793615901
6020	1504	PC	562.894159292131
6020	1534	PC	.780746078583416
6020	1617	PC	59.752529966918
6020	1676	PC	25.8388320598344
6030	104	PC	184.669775246159
6030	231	PC	2.70796862781012
6030	301	PC	612.371825190402
6030	302	PC	189.534567959503
6030	307	PC	13.5655899699497
6030	309	PC	.859214646220007
6030	709	PC	3.84695691481626
6030	1004	PC	4.98533715865856
6030	1071	PC	160.572532844414
6030	1149	PC	248.537722060114
6030	1246	PC	34.5810261085643
6030	1504	PC	104.268792238922
6030	1531	PC	145.992440234459
6030	1534	PC	16.8371609684983
6030	1931	PC	476.639700335517
6040	1071	PC	1.51324654014452
6040	1515	PC	218.969424762445
6050	307	PC	.872852973937785
6050	309	PC	1.47293939352001
