50	217	PC	8.08091648618628
50	235	PC	2.4252914028841
50	301	PC	5.18314802186142
50	625	PC	142.373682120971
51	301	PC	2.90726149668147
51	625	PC	7.2241838594796
52	220	PC	2.34150519400344
52	301	PC	20.6940488479063
52	1119	PC	1.71294672809387
55	1106	PC	393.545668657607
55	1224	PC	11.6367235365755
57	602	PC	6.80857391360127
58	104	PC	11.9556733988185
58	217	PC	315.106364858177
58	237	PC	180.712159419383
58	301	PC	395.624329162994
58	419	PC	4.25519422406979
58	602	PC	5.85565844326669
58	709	PC	19.2339699905315
58	1271	PC	5.101301745307
58	1275	PC	27.201919203188
58	1416	PC	1.65365988164554
58	1738	PC	3.18834875806562
58	1971	PC	4.19289701785468
60	402	PC	12.0128046031191
62	220	PC	5.56950618162134
62	301	PC	54.1165437055892
62	926	PC	1.67841298368172
62	1271	PC	1.50891532422116
62	1277	PC	2.04579530849461
62	1416	PC	3.19888304974055
62	1674	PC	403.779531699788
62	1738	PC	20.278106831167
101	105	PC	4148.2480611068
101	128	PC	223.477138626565
105	105	PC	5859.82499768256
105	128	PC	1222.18748006574
106	105	PC	2185.90989388909
106	128	PC	140.664367445483
106	605	PC	1.86578870740595
111	105	PC	82.2540731059812
118	105	PC	547.25673414094
118	128	PC	198.163186742137
119	105	PC	2308.55059612833
119	128	PC	338.352866220886
122	105	PC	4197.82745967869
122	128	PC	951.981585864893
123	301	PC	1365.72920199052
124	105	PC	80.555997040925
124	128	PC	406.118122097773
125	58	PC	2.8677546663858
125	105	PC	2724.20563670054
125	128	PC	819.818318533372
127	105	PC	1829.14302837322
127	128	PC	292.438186831845
128	105	PC	5698.33336899469
128	128	PC	538.363621547373
135	105	PC	768.578869451212
135	128	PC	519.639025617086
136	105	PC	489.281264735908
136	716	PC	70.4249419665144
137	105	PC	1625.69650209218
137	213	PC	83.3535448923389
138	213	PC	689.566843932035
138	301	PC	539.776326319336
211	213	PC	703.908687243524
211	301	PC	490.560260104112
211	5880	PC	218.111286575129
213	213	PC	103.63017282176
213	301	PC	429.964803210962
214	213	PC	418.477683027557
214	301	PC	817.378008206511
215	4001	PC	20.9494675907545
215	4004	PC	10.2780636517519
215	5700	PC	106.939390596263
216	301	PC	290.353861046345
217	4001	PC	21.3469051726639
217	4004	PC	86.3709714087823
217	5102	PC	50.8385413097632
217	5820	PC	4.7159861523486
220	301	PC	426.36583169824
221	128	PC	220.930421805795
221	301	PC	2328.52606110364
226	213	PC	142.852472439817
226	235	PC	.723575955605576
226	301	PC	3274.05795934185
226	4001	PC	413.280567470041
226	4003	PC	235.822537313891
226	5101	PC	67.5765833813427
226	5102	PC	48.9354087211093
227	213	PC	275.195031370736
227	301	PC	739.465484763683
228	301	PC	898.012145301684
229	213	PC	130.90478656265
229	301	PC	811.938018830425
230	301	PC	381.132562712463
231	213	PC	129.896128013214
231	301	PC	1161.32081845394
233	213	PC	127.028297682407
233	301	PC	336.352390186631
234	301	PC	1440.98401427374
235	50	PC	1.50980070129066
235	58	PC	3.23017332744753
235	105	PC	.996667871507245
235	235	PC	2.23018307131034
235	419	PC	7859.31732401071
235	423	PC	1.87646186410607
235	605	PC	6.0629229322625
235	5403	PC	5.17833486422095
236	213	PC	17.5107367105301
236	419	PC	1188.28868758848
237	419	PC	7473.17814437061
237	528	PC	468.58557895195
237	5860	PC	37.8459532541013
238	301	PC	9238.76641655573
239	101	PC	4.80563229806935
239	105	PC	.586275218533673
239	235	PC	1.35537276614153
239	237	PC	2.89688091561103
239	419	PC	182.036007076254
239	605	PC	1.69530138042245
301	58	PC	2.79463357676545
301	301	PC	359.67855013681
301	4001	PC	1270.32740572793
301	4003	PC	283.696405594293
301	5101	PC	494.732338192684
301	5102	PC	300.877237458511
301	5103	PC	1172.21521840716
301	5106	PC	1.2863533963641
301	5201	PC	270.419841227026
301	5403	PC	496.195411065225
301	5605	PC	683.863275255547
301	5700	PC	2023.50581319777
301	5770	PC	425.491181573058
301	5780	PC	147.088140753581
301	5790	PC	124.361194166062
301	5880	PC	1.54115822248094
301	5920	PC	3983.10287722569
301	6000	PC	3084.80284689417
301	6010	PC	74.2735519354319
301	6020	PC	2071.47076683664
301	6040	PC	50.3938189974971
304	1901	PC	.875708318625598
402	419	PC	306.195070278088
403	412	PC	487.930407715183
403	528	PC	443.970172478187
412	412	PC	19760.7092989348
412	528	PC	782.736771110941
415	412	PC	3518.97192907634
415	528	PC	574.372635591233
417	412	PC	2975.7007812093
417	528	PC	466.391877014046
418	419	PC	114.66153018632
418	528	PC	211.021730978483
419	213	PC	247.412294877777
419	419	PC	286.530495135918
420	419	PC	183.986092971294
423	213	PC	275.761082554529
423	419	PC	108.930514308451
425	419	PC	838.425417321732
425	528	PC	446.970468626337
426	412	PC	534.250322811498
426	528	PC	217.636692315645
427	412	PC	1478.37361146835
427	528	PC	1015.27643477194
428	428	PC	2431.28792631501
429	412	PC	683.091427311877
430	438	PC	1258.94784528609
430	528	PC	91.1572785834287
432	438	PC	3471.14266099418
432	528	PC	140.491341325976
434	428	PC	2285.36867063273
436	1640	PC	7318.91502265882
436	1671	PC	292.550964928757
437	438	PC	16291.9257831696
437	826	PC	.717866391273839
437	1133	PC	1.74135843584346
438	438	PC	8573.22056740802
439	438	PC	7181.8748378784
441	1640	PC	6551.37731303718
501	521	PC	4330.66003850608
502	412	PC	10175.1070032355
511	511	PC	4436.63123230071
512	511	PC	6861.64713711384
513	514	PC	2664.88437878855
514	514	PC	3674.54327734912
515	514	PC	4399.67319087009
516	520	PC	12597.1721108179
517	511	PC	3074.08040126036
517	528	PC	202.470011810443
519	520	PC	11436.1245258599
519	528	PC	209.862655993071
520	520	PC	16744.471377061
520	528	PC	407.029471942464
521	521	PC	5025.30365525438
522	522	PC	12249.9904832673
528	412	PC	8173.74029409021
528	528	PC	1313.36880347935
528	540	PC	1.34750771160811
529	412	PC	6520.48278681374
529	528	PC	232.177334204029
532	301	PC	1138.54949759433
532	528	PC	217.583363670966
533	105	PC	1.98009850770307
533	301	PC	1691.58662975459
533	528	PC	232.325071726401
533	534	PC	.690378575625114
533	540	PC	1.67133684638693
533	605	PC	1.65510922807399
534	105	PC	1.98009850770307
534	301	PC	4429.54881538689
534	528	PC	431.833350210493
534	534	PC	.847995046161689
534	605	PC	1.20213196565374
536	412	PC	1224.0636750793
536	427	PC	2.86860659676825
536	502	PC	.456805336940928
536	536	PC	.597076029684032
536	540	PC	2.66062427512414
536	605	PC	1.70998483816841
538	412	PC	6195.92266686832
538	427	PC	1.45243122210939
538	522	PC	.737141231488956
538	528	PC	103.449932270857
538	536	PC	.905196746237027
538	540	PC	1.50383111202669
540	528	PC	53.0797622018699
540	540	PC	.827741044849514
540	543	PC	4073.95580402974
540	605	PC	1.06687186645154
541	427	PC	1.70082972219396
541	540	PC	.7582018242795
541	543	PC	4669.24228762987
542	427	PC	1.0007520529004
542	540	PC	1.72726451093259
542	543	PC	8865.31703362294
543	543	PC	9953.14807469939
544	427	PC	2.81152987059239
544	540	PC	2.43835912127757
544	543	PC	9850.46293666161
545	543	PC	5463.46204101402
602	301	PC	882.607173430006
602	5403	PC	21.0340532751439
604	704	PC	1386.67625255662
604	716	PC	155.454169870938
605	213	PC	2754.65435899453
605	301	PC	819.781291763635
605	412	PC	3.17128906715548
605	605	PC	8.10318546162713
605	4001	PC	20.4264217580906
612	213	PC	338.367282648947
616	543	PC	2915.23567947372
617	528	PC	191.284649710843
617	540	PC	9.38988570459935
617	543	PC	10455.3092130767
617	605	PC	20.7331127014962
618	543	PC	11845.8759397474
618	605	PC	3.1073860198259
619	540	PC	1.37577519383227
619	543	PC	8231.83148258224
619	605	PC	6.00141884670695
620	543	PC	3483.14952516359
621	301	PC	1185.71305923475
621	605	PC	1.02921092431485
621	624	PC	.759870116789298
621	631	PC	.422236338126497
622	301	PC	97.4263048260799
622	716	PC	115.874644963342
623	301	PC	1830.12146647659
623	605	PC	1.00146938996674
623	716	PC	82.0089301365736
624	301	PC	2021.25511824073
624	605	PC	1.31772288153518
624	716	PC	267.324682002635
625	211	PC	38.422144609627
625	309	PC	23.0218933387886
625	412	PC	8.65416571201772
625	709	PC	31.4053478318517
625	1122	PC	8.03942712077876
625	1276	PC	33.9916086046732
625	1973	PC	1.83384291835374
626	301	PC	1368.54416437213
626	605	PC	.545121149940343
631	605	PC	1.58288200841944
631	631	PC	.410438016655726
632	704	PC	918.282971284282
633	412	PC	2.67428964275758
633	543	PC	2242.3713905005
633	605	PC	3.44490954136975
633	631	PC	1.87368212047915
701	704	PC	649.372814883627
701	716	PC	133.101965349774
702	624	PC	1.21785247695067
702	704	PC	1554.62980764432
702	714	PC	1.56596390319162
704	605	PC	.718725541517127
704	704	PC	88.5550300391206
704	716	PC	360.816199605547
706	704	PC	1524.96581915588
706	716	PC	315.033207503575
706	5106	PC	1.74644504055935
709	704	PC	1244.99196745928
709	716	PC	292.311266468349
713	624	PC	.899968844432139
713	704	PC	1744.85304288414
713	716	PC	268.422275630089
714	704	PC	4.85178962480745
716	605	PC	.691082251458776
716	704	PC	4952.78645433857
716	716	PC	224.652928168273
719	704	PC	386.938999468064
720	704	PC	3020.11822835754
723	704	PC	373.926920389409
728	704	PC	1089.09680290596
728	716	PC	265.433217177191
805	704	PC	517.89669911616
806	704	PC	1927.17362190618
806	716	PC	71.2983345988924
807	716	PC	120.344686189964
807	834	PC	657.802767297824
811	704	PC	150.289446518389
814	704	PC	656.610837659289
815	704	PC	56.6549716692202
817	834	PC	312.870993519714
819	704	PC	1200.22191331494
819	716	PC	202.345099229607
821	716	PC	695.452183319207
821	834	PC	464.396315460278
822	713	PC	1.72404074700985
822	716	PC	.580503472411661
826	716	PC	120.804223407953
826	834	PC	315.157493377468
827	834	PC	858.837565953428
828	716	PC	125.056336350959
828	834	PC	477.93749672595
829	716	PC	123.820347033463
829	834	PC	491.283258907084
831	834	PC	349.951134638425
833	834	PC	222.550779437799
834	716	PC	115.713595443066
834	834	PC	590.740191334059
901	1017	PC	755.002357538572
904	716	PC	1857.41906773709
904	1017	PC	4054.0547489856
906	716	PC	671.163514667923
906	1017	PC	5679.4615154583
911	704	PC	1070.25888643724
914	1017	PC	1550.59211590833
919	716	PC	320.590591990137
919	938	PC	393.477110039329
926	1017	PC	529.020419522415
928	1017	PC	694.628632161765
929	938	PC	1987.33285955182
935	938	PC	929.74171110498
937	938	PC	800.404111449071
938	938	PC	425.050999866206
940	834	PC	254.231129673538
941	834	PC	75.0555738600646
1002	1017	PC	1311.31922606472
1002	1119	PC	190.875394055734
1003	1017	PC	9854.68018984021
1003	1119	PC	108.066777970499
1004	1119	PC	1758.39877237715
1014	1017	PC	4564.5248335268
1014	1119	PC	112.363801694439
1017	1017	PC	5676.98900246973
1018	1017	PC	400.535348136667
1021	1017	PC	1970.0754710714
1026	938	PC	1112.07510187808
1027	1017	PC	2140.24945737882
1029	1017	PC	2058.77203743567
1032	1017	PC	4350.08795337602
1032	1941	PC	10.704494219345
1034	938	PC	4217.45443874255
1037	938	PC	5751.17680427403
1046	1119	PC	1355.89664923989
1071	1017	PC	280.00334216324
1101	1119	PC	5364.04786871726
1101	4001	PC	.814347083395707
1102	605	PC	1.48073485214488
1102	1119	PC	661.421299931558
1102	1120	PC	22939.8558463352
1102	4001	PC	43.8744078640209
1102	5106	PC	1.32080503852696
1102	5605	PC	181.468813430877
1102	5920	PC	123.790257698975
1102	6020	PC	153.482853194144
1106	1120	PC	269.155496688613
1106	4001	PC	2.42802833527493
1106	5404	PC	7.864875836854
1111	1119	PC	744.790076133102
1112	1119	PC	3242.90269690642
1114	1119	PC	14060.6327166548
1119	56	PC	1.6326473750951
1119	125	PC	1.25191898138315
1119	1003	PC	1.13285651022758
1119	1119	PC	58552.5612798867
1119	1211	PC	.943346644944183
1119	1235	PC	2.2542836545762
1119	1431	PC	3.24324038990413
1119	1449	PC	1.26245923192007
1119	1548	PC	1.07046403446945
1119	1719	PC	1.80263522286011
1120	1119	PC	3372.01148836275
1120	1120	PC	32337.5309870517
1121	1119	PC	1620.00465728856
1121	1120	PC	28750.6544500382
1122	1119	PC	31.6115134930328
1122	1120	PC	10103.2604650528
1124	1119	PC	943.067870754948
1124	1120	PC	9936.92079751481
1127	1119	PC	298.721981146788
1127	1120	PC	4309.70338685547
1129	1119	PC	109.052020012802
1129	1120	PC	2323.92603579553
1130	1119	PC	673.035219478838
1130	1120	PC	4176.15262011166
1133	1119	PC	769.338773351222
1133	1120	PC	5398.89450002812
1134	1119	PC	381.043239759442
1134	1120	PC	4395.19058117626
1135	834	PC	420.182326856061
1135	1119	PC	107.796179572053
1141	1119	PC	3047.19410961356
1141	1120	PC	9554.63292891873
1142	1119	PC	466.826755253271
1142	1120	PC	6277.15528888164
1144	1120	PC	470.771121618398
1145	1120	PC	803.16152815483
1146	213	PC	1.15255312658663
1146	310	PC	1.41687594475013
1146	1119	PC	288.790848972483
1146	1120	PC	6645.39426161655
1149	1119	PC	768.140705692772
1149	1120	PC	4298.23356092799
1149	5605	PC	5.64657752389518
1149	6020	PC	86.7152976883903
1149	6030	PC	3.26694842453935
1154	1119	PC	48.5311917451921
1154	1120	PC	18052.8931484755
1171	1119	PC	276.053933854583
1171	1120	PC	3028.31626242802
1211	1120	PC	8785.20605402046
1216	1119	PC	148.388364209153
1216	1271	PC	6121.08444018527
1219	1119	PC	151.665193819889
1219	1271	PC	2508.12246955795
1221	1271	PC	1823.81437000561
1222	1271	PC	5079.71451771006
1223	1271	PC	3190.25401062394
1224	1119	PC	158.561864729907
1224	1238	PC	19552.0481105098
1227	1238	PC	3889.33045298381
1228	1235	PC	286.57378176891
1231	1119	PC	456.729311669356
1231	1235	PC	508.988687020084
1232	1235	PC	314.725319425441
1233	1235	PC	516.981030582189
1234	1235	PC	651.443644228381
1235	811	PC	2.44603873481418
1235	1119	PC	130.31184229466
1235	1235	PC	12030.1725179844
1238	1119	PC	218.448210004227
1238	1238	PC	5321.86876344569
1241	1238	PC	1708.27384840598
1242	1238	PC	337.522577025054
1243	1271	PC	1422.58891511695
1244	1271	PC	435.147854297534
1245	1271	PC	170.2656356365
1251	1235	PC	1486.35073788259
1252	1119	PC	83.2297929462736
1252	1235	PC	198.7088384538
1253	1271	PC	3368.38935649935
1256	1119	PC	42.9224353336488
1256	1271	PC	1180.61968171357
1259	1119	PC	71.3841501333255
1259	1271	PC	165.789228952712
1260	1119	PC	93.0800655317511
1260	1271	PC	3658.87214208887
1263	1271	PC	3075.79048649085
1264	1271	PC	310.818241011988
1266	1271	PC	871.829676725441
1271	1119	PC	71.1222028523624
1271	1271	PC	1109.55708762105
1273	5605	PC	2.47503494483884
1277	58	PC	1.92457412514651
1277	4001	PC	15.520956371547
1277	4004	PC	6.14273499901104
1277	5101	PC	4.27524569961042
1277	5403	PC	18.2671442386787
1277	5605	PC	30.9603629920285
1277	5700	PC	4.27116821205714
1277	5810	PC	4.12845614769246
1277	6000	PC	3.91031056359216
1277	6020	PC	7.68198655037292
1401	1445	PC	1945.97248875745
1411	1119	PC	291.284913687964
1411	1271	PC	3948.43849228248
1412	1119	PC	146.161375235146
1412	1271	PC	110.666577265658
1413	1271	PC	2522.7865278017
1416	62	PC	13.3212558981863
1416	1417	PC	1917.65581316018
1416	4001	PC	83.7136923162187
1416	4002	PC	484.871684357986
1416	4004	PC	15.5746846720346
1416	4005	PC	112.439445161916
1417	1417	PC	3483.89629291893
1418	1417	PC	299.150198064754
1419	1417	PC	43.9697194959649
1420	1417	PC	2695.27095500965
1421	1235	PC	160.508867278214
1422	1235	PC	866.156896579103
1426	1417	PC	3786.35112555287
1428	528	PC	180.101399057843
1428	1445	PC	7007.77775905192
1429	1445	PC	5933.04402940469
1430	1119	PC	86.0882467986009
1430	1417	PC	9387.51275248293
1430	1449	PC	.823407310995752
1431	1445	PC	14436.1444547704
1432	528	PC	15.0005782440422
1432	1445	PC	7949.06243459998
1433	1445	PC	6352.66811911844
1438	1520	PC	1326.15398748166
1439	1445	PC	119.948491974211
1441	528	PC	43.7132986063765
1441	1445	PC	1140.90075110304
1443	528	PC	413.011246590529
1443	1445	PC	5630.82927553928
1444	1445	PC	3348.1068898998
1445	528	PC	855.979132618695
1445	1445	PC	11266.0757473161
1449	1445	PC	8409.23200989289
1502	1535	PC	2259.02145540813
1503	1548	PC	154.953786069442
1504	59	PC	13.8799209655144
1504	1504	PC	192.806886006174
1504	4001	PC	2.81621584807538
1504	4002	PC	3.62084894752549
1504	5101	PC	5.43127342128824
1504	5106	PC	3.97287592853492
1504	5201	PC	41.2374463468181
1504	5203	PC	12.4718130414767
1504	5204	PC	17.4806540855536
1504	5403	PC	6.9399604827572
1504	5501	PC	1.19689173543204
1504	5605	PC	22.0167731837036
1504	5700	PC	2.81621584807538
1504	5710	PC	7.26382530528586
1504	5840	PC	1.15666008045953
1504	5860	PC	52.6330626177803
1504	5880	PC	11.4157320984484
1504	6020	PC	52.3313252054865
1504	6030	PC	7.48509940763464
1504	6040	PC	3.21853239780044
1511	528	PC	1054.98332475193
1511	1520	PC	6475.56072431244
1514	1520	PC	1095.49889204466
1515	1520	PC	448.744551834578
1515	1671	PC	217.598669519426
1516	1520	PC	1118.4002316234
1517	1504	PC	610.570558484741
1517	1671	PC	392.443528389485
1519	528	PC	203.608166331753
1519	1520	PC	6334.59831236049
1520	528	PC	175.018683019224
1520	1520	PC	14611.7609841181
1523	1504	PC	6.53598490057008
1523	1535	PC	1108.3151834347
1524	1535	PC	2077.37511563686
1525	1504	PC	4662.07041025807
1526	1535	PC	949.090423281843
1526	1865	PC	25.4569012550683
1528	1504	PC	1767.07634741515
1529	1504	PC	1117.02969829554
1531	1504	PC	89.5710045016696
1532	1504	PC	2219.73251768904
1534	1504	PC	4815.13197208388
1534	1671	PC	245.428395933672
1535	1535	PC	4014.85947443308
1539	1535	PC	5674.0450456497
1543	1535	PC	4270.94156348103
1543	1671	PC	3.57868425695314
1545	1548	PC	657.667349108398
1546	1548	PC	1155.39754994476
1546	6020	PC	165.742348990231
1547	1535	PC	750.969915347615
1548	1548	PC	13032.4462895025
1551	1548	PC	3540.93381821893
1554	1548	PC	3807.85690719516
1557	1535	PC	4364.20257480465
1560	1548	PC	3737.35101661919
1563	1535	PC	3228.47740653145
1563	1671	PC	114.97554974513
1566	1671	PC	11350.72037578
1567	1671	PC	9603.93977351673
1569	1548	PC	3331.98310450671
1571	1548	PC	2388.96131007019
1573	1548	PC	842.223403820415
1612	1671	PC	6689.52839497636
1613	1671	PC	3774.53551890166
1617	1671	PC	4098.80188074838
1620	1671	PC	1238.47288465221
1620	4001	PC	1661.97131930218
1620	5810	PC	12.4492173101614
1621	1671	PC	7913.96452126153
1622	1671	PC	5631.13337275706
1624	1671	PC	13040.2342082392
1627	1671	PC	7070.40911849809
1630	1671	PC	11833.354257391
1632	1566	PC	1.00534818980619
1632	1703	PC	5611.73272434238
1633	1703	PC	5976.80556539298
1634	511	PC	11379.6725613092
1634	1671	PC	257.846174005337
1634	5700	PC	.961095598245883
1635	1671	PC	8293.39465257099
1636	1671	PC	13874.9020457481
1638	1671	PC	9286.83461071952
1640	1640	PC	3946.22086626031
1640	1671	PC	101.198875728849
1644	1640	PC	1820.25029276084
1648	1671	PC	14024.8317130168
1648	5201	PC	257.986862918204
1648	5605	PC	209.840714024497
1648	6000	PC	41.0909984436081
1648	6020	PC	82.1819968872162
1653	1671	PC	8224.15754122818
1657	1671	PC	3462.38468128471
1662	1671	PC	1244.01956984251
1663	1671	PC	1899.71453122205
1664	1664	PC	6608.95383957643
1665	1664	PC	1796.37217460022
1671	1671	PC	5222.11349236882
1674	62	PC	627.389474223329
1674	4001	PC	1.70047838081679
1702	1671	PC	2825.75581038553
1702	1721	PC	20112.6691678455
1703	1671	PC	381.219106357244
1703	1703	PC	3629.89612431636
1711	1671	PC	632.818215099975
1714	1671	PC	8431.45362423825
1717	1719	PC	1106.87359636688
1718	1671	PC	6071.59529611256
1719	50	PC	46.9597700929809
1719	1671	PC	2760.65460751032
1719	1719	PC	19789.5437418193
1721	1671	PC	248.215406459649
1721	1721	PC	8528.66640279972
1724	1721	PC	1782.9528267139
1725	1671	PC	421.29046887401
1725	1703	PC	8475.17394575655
1729	1671	PC	806.792327462774
1729	1721	PC	7379.18571685807
1736	1671	PC	409.066310928393
1736	1703	PC	6558.95499889186
1738	1703	PC	2517.77009788068
1739	1671	PC	264.644986033061
1739	1703	PC	409.682151687871
1740	1703	PC	1288.60668127968
1742	1703	PC	4548.98751032402
1743	1703	PC	4608.32772534531
1744	1703	PC	9077.83985167806
1748	1703	PC	3088.67103603454
1749	1671	PC	2.85646043428801
1749	1703	PC	1888.26330815457
1750	1703	PC	9542.27498545072
1751	1703	PC	21953.6039035674
1755	1671	PC	114.345902395322
1755	1812	PC	2229.32551838665
1804	1820	PC	2917.41964203844
1805	1901	PC	473.622315487964
1811	1812	PC	1339.35750269429
1812	1671	PC	447.530449562833
1812	1812	PC	6200.93824854964
1813	1671	PC	451.48123372495
1813	1812	PC	3447.5192151377
1815	1820	PC	10018.739612362
1816	1820	PC	3322.16161039228
1818	1820	PC	1559.78699638471
1820	1820	PC	6702.49784199518
1820	1841	PC	71.1946015151662
1822	1820	PC	6598.93702887563
1824	1820	PC	6012.24861256574
1825	1820	PC	2144.7347331862
1825	1841	PC	163.989893790146
1826	1820	PC	4240.64694753434
1827	1820	PC	5072.77258377724
1828	1820	PC	2816.58248541454
1832	1820	PC	7882.36062335639
1833	1820	PC	6152.41113313787
1833	1841	PC	73.5441010946942
1834	1820	PC	1396.89538148081
1836	1820	PC	1194.17266731381
1837	1820	PC	2038.56585941825
1838	1820	PC	476.795374242767
1839	1820	PC	916.76783636279
1840	1820	PC	480.884817156623
1841	1820	PC	1804.91346926294
1845	1820	PC	108.405699319829
1848	1901	PC	8944.39183525457
1849	1901	PC	998.923106183782
1851	1841	PC	102.012885857969
1851	1901	PC	1195.87507851823
1852	1901	PC	752.18525503019
1853	1901	PC	1046.01363572099
1854	1901	PC	3159.77617304315
1859	1901	PC	370.954111125124
1860	1901	PC	8753.36805405935
1860	5201	PC	6.51558389413242
1860	5605	PC	9.09237957274563
1865	1901	PC	1458.36145181007
1866	1901	PC	2316.87752868048
1867	1901	PC	2379.03678055344
1868	1901	PC	613.354783204471
1870	1841	PC	44.3495292807093
1870	1901	PC	5179.1356273172
1870	1971	PC	26.1793086379778
1871	1841	PC	344.74848181243
1871	1901	PC	4021.63214178934
1874	5850	PC	1.98803809781811
1901	1841	PC	391.758510695229
1901	1901	PC	4784.0404164841
1911	1841	PC	461.979690128279
1911	1901	PC	4419.17681707092
1913	1901	PC	642.700803257143
1917	1901	PC	797.373299381611
1919	1901	PC	467.584180275035
1922	1933	PC	4007.57931306023
1923	1933	PC	722.183492648864
1924	1933	PC	5187.35883076395
1925	1933	PC	304.780154291359
1926	1933	PC	721.54929550838
1927	1933	PC	733.77610485037
1931	1271	PC	4.66790533466599
1931	1933	PC	540.585710758487
1933	1933	PC	4428.50050306147
1938	1933	PC	1054.67823329303
1939	1933	PC	25.6125771008298
1940	1933	PC	2100.8244384273
1942	2012	PC	2732.33240428073
1943	2012	PC	602.195577814784
1971	1841	PC	88.0506949338915
1971	1933	PC	934.722940042661
1971	4001	PC	2.63541090923888
1971	5402	PC	11.8801393354119
1971	5700	PC	7.63298952300217
1971	6020	PC	1.61965899606116
1974	5831	PC	3.35811938547644
2003	2025	PC	551.71503066131
2011	2012	PC	571.498453565551
2012	2012	PC	10785.7491312631
2019	5850	PC	7.34072007541611
2020	2012	PC	1325.41069392661
2021	2025	PC	1016.14631375943
2021	3001	PC	1.34604275443194
2022	1841	PC	393.26249667701
2022	1901	PC	23.9886777102817
2022	2025	PC	581.706805210238
2025	2025	PC	4549.62459804581
2027	2025	PC	134.16403817292
2030	2025	PC	2339.89853095624
3001	310	PC	1398.01101829311
3001	1106	PC	11.0936281440664
3001	1277	PC	2.52239403137595
3001	2021	PC	5.90775205185688
4001	106	PC	40.5461804371944
4001	211	PC	4.23421331357096
4001	215	PC	59.0496156654307
4001	219	PC	17.526145994724
4001	233	PC	39.222626071501
4001	301	PC	68.7629747305375
4001	302	PC	479.622895865724
4001	303	PC	1.18933424864242
4001	305	PC	2926.74602196479
4001	306	PC	21.3052345034587
4001	310	PC	2.31810054943731
4001	419	PC	172.13075354929
4001	605	PC	42.0035445428675
4001	625	PC	74.8616837729352
4001	709	PC	68.0512941682563
4001	822	PC	2.5202768953416
4001	1119	PC	15.8717088554712
4001	1273	PC	3.25895569401074
4001	1671	PC	1151.71237644441
4001	1972	PC	25.2204610888126
4003	226	PC	743.361491261945
4003	305	PC	338.908869877038
4004	215	PC	8.33186985436313
4004	605	PC	24.9380192356036
4004	1671	PC	41.9093334415187
4005	302	PC	3.30370624622895
4005	305	PC	122.03340255862
5101	101	PC	17.0898620781511
5101	211	PC	3.61410839882517
5101	217	PC	2.63603104179238
5101	219	PC	26.5301013201865
5101	301	PC	6.23482784357763
5101	305	PC	201.660064662174
5101	306	PC	19.6754060886524
5101	310	PC	138.102262661806
5101	602	PC	11.2142055275696
5101	617	PC	3.06615764640095
5101	1102	PC	28.0839983526523
5101	1119	PC	404.966145432638
5101	1159	PC	1134.47615446503
5101	1972	PC	2.69384357076327
5101	1973	PC	5.56579250157701
5102	226	PC	122.743386850175
5102	305	PC	1.63349919952431
5102	309	PC	3.0357389618126
5102	602	PC	4.53382652029139
5102	625	PC	42.471298507642
5102	1175	PC	1.91089639104874
5103	226	PC	21.9244530793052
5106	302	PC	58.9271070785703
5201	211	PC	57.8599733028757
5201	217	PC	2.98547607903286
5201	301	PC	12.0621985834537
5201	302	PC	1.1985112104375
5201	303	PC	1.25907915828503
5201	305	PC	139.431086729734
5201	306	PC	26.3231972130087
5201	309	PC	37.777880925628
5203	302	PC	1.07186913766539
5204	302	PC	5.6603500352056
5204	305	PC	18.4126561456493
5204	309	PC	20.1819743797408
5302	305	PC	33.1233259031632
5302	1102	PC	25.5419612103006
5302	1119	PC	82.8337503879349
5402	306	PC	2.95314630565688
5402	1271	PC	4.22345587628445
5402	1273	PC	1.07187617912839
5403	217	PC	16.3992276987588
5403	219	PC	205.7222043108
5403	301	PC	2.7163806913438
5403	302	PC	40.3529364053276
5403	305	PC	79.2485712775964
5403	306	PC	352.228312226417
5403	310	PC	210.367166013346
5403	602	PC	11.3267321675643
5403	1106	PC	139.530839362085
5403	1172	PC	14.073258223438
5403	1271	PC	1.76322689571911
5403	1273	PC	12.3576585853818
5403	1671	PC	17.3192069593408
5403	1972	PC	2.72909358993993
5404	217	PC	16.340353806615
5404	219	PC	1.50790598168361
5404	305	PC	14.3894760946861
5404	310	PC	7.65358613709707
5404	602	PC	1.80469940345875
5404	1273	PC	7.75367724655967
5501	211	PC	12.4781847875227
5501	310	PC	118.511284621668
5501	1271	PC	2.05898183442413
5605	124	PC	15.7868179822437
5605	219	PC	16.9574202092447
5605	301	PC	33.6115402706615
5605	302	PC	53.1034071234123
5605	305	PC	478.521660450314
5605	306	PC	79.883617033816
5605	310	PC	80.3277819846979
5605	1102	PC	707.890875061512
5605	1119	PC	974.769584455796
5605	1277	PC	8.45444691024289
5605	1503	PC	.76787186687267
5700	211	PC	151.516739214957
5700	215	PC	137.926067271404
5700	221	PC	15.191144583734
5700	301	PC	10.724197553731
5700	302	PC	502.734156450454
5700	303	PC	14.8299702608499
5700	305	PC	2.39151624379796
5700	306	PC	95.2036370545232
5700	309	PC	28.3825074398247
5700	310	PC	9.43942290241971
5700	709	PC	11.4170672179601
5700	1671	PC	81.8472885859711
5740	309	PC	8.12895275808223
5760	217	PC	16.1105557114731
5770	310	PC	36.3848181251348
5800	1271	PC	1.63701300467939
5840	104	PC	1.61613570908851
5840	1101	PC	.751053427947723
5840	1175	PC	1.7521390414378
5840	1271	PC	1.52775321840619
5850	305	PC	767.252738624211
5850	310	PC	330.165060678685
5850	1277	PC	3.49819695016067
5860	302	PC	2.36031457369468
5870	305	PC	239.177319872822
5880	211	PC	408.784192341854
5880	215	PC	10.2293411430887
5880	219	PC	1.737483362978
5880	301	PC	8.0004752929511
5880	302	PC	75.5686095977692
5880	304	PC	4.56645618923201
5880	305	PC	40.3015454192752
5880	306	PC	55.8675080160905
5880	308	PC	2.1455736676898
5880	309	PC	4.47285117892219
5880	628	PC	13.472106789232
5880	720	PC	8.51996362854566
5880	1172	PC	95.8061883597231
5880	1671	PC	38.5322582141817
6000	305	PC	53.9109797613794
6000	310	PC	53.5622552131663
6020	213	PC	31.8974777310766
6020	219	PC	112.449436269612
6020	302	PC	53.9128151537384
6020	306	PC	21.6576298363898
6020	310	PC	19.2716197696689
6020	1106	PC	5.17666020490111
6020	1149	PC	6.93618723709715
6040	219	PC	40.5812805889545
6040	302	PC	22.591844547129
6040	310	PC	59.1088109221129
6040	1106	PC	1.36386935088002
6050	302	PC	17.6124250771183
6050	305	PC	70.1945807705701
6050	310	PC	105.777332434815
6050	1106	PC	82.9611646846477
