50	602	PC	3.7024439210952
50	625	PC	4.08578944501026
52	220	PC	2.547443390942
58	104	PC	170.449301606649
58	220	PC	61.2650444618808
58	230	PC	20.165537355725
58	231	PC	2.97995870644775
58	301	PC	18.6289046118927
58	626	PC	22.8963461240262
58	1106	PC	1.16251877193307
58	1146	PC	.998594991617595
58	1271	PC	17.5841674402476
58	1416	PC	2.29385355587653
58	1439	PC	1.28341212642198
58	1504	PC	13.2599449741861
58	1531	PC	3.19714654609783
62	220	PC	3.71372246903123
62	301	PC	13.498839242301
62	926	PC	2.92573524603787
62	1102	PC	1.58149804094504
62	1271	PC	1.60606526461184
62	1277	PC	2.13897441294964
62	1416	PC	3.55338769019419
104	211	PC	6273.89090729385
104	230	PC	5792.09285619636
104	235	PC	1188.09845951006
104	309	PC	3626.50658769746
104	412	PC	4193.0711964514
104	542	PC	1006.02494296422
104	626	PC	806.370427930779
104	709	PC	1714.92499903807
104	926	PC	2484.47782318547
104	1122	PC	3328.17367966943
104	1172	PC	3030.27198357534
104	1274	PC	1239.6162770793
104	1275	PC	1489.33484070942
104	1276	PC	6778.6631523016
104	1401	PC	1.23302939374858
104	1502	PC	773.255190357909
104	1531	PC	1289.82845286784
104	1677	PC	4092.07038059362
104	1805	PC	354.655356633822
104	1870	PC	276.262428939221
104	1971	PC	1246.97713847428
104	1973	PC	2180.06595153407
104	4001	PC	3.64082404107917
104	6010	PC	2.12572439719562
104	6020	PC	272.628322027392
105	1124	PC	832.630002259752
105	1503	PC	668.793060533955
106	104	PC	5172.23485726574
106	105	PC	981.956589656022
106	231	PC	14.3594889031909
106	301	PC	5881.87649252356
106	305	PC	36.7120634902173
106	602	PC	2063.04866309565
106	701	PC	1186.05375517251
106	702	PC	694.558793613308
106	706	PC	527.588432176813
106	805	PC	3028.38144861381
106	906	PC	1561.87203573097
106	1002	PC	918.277520100137
106	1071	PC	970.895750638104
106	1106	PC	2569.04442426216
106	1124	PC	5469.32678867964
106	1159	PC	1830.00626341422
106	1251	PC	2844.20250825607
106	1263	PC	2003.67621791006
106	1271	PC	1861.93594271336
106	1401	PC	666.535714361732
106	1439	PC	1377.74597846751
106	1502	PC	3184.38816259044
106	1503	PC	3394.12478220982
106	1671	PC	5413.73357900601
106	1804	PC	3.9010138820513
106	1866	PC	5629.16803972431
106	1868	PC	2232.49348833395
106	1901	PC	1295.6905609659
106	1971	PC	1666.23295379068
137	219	PC	34.347503536298
211	542	PC	572.142449865344
211	626	PC	916.290471293671
219	1866	PC	6.74975275152363
219	6000	PC	20.8153499476614
219	6020	PC	4.28189094548352
220	58	PC	18.3244464039246
230	104	PC	16.1951122486723
230	213	PC	1.3331457405313
230	230	PC	2.30167980065022
230	1525	PC	8.89807777776945
301	50	PC	2.79215425769067
301	58	PC	25.6949677584622
301	4001	PC	496.496749151995
301	5404	PC	3.0276371468935
301	5501	PC	1.69253326614533
301	5700	PC	3.91490303299702
301	5842	PC	3.15378869468073
301	6020	PC	23.8573602123615
302	522	PC	14.274948707284
302	709	PC	5.13468407528846
302	1004	PC	2.19319905673059
302	1420	PC	5.85836937770286
302	1504	PC	5.35751694093102
302	1519	PC	4.15318810640138
302	1525	PC	1.42678573793151
302	1532	PC	.525679462097039
302	1671	PC	11.9479370938216
302	1870	PC	.549933444989964
302	1871	PC	.415726411739346
302	1901	PC	.922837348137084
302	1973	PC	2.45512078225327
302	2002	PC	2.47008225405445
303	312	PC	1.51519437961227
303	831	PC	3.60157958900396
303	1018	PC	17.5991301002173
303	1502	PC	9.68994828676506
303	1933	PC	1.7065984804938
305	125	PC	2.24791450446091
305	1173	PC	1.89100410364765
305	1273	PC	1.81043523722968
305	1865	PC	2.9887313146664
306	302	PC	1.58337812669482
309	1865	PC	2.43660252969382
626	58	PC	385.033177640786
626	5403	PC	601.306275541418
626	6020	PC	10658.3620480147
704	101	PC	1.48631891033355
704	104	PC	.84830370272372
704	105	PC	2.3772545922649
704	106	PC	3.0200496123335
704	125	PC	2.86196189820914
704	136	PC	.677397470688663
704	211	PC	8972.23230930833
704	213	PC	3.71679509852457
704	214	PC	.932897614624102
704	215	PC	1.28402424693516
704	219	PC	7.16518659210439
704	220	PC	2.54382770672228
704	221	PC	3.50945039754904
704	230	PC	5775.51498633769
704	231	PC	6.12991287069301
704	235	PC	1627.72690228678
704	236	PC	3.26051478647479
704	301	PC	3.81217189831055
704	302	PC	3.31378405705956
704	303	PC	1.21956494928636
704	304	PC	2.56620229518308
704	305	PC	179.465748480035
704	306	PC	1.44388898657526
704	307	PC	.948917247414965
704	309	PC	6322.14642380478
704	311	PC	.542945694607867
704	403	PC	2.1216423628487
704	412	PC	6551.4630475848
704	415	PC	1.06205759083155
704	417	PC	1.24017708876345
704	425	PC	.352481909934176
704	427	PC	1.57290907423904
704	428	PC	1.4080463362687
704	501	PC	5.1436151400513
704	502	PC	2.01175667640205
704	512	PC	1.27402913598538
704	515	PC	.828387336279115
704	532	PC	7.30918232983571
704	534	PC	1.08079814794467
704	538	PC	1.04375147401762
704	542	PC	1519.96989993511
704	602	PC	2.26519154963924
704	604	PC	.536540047736741
704	620	PC	4.353873662846
704	623	PC	2.03180628537491
704	624	PC	1.69183442986914
704	626	PC	3169.30361695992
704	704	PC	8.18577040312462
704	706	PC	7.96376646462376
704	709	PC	4487.79846010884
704	711	PC	2.83540578554644
704	716	PC	1.45773924897243
704	719	PC	.699704598232375
704	720	PC	1.32796802824973
704	723	PC	3.00550192009161
704	805	PC	1.27371242312975
704	806	PC	8.11554228398709
704	807	PC	.695124667453303
704	815	PC	1.72734066547944
704	834	PC	2.17705468976646
704	904	PC	1.92884216782864
704	906	PC	1.1504905692923
704	926	PC	3615.04173889541
704	1002	PC	.557767485756218
704	1018	PC	1.34069005668762
704	1032	PC	1.02515446453554
704	1071	PC	2.86776632819926
704	1072	PC	.814153999954874
704	1073	PC	.455008122694515
704	1074	PC	2.19673061016017
704	1102	PC	7.71879110114303
704	1106	PC	1.73268083938972
704	1122	PC	3752.37660513715
704	1124	PC	3.01921700294967
704	1149	PC	2.44074988419169
704	1172	PC	2409.48393913626
704	1173	PC	7.69586717185337
704	1219	PC	.956896624264671
704	1224	PC	.96142980802282
704	1231	PC	1.03350165405163
704	1246	PC	1.97257538613521
704	1271	PC	7.92805889014243
704	1272	PC	1.28191905057163
704	1273	PC	1.28573428584119
704	1274	PC	1336.7611499539
704	1275	PC	1281.23326203193
704	1276	PC	9233.98717811304
704	1277	PC	1.57569216632763
704	1432	PC	1.47421457469305
704	1449	PC	.811855871478746
704	1502	PC	926.814360450661
704	1503	PC	1.71872714347399
704	1504	PC	16.5353011787119
704	1528	PC	1.14396513665868
704	1531	PC	2611.94550425405
704	1554	PC	1.29025587046921
704	1612	PC	.558032398608813
704	1634	PC	1.70467633688208
704	1638	PC	.897539725940926
704	1640	PC	4.07907669560435
704	1671	PC	16.1263676226573
704	1673	PC	1690.47363758238
704	1677	PC	6011.37062430928
704	1702	PC	4.49687892364204
704	1714	PC	4.81191663056013
704	1719	PC	4.77037631657341
704	1804	PC	17.8178727713076
704	1805	PC	722.088268406454
704	1818	PC	1.83531030255301
704	1833	PC	3.61285460387468
704	1837	PC	3.58205101962432
704	1865	PC	1.254186256203
704	1866	PC	2.23650860454472
704	1870	PC	2.92394660313187
704	1871	PC	1.67896753075685
704	1901	PC	2.99185176523436
704	1931	PC	.814741737807036
704	1971	PC	1225.98388239298
704	1972	PC	5.45727066552822
704	1973	PC	2587.42791463763
704	2003	PC	1.01879299226675
704	2004	PC	3.3253963744717
704	2012	PC	2.69314313819342
704	2028	PC	1.35120511291097
704	2030	PC	2.1469417945994
709	104	PC	134.664472839888
709	1865	PC	78.5579245369233
822	4001	PC	.879448535288695
1071	301	PC	147.728274497181
1071	709	PC	506.943402073022
1071	805	PC	18.1111710003878
1101	301	PC	95.8552252356675
1101	602	PC	69.3945752209685
1101	706	PC	86.7113800458929
1101	805	PC	333.791475471987
1101	926	PC	787.970154000532
1101	1002	PC	37.6708186099955
1101	1004	PC	2334.92026518745
1101	1101	PC	2459.74264739351
1101	1102	PC	322.690124042862
1101	1106	PC	4685.89042701253
1101	1111	PC	15.6082214088873
1101	1124	PC	4156.68726121314
1101	1130	PC	448.921515149978
1101	1149	PC	10.4848736196378
1101	1172	PC	351.39468215723
1101	1173	PC	137.435145454121
1101	1244	PC	276.003303827553
1101	1271	PC	4371.19950525633
1101	1401	PC	712.891316059395
1101	1504	PC	210.152021993096
1101	1515	PC	650.65504904362
1101	1826	PC	81.4358888122813
1101	1868	PC	2780.27037291343
1101	1971	PC	302.051079574244
1101	4001	PC	45.6036034553662
1101	4002	PC	46.9342345313657
1101	4004	PC	34.6833232251186
1101	4005	PC	40.1817474380744
1101	5101	PC	14331.6954810421
1101	5102	PC	1787.22585144042
1101	5103	PC	206.941069362283
1101	5106	PC	82.7764277449131
1101	5403	PC	20490.6900732772
1101	5404	PC	27853.357395458
1101	5700	PC	290.234849780602
1101	5760	PC	583.573815601637
1101	5790	PC	842.664034443215
1101	5800	PC	25009.3807650871
1101	5810	PC	14158.9079657674
1101	5820	PC	51.7352673405707
1101	5835	PC	43.4576245660794
1101	5840	PC	2480.29425625233
1101	5841	PC	16555.7159864069
1101	5842	PC	41.3882138724565
1101	5920	PC	964.655794832281
1101	6000	PC	23160.1822716047
1101	6010	PC	746.413673672124
1101	6020	PC	58664.3393177595
1101	6030	PC	1974.6316838549
1111	211	PC	2.45802784937025
1119	1119	PC	49895.9803420157
1124	1101	PC	303.684138586102
1124	1106	PC	437.60539476374
1124	1124	PC	2645.07354826432
1124	1130	PC	930.536687607933
1124	1135	PC	916.703059697197
1124	1159	PC	3120.36641616206
1124	1271	PC	30968.314894398
1124	1502	PC	1881.74583860195
1124	1671	PC	730.861449574603
1124	1702	PC	571.601687679562
1124	4001	PC	10.4339933291903
1124	5820	PC	31.2185080409373
1124	6000	PC	23.9981846571376
1124	6020	PC	549.422786735172
1127	1106	PC	481.365934240114
1133	1101	PC	.584652330980529
1141	235	PC	19.1868421838288
1141	309	PC	32.5295784889939
1141	1172	PC	4.08774968369225
1141	1275	PC	12.6406859646231
1141	5101	PC	30.2439730639909
1141	5102	PC	382.228477628227
1141	5104	PC	5.02501118733803
1141	5106	PC	7.41648245838844
1141	5501	PC	7.29544813576984
1141	5820	PC	192.008432042425
1141	5841	PC	19.9289272587534
1141	5860	PC	347.118090075502
1141	6010	PC	660.811925920275
1141	6020	PC	1109.79917966733
1149	104	PC	43455.5813833757
1149	1004	PC	11579.6139294713
1149	1102	PC	196.040285199302
1149	1106	PC	2844.19657893906
1149	1124	PC	41.5295895104794
1149	1172	PC	421.057806719997
1149	1221	PC	2997.79807414236
1149	1224	PC	138.933179237226
1149	1244	PC	16626.4939446846
1149	1271	PC	13813.3060387174
1149	1401	PC	2261.71732420221
1149	1411	PC	554.219554280847
1149	1416	PC	38.8984089738398
1149	1439	PC	136.13229177951
1149	1502	PC	199.246221019744
1149	1503	PC	220.489975172461
1149	1504	PC	2041.37500941421
1149	1750	PC	207.355627159657
1149	1804	PC	8.13451386981184
1149	1813	PC	92.2878291153616
1149	1868	PC	2346.71480102099
1149	1901	PC	18155.9612111331
1149	2004	PC	9399.23567036764
1171	4001	PC	101.79403891958
1171	4004	PC	51.7442597181204
1171	4005	PC	11.043338539615
1172	1124	PC	683.191342119717
1173	104	PC	1170.47596763118
1173	709	PC	1094.1886904977
1173	1101	PC	82.2064582368573
1173	1106	PC	459.485664501928
1173	1271	PC	239.319905727901
1173	1671	PC	987.650607533247
1173	6020	PC	31.0849529263237
1219	104	PC	137.07892204543
1219	230	PC	154.7632331895
1219	235	PC	6.24959947509206
1219	627	PC	.898699276807546
1219	1102	PC	6.3548751482138
1219	1149	PC	24.6020772763456
1219	1274	PC	26.0551734589026
1219	1504	PC	1.1532654014229
1219	1804	PC	30.2030738854321
1219	1805	PC	3.78656418195503
1219	3001	PC	95.5015763910128
1219	5101	PC	114.747764014327
1219	5102	PC	176.458472432466
1219	5104	PC	79.8492805051935
1219	5404	PC	99.5703854785427
1219	5605	PC	61.9668723095176
1219	5800	PC	296.210882217994
1219	5810	PC	41.1532689610417
1219	5820	PC	43.5967186821795
1219	5840	PC	100.411024446487
1219	5841	PC	313.001399555108
1219	5920	PC	75.4312607704928
1219	6020	PC	512.263494389536
1243	4001	PC	67.3666952736641
1243	5605	PC	702.838142425524
1243	5820	PC	77.5745280083669
1243	6000	PC	45.0778226949505
1243	6010	PC	744.70505059829
1243	6020	PC	487.706869439226
1243	6030	PC	107.875059469492
1243	6050	PC	20.6219474536344
1244	50	PC	8.85553972698252
1244	58	PC	79.3247993896999
1244	1219	PC	19.3229601433984
1244	5402	PC	11.1183905842773
1244	5403	PC	9.22851422371896
1244	5404	PC	7.95331650303348
1244	5790	PC	18.2820013093046
1244	5800	PC	44.2818659477253
1244	5820	PC	39.1894096906088
1244	5831	PC	150.033679539147
1244	5840	PC	41.4730971119671
1244	5880	PC	9.59523775123636
1244	6000	PC	521.645464985835
1244	6010	PC	839.555173871695
1244	6020	PC	2762.4866596604
1244	6050	PC	38.2600989333772
1245	5840	PC	41.8544062343289
1245	5930	PC	44.961137936195
1245	6020	PC	937.480774000871
1246	105	PC	7.73156391374505
1246	805	PC	22.4014390552967
1246	1106	PC	13.1083937206672
1246	1124	PC	51.3958128055315
1246	1271	PC	5.0699168807385
1246	1971	PC	12.9318849326762
1246	2004	PC	77.836875073447
1246	2030	PC	2720.71367461088
1246	2303	PC	172.524579583495
1246	4001	PC	98.6486289021791
1246	4004	PC	94.8855454323131
1246	4005	PC	22.2096936352722
1246	5101	PC	6.09052767575763
1246	5201	PC	14.6710247571021
1246	5404	PC	33.2843274350162
1246	5605	PC	38.1288285797772
1246	5790	PC	81.2209267194773
1246	5800	PC	253.303858350608
1246	5810	PC	76.2868283492433
1246	5820	PC	48.1178773918135
1246	5831	PC	442.172725991285
1246	5860	PC	2.97546134826613
1246	5880	PC	3.34426853218987
1246	5900	PC	38.5622291122978
1246	6000	PC	346.668334606286
1246	6010	PC	2811.17545890755
1246	6020	PC	4112.56890793365
1246	6030	PC	203.960790991861
1246	6050	PC	62.5659509134363
1253	5201	PC	53.8541834784918
1253	5840	PC	51.8830445180858
1253	5842	PC	37.5516557552186
1253	6020	PC	2221.17564551145
1253	6050	PC	387.612182991041
1260	235	PC	18.3049097172641
1260	1271	PC	102.5486454226
1263	805	PC	6.25156438752465
1263	1124	PC	18.2221518128703
1271	50	PC	2538.26647742961
1271	52	PC	107.822968059333
1271	56	PC	869.622335815309
1271	58	PC	9030.44601304426
1271	62	PC	19.05503783606
1271	105	PC	12.7018550011526
1271	301	PC	17.6973822699069
1271	1106	PC	102.245471021204
1271	1260	PC	64.7447337775013
1271	1271	PC	72.6688086239185
1271	1439	PC	170.676015440141
1271	1504	PC	149.035418948939
1271	1671	PC	1.41067308397051
1271	1845	PC	18.765002805582
1271	1971	PC	9.55834973284764
1271	2004	PC	279.554973855338
1271	2012	PC	2.97787511780178
1271	2030	PC	687.812703415792
1271	3001	PC	127.492684535266
1271	4001	PC	345.520239926389
1271	4003	PC	2.6754148257519
1271	4004	PC	69.5066104029844
1271	4005	PC	149.719047421789
1271	5101	PC	434.92785266641
1271	5102	PC	264.003433997209
1271	5103	PC	45.8404409396742
1271	5106	PC	176.439857176806
1271	5201	PC	920.876116098678
1271	5403	PC	5036.20586877074
1271	5404	PC	3420.45951234442
1271	5501	PC	272.721452401373
1271	5605	PC	1766.85103535833
1271	5700	PC	815.090964004754
1271	5710	PC	434.590300328581
1271	5720	PC	10.0265546273506
1271	5750	PC	7185.69748293457
1271	5790	PC	8270.76364019713
1271	5800	PC	23613.1883318658
1271	5810	PC	1895.93771704446
1271	5820	PC	2126.41720311992
1271	5831	PC	4263.0276533797
1271	5835	PC	4245.00402546478
1271	5840	PC	46.2029971543789
1271	5841	PC	2343.19248101083
1271	5842	PC	1226.80271699163
1271	5860	PC	217.619158735478
1271	5880	PC	91.3245766338628
1271	5900	PC	6040.94707156856
1271	5920	PC	5148.56287317029
1271	6000	PC	8846.55500055834
1271	6010	PC	5455.90636041956
1271	6020	PC	59021.3283994939
1271	6030	PC	6107.31986273639
1271	6040	PC	567.09209486471
1271	6050	PC	2667.98033969404
1272	6030	PC	69.0148674910859
1273	52	PC	175.175077738152
1273	58	PC	57.2609617028722
1273	4001	PC	102.66591845362
1273	4004	PC	29.2545359451376
1273	4005	PC	130.361879406808
1273	5605	PC	75.0116306285578
1273	5760	PC	4.91326180617054
1273	5800	PC	245.42138616539
1273	5810	PC	121.837641048435
1273	5820	PC	56.0503573307835
1273	5920	PC	689.81737354225
1273	6010	PC	38.945621891066
1273	6020	PC	1053.31748459902
1275	5840	PC	41.3564123532115
1275	5841	PC	43.7567845333254
1275	6020	PC	522.589361337912
1276	4001	PC	50.4328196592671
1277	4001	PC	8.71385109135082
1277	4005	PC	37.7287665497583
1277	5820	PC	41.5939491835353
1277	5920	PC	160.074819761342
1277	6020	PC	90.5307035430439
1401	54	PC	24.567426881456
1401	58	PC	893.343110287943
1401	1251	PC	70.2201977102771
1401	1271	PC	27.7409476338095
1401	1439	PC	10.9262308616093
1401	1503	PC	162.002449100054
1401	1971	PC	644.794329204175
1401	4001	PC	160.747403799465
1401	4005	PC	122.054947240307
1401	5101	PC	91.9963282171049
1401	5201	PC	72.6520851841427
1401	5605	PC	112.333194558409
1401	5700	PC	38.8175270960089
1401	5800	PC	115.009306997698
1401	5820	PC	35.7622325529333
1401	5831	PC	223.381934555823
1401	5840	PC	14.2342182416194
1401	5842	PC	183.482448053722
1401	5860	PC	111.590712323769
1401	5900	PC	40.0821291908362
1401	6010	PC	167.527020995438
1401	6020	PC	5079.55919676324
1401	6030	PC	90.1857833026897
1401	6050	PC	187.026113264502
1411	230	PC	1.7103622658227
1411	309	PC	7.9441031752892
1411	6020	PC	2150.71446316934
1416	50	PC	.757998869971804
1416	58	PC	2.19015734096398
1416	4001	PC	15.6602912202502
1416	5106	PC	17.6140228873053
1416	5403	PC	614.560896251434
1416	5404	PC	2.96661379997165
1416	5605	PC	2054.35360382771
1416	5790	PC	21.6698709049891
1416	5800	PC	44.6181329299987
1416	5920	PC	144.205181653138
1416	6000	PC	16.8499669624611
1416	6010	PC	529.832017585287
1416	6020	PC	2271.07692476459
1416	6030	PC	4973.50095002465
1416	6050	PC	104.556504354582
1428	309	PC	1053.29484424925
1428	1271	PC	4645.37539125567
1428	1432	PC	69.6065802140615
1428	1534	PC	336.483486401125
1428	5403	PC	44.8485182384493
1428	5404	PC	22.2140316899819
1432	1438	PC	2.16569703712962
1438	104	PC	146.215213205922
1438	5810	PC	16.3187271891369
1439	50	PC	1.345174012443
1439	58	PC	3514.36008276996
1439	106	PC	462.072862250116
1439	1106	PC	240.602240012435
1439	1149	PC	793.079626336178
1439	1271	PC	1896.98094532445
1439	1401	PC	297.899365233753
1439	1439	PC	4090.0453659675
1439	1441	PC	553.768170185347
1439	1504	PC	500.472921857517
1439	1517	PC	1171.47851184636
1439	1671	PC	29.1405352118835
1439	1702	PC	96.5987801731139
1439	1804	PC	763.71523026967
1439	1813	PC	2.40114046328479
1439	1820	PC	2.26688410280945
1439	1865	PC	121.558634312412
1439	1868	PC	76.6293515608083
1439	1870	PC	27.8081831184431
1439	1901	PC	4.17619394943555
1439	1931	PC	5.48831390491758
1439	1971	PC	1251.75776132846
1439	2014	PC	39.1429680206475
1439	2019	PC	5.50628763126742
1439	2023	PC	56.6501960532657
1439	2028	PC	786.824146230483
1439	2030	PC	559.123215834401
1439	4001	PC	1148.84190893279
1439	4002	PC	2.67056605411478
1439	4004	PC	21.0579078859643
1439	4005	PC	48.5686946375008
1439	5101	PC	34188.5609082154
1439	5102	PC	4048.500988352
1439	5103	PC	172.103145709619
1439	5104	PC	90.9970655476147
1439	5106	PC	441.770971262898
1439	5201	PC	2331.46351115452
1439	5302	PC	218.117987920555
1439	5402	PC	20.1380462451026
1439	5403	PC	15335.2725586235
1439	5404	PC	8617.55464656328
1439	5501	PC	1770.79102637412
1439	5605	PC	4029.28676014191
1439	5700	PC	519.227277817613
1439	5710	PC	47.3699072087648
1439	5720	PC	199.006625958479
1439	5730	PC	1181.97275358043
1439	5750	PC	1510.11608473344
1439	5760	PC	2907.49471804169
1439	5770	PC	136.495598321422
1439	5790	PC	27185.6997348676
1439	5800	PC	22002.3525819035
1439	5810	PC	2195.47630948191
1439	5820	PC	323.799210371647
1439	5830	PC	2209.56700726226
1439	5831	PC	2982.41893233769
1439	5835	PC	34852.5882556842
1439	5840	PC	1664.4035875665
1439	5841	PC	35714.300793464
1439	5842	PC	969.919917898331
1439	5860	PC	41.9733855823758
1439	5900	PC	21650.393736139
1439	5920	PC	27348.9366012776
1439	5930	PC	182.457029211276
1439	6000	PC	80869.5253773251
1439	6010	PC	15280.0155796682
1439	6020	PC	184830.994286633
1439	6030	PC	6065.98703762278
1439	6040	PC	772.288138908452
1439	6050	PC	77.5453254231847
1441	5101	PC	70.7897824048129
1441	5102	PC	19.2617049399375
1441	5605	PC	1843.73506539592
1441	5700	PC	43.5816598060761
1441	5800	PC	94.43715026473
1441	5841	PC	2.58945997395278
1441	5850	PC	1573.89513669693
1441	6000	PC	53.4113210822956
1441	6020	PC	4030.57456643912
1441	6030	PC	2345.27528314698
1444	4004	PC	29.0893880190799
1444	5605	PC	160.625646268157
1444	6020	PC	1080.44772318837
1449	50	PC	208.735399183765
1449	58	PC	1.22054759658431
1449	59	PC	60.3191852756058
1449	62	PC	1.28978449428358
1449	3001	PC	1.81994131095229
1449	4001	PC	197.827620500514
1449	5101	PC	206.414974012301
1449	5102	PC	1225.4594599268
1449	5103	PC	75.5671283460627
1449	5104	PC	274.041619290796
1449	5201	PC	421.710074703804
1449	5204	PC	8.90188684704926
1449	5402	PC	76.3584071769115
1449	5404	PC	59.3083265691965
1449	5501	PC	245.019489972338
1449	5605	PC	335.328142937114
1449	5800	PC	835.703202609754
1449	5810	PC	37.1940614440489
1449	5820	PC	13.4378927448901
1449	5831	PC	512.990022433447
1449	5840	PC	102.245094128131
1449	5900	PC	1461.29022447591
1449	6000	PC	156.518909136052
1449	6010	PC	481.481299389047
1449	6020	PC	12810.1158588596
1449	6030	PC	15.8572277702104
1503	1124	PC	4477.8302040503
1503	1244	PC	2343.21619832891
1503	1502	PC	4638.14367126813
1503	1503	PC	12716.4078539692
1503	1504	PC	2287.83461372474
1503	1702	PC	10.6742266746529
1503	1750	PC	54.2220589032009
1503	1804	PC	139.532270817228
1503	1820	PC	1202.16780859208
1503	1860	PC	744.636952719454
1503	1865	PC	707.172087772754
1503	1866	PC	9217.11759904472
1503	1868	PC	974.291576575611
1503	1971	PC	199.007193144047
1504	50	PC	3.18046808273713
1504	58	PC	127.945101181284
1504	105	PC	9.4205030998462
1504	211	PC	27.8773987273512
1504	219	PC	6.99163204731034
1504	228	PC	74.09968485385
1504	230	PC	12.1426038168778
1504	231	PC	3.10424263030262
1504	301	PC	4.85582536872194
1504	302	PC	1.93767956865187
1504	303	PC	5.14994305732623
1504	304	PC	1.53823994756471
1504	305	PC	3.14535134483654
1504	306	PC	27.6345675328829
1504	310	PC	2.87241634044167
1504	412	PC	1.35266297078461
1504	604	PC	2.07447543345719
1504	1071	PC	1.06098438416105
1504	1101	PC	1330.72549476046
1504	1102	PC	1.54088907441892
1504	1106	PC	470.143520620707
1504	1119	PC	7.84514776330091
1504	1120	PC	5.09089321021375
1504	1124	PC	1708.06488895049
1504	1135	PC	1.11366632197934
1504	1149	PC	1.30267951959123
1504	1154	PC	1.14097426136728
1504	1172	PC	55.7606682166881
1504	1173	PC	1.78825041946782
1504	1211	PC	1.98081555160674
1504	1221	PC	4701.33966072856
1504	1224	PC	1.92096780081542
1504	1228	PC	4.8291140602834
1504	1232	PC	.890365060108647
1504	1238	PC	8.27438830233088
1504	1244	PC	94.1155159290349
1504	1247	PC	1.07568052447697
1504	1263	PC	2.13034193395089
1504	1271	PC	14528.7632451169
1504	1273	PC	8.11184664598755
1504	1275	PC	4.21925065809365
1504	1277	PC	230.253176488191
1504	1401	PC	1521.24013504102
1504	1438	PC	271.493545927093
1504	1439	PC	103.404259073819
1504	1502	PC	3831.11392040653
1504	1503	PC	2021.97152962441
1504	1504	PC	51668.610326155
1504	1511	PC	1874.83370897832
1504	1514	PC	33.8166501802866
1504	1517	PC	1396.13091493772
1504	1520	PC	1652.2044590039
1504	1525	PC	2.36532813535255
1504	1531	PC	67.2941790799324
1504	1534	PC	399.573704783638
1504	1563	PC	1617.01962295068
1504	1671	PC	1279.19014454387
1504	1677	PC	2.53962731110004
1504	1702	PC	220.572216594222
1504	1703	PC	267.103710405153
1504	1750	PC	2113.31231838855
1504	1804	PC	695.548537657372
1504	1805	PC	339.903992600806
1504	1813	PC	3.83253255072514
1504	1820	PC	18.2317742078624
1504	1824	PC	15.8867733393116
1504	1851	PC	14.4274564792772
1504	1860	PC	775.264134109111
1504	1865	PC	528.27186060792
1504	1866	PC	376.751921859658
1504	1868	PC	1673.16416599034
1504	1870	PC	489.611813211141
1504	1901	PC	588.297135149076
1504	1931	PC	163.867759516575
1504	1941	PC	9.31926048653874
1504	1971	PC	2321.5156086791
1504	1972	PC	1.24232137312592
1504	2002	PC	2.17505301942071
1504	2003	PC	1.40603360964475
1504	2004	PC	164.386776891052
1504	2012	PC	10.8646226269853
1504	2014	PC	254.606403342267
1504	2018	PC	11.3862025799231
1504	2019	PC	17.5442395419904
1504	2022	PC	5.300015532966
1504	2028	PC	6.20346284739947
1504	2030	PC	10.5638653796881
1504	2301	PC	22751.312738418
1504	4001	PC	4845.8329878795
1504	4002	PC	20.1087659424669
1504	4004	PC	114.831313105947
1504	4005	PC	260.289507891206
1504	5101	PC	8722.64506414045
1504	5102	PC	384.196440564861
1504	5104	PC	55.2601199588346
1504	5106	PC	86.7816365310976
1504	5201	PC	1089.05793280574
1504	5204	PC	93.7807182280111
1504	5302	PC	736.990375621198
1504	5403	PC	14039.2960797543
1504	5404	PC	562.514000432024
1504	5501	PC	47.5818544326394
1504	5605	PC	12544.3693812935
1504	5700	PC	1408.20251554672
1504	5710	PC	1922.06766580221
1504	5720	PC	5.19134467698381
1504	5730	PC	216.682212604542
1504	5750	PC	1110.30140768353
1504	5760	PC	121.883744590055
1504	5770	PC	21.5451063669289
1504	5790	PC	9344.84926878331
1504	5800	PC	24691.8717475634
1504	5810	PC	197.804595597328
1504	5820	PC	1150.13317956875
1504	5831	PC	65.9690637806441
1504	5835	PC	10332.8278220899
1504	5840	PC	3138.32175085362
1504	5841	PC	1093.30334471747
1504	5842	PC	45.1421276259462
1504	5850	PC	301.112354669306
1504	5860	PC	3.0778723381327
1504	5880	PC	23.2379361529018
1504	5890	PC	29.342382956865
1504	5900	PC	1180.75390550339
1504	5920	PC	31732.865858063
1504	6000	PC	35756.2585265552
1504	6010	PC	4191.94721730278
1504	6020	PC	158736.086806006
1504	6030	PC	4862.79206446262
1504	6040	PC	319.031727421915
1511	50	PC	478.582574584881
1511	52	PC	166.520318883055
1511	56	PC	61.3037407242406
1511	58	PC	4049.87433845431
1511	5102	PC	172.053788111586
1511	5201	PC	93.6495302379517
1511	5204	PC	43.5579210409078
1511	5404	PC	54.0340043653298
1511	5605	PC	463.841444825204
1511	5800	PC	241.171739207748
1511	5810	PC	43.5579210409078
1511	5820	PC	134.706903959844
1511	5920	PC	175.885271906851
1511	6010	PC	199.11414655825
1511	6020	PC	880.172490589121
1511	6030	PC	10243.0726456982
1511	6050	PC	64.2116352678049
1515	50	PC	8.96567208092018
1515	230	PC	355.946207614771
1515	235	PC	124481.999963303
1515	305	PC	61.7195386218285
1515	306	PC	31.2049162481095
1515	602	PC	.973665303861367
1515	624	PC	135.956757898322
1515	1245	PC	739.686800131226
1515	1401	PC	2.16420423560539
1515	1439	PC	717.914049699899
1515	1504	PC	1989.62448659202
1515	1511	PC	435.575049699242
1515	1525	PC	2354.68978267292
1515	1529	PC	6.74752352408856
1515	1531	PC	151.315163529657
1515	1532	PC	1250.11518618209
1515	1545	PC	109.148153103281
1515	1547	PC	347.217402659835
1515	1671	PC	70.0717558709475
1515	3001	PC	49.8254219017939
1515	4001	PC	790.001544323186
1515	4002	PC	100.461505111849
1515	4005	PC	47.512415631705
1515	5101	PC	81.386765522685
1515	5102	PC	88.2249558120238
1515	5204	PC	59.7126666639963
1515	5402	PC	3.87181520363625
1515	5403	PC	609.939955079497
1515	5605	PC	2611.17032246605
1515	5700	PC	480.173648645126
1515	5710	PC	277.968099635223
1515	5730	PC	203.270298190903
1515	5790	PC	23.9387074387322
1515	5800	PC	89.7353670555257
1515	5810	PC	10.5426301482345
1515	5820	PC	85.2101830362758
1515	5840	PC	90.3645370261166
1515	5841	PC	1161.20577726056
1515	5850	PC	380.512721989445
1515	5860	PC	63.8849508599981
1515	5900	PC	33.0919205685785
1515	5920	PC	155.372717609253
1515	5930	PC	1678.91788424719
1515	6010	PC	394.408908743746
1515	6020	PC	9135.72946431739
1515	6030	PC	1704.74208502727
1515	6040	PC	65.8027093280491
1515	6050	PC	24.3279055295144
1517	626	PC	.922843856275668
1517	1119	PC	4.60008899454633
1517	1677	PC	6.72233933139841
1517	1719	PC	8.66356704716578
1517	1804	PC	9.28189532008831
1520	6050	PC	10.6855181369995
1525	58	PC	121.456946292501
1525	104	PC	141.753809187414
1525	214	PC	2213.59078954939
1525	227	PC	3.35681253236166
1525	230	PC	1.76709088891433
1525	231	PC	134.207704500577
1525	305	PC	42.0890323552298
1525	306	PC	17.5895760214138
1525	310	PC	60.8615855052682
1525	906	PC	2.71778596826782
1525	1124	PC	1411.16967502981
1525	1271	PC	56.3770545993109
1525	1274	PC	8.46925624947287
1525	1277	PC	1274.78713068851
1525	1401	PC	84.8237024600645
1525	1503	PC	88.4863203996082
1525	1504	PC	461.67307244996
1525	1515	PC	1.67723936038277
1525	1525	PC	24.6995856566769
1525	1526	PC	1.33090873924755
1525	1531	PC	5.59214977009495
1525	1547	PC	5.7509330425361
1525	1653	PC	613.568964575395
1525	1671	PC	253.076016266031
1525	1674	PC	1.7315444481775
1525	1677	PC	1870.24936280184
1525	1804	PC	1.35513519956527
1525	1805	PC	410.169564597602
1525	1860	PC	197.58462941133
1525	1926	PC	10.0293521690506
1525	1972	PC	1.56971315045705
1525	5101	PC	791.113734729817
1525	5102	PC	91.4128084425412
1525	5104	PC	44.3213616691109
1525	5106	PC	57.8968305951682
1525	5201	PC	997.942652022548
1525	5402	PC	71.137837393815
1525	5501	PC	39.9938731616962
1525	5700	PC	89.2480382313878
1525	5720	PC	16.677964242895
1525	5790	PC	53.3887735772498
1525	5800	PC	85.6879658936143
1525	5820	PC	568.5630455339
1525	5860	PC	52.5905786842273
1525	5880	PC	190.581855177177
1525	5920	PC	924.863703140818
1525	6000	PC	102.603952263992
1525	6010	PC	522.518075355436
1525	6020	PC	1307.6545820046
1525	6030	PC	4855.33335382988
1525	6040	PC	54.133618683078
1525	6050	PC	2336.58114889769
1531	826	PC	4795.2858825538
1531	1271	PC	11.6495959415033
1531	1426	PC	33.6021406711303
1531	1503	PC	30.4581007101947
1531	1504	PC	4206.6397946253
1531	1515	PC	77.4184914880017
1531	1531	PC	24023.0835108945
1531	1532	PC	65.9937460731017
1531	5404	PC	48.0148084748701
1531	5790	PC	2839.85021065043
1531	5820	PC	112.280782895081
1531	5831	PC	80.0246807914501
1531	5835	PC	2005.00811765532
1531	5860	PC	1.65999914769957
1531	5900	PC	367.990416747145
1531	5920	PC	121.268170122428
1531	6000	PC	6367.21502504404
1531	6010	PC	472.053280499413
1531	6020	PC	49330.6604568687
1531	6030	PC	383.708084820544
1532	58	PC	34.3921455062948
1532	5102	PC	219.390740262099
1532	5800	PC	9.19257871655632
1532	5920	PC	42.515676564073
1532	6010	PC	83.7673735546196
1532	6030	PC	6085.93032397701
1532	6050	PC	659.752195253205
1545	5403	PC	84.7875655635479
1545	5605	PC	1665.06830629476
1545	5750	PC	617.737977677278
1545	5800	PC	1182.81278338179
1545	5810	PC	185.240643240742
1545	5820	PC	598.531575325573
1545	5840	PC	88.8250686856216
1545	5920	PC	624.391782822455
1545	6000	PC	381.544045035965
1545	6020	PC	246.287690446496
1547	6020	PC	858.776914065078
1547	6030	PC	223.116460028915
1548	50	PC	22.8583239256203
1548	56	PC	1040.78755480816
1548	58	PC	54.9463799883011
1548	538	PC	54.6980194731319
1548	545	PC	224.53965026192
1548	719	PC	38.4781328219955
1548	1026	PC	42.3348920209678
1548	1106	PC	426.118571876893
1548	1221	PC	179.852409172116
1548	1417	PC	52.0457061379165
1548	1502	PC	18.3204363191251
1548	1528	PC	488.599745984974
1548	1636	PC	43.1237878832267
1548	1702	PC	1508.40811982972
1548	1822	PC	38.9870959789542
1548	1824	PC	34.4825304655519
1548	1867	PC	279.828006662931
1548	3001	PC	40.5083058833754
1548	4001	PC	983.888208294201
1548	4002	PC	8.24718835020549
1548	4004	PC	69.3433090771465
1548	4005	PC	338.673639832595
1548	5101	PC	2990.22528099681
1548	5102	PC	140.295158485817
1548	5103	PC	125.202971815506
1548	5106	PC	295.799591232486
1548	5201	PC	569.578640437182
1548	5204	PC	19.2185148610709
1548	5402	PC	44.0693465774345
1548	5403	PC	1751.81002336939
1548	5404	PC	3822.72612474344
1548	5501	PC	57.7706134221917
1548	5605	PC	14237.5481969466
1548	5700	PC	700.371535325199
1548	5710	PC	2583.14806621686
1548	5720	PC	131.677108071751
1548	5730	PC	336.647010318506
1548	5750	PC	280.202716671915
1548	5760	PC	1057.60577406316
1548	5790	PC	2576.2237483625
1548	5800	PC	5405.99663653654
1548	5820	PC	94.2232103598341
1548	5831	PC	1301.50528141295
1548	5835	PC	2343.36681205158
1548	5840	PC	554.25227858579
1548	5841	PC	1802.5230813342
1548	5842	PC	347.427143654443
1548	5850	PC	373.309557418496
1548	5900	PC	266.313705931982
1548	5920	PC	10806.5749438832
1548	6000	PC	4914.32767509446
1548	6010	PC	1435.72197894848
1548	6020	PC	71827.5701607426
1548	6030	PC	2204.09516060721
1548	6040	PC	79.9546743264257
1548	6050	PC	7.0494804511407
1554	50	PC	10.7297309383976
1554	54	PC	2.77914283319028
1554	58	PC	4.39776448329011
1554	62	PC	2.64680269827646
1554	137	PC	33.3858718751664
1554	211	PC	333.028715915052
1554	301	PC	18.3406721277039
1554	306	PC	58.6901508086525
1554	309	PC	183.406721277039
1554	822	PC	99.1500445547013
1554	1071	PC	214.862971665752
1554	1106	PC	122.962538698976
1554	1119	PC	36.5563436396821
1554	1124	PC	35726.766393531
1554	1221	PC	173.765654072881
1554	1244	PC	6717.81657623427
1554	1263	PC	218.017758525158
1554	1271	PC	2187.45084898555
1554	1401	PC	320.798184953322
1554	1416	PC	807.54970838604
1554	1439	PC	1413.39645397907
1554	1502	PC	22801.441834542
1554	1503	PC	201114.543472612
1554	1504	PC	6101.92146863426
1554	1515	PC	57.6135771884095
1554	1520	PC	137.264115458489
1554	1554	PC	5373.67255539445
1554	1671	PC	437.027047642797
1554	1702	PC	38992.9500425069
1554	1703	PC	17591.8435624041
1554	1719	PC	331.402415150282
1554	1750	PC	8321.45937987425
1554	1804	PC	4849.67662603747
1554	1813	PC	179.100279036419
1554	1820	PC	5109.81227346414
1554	1837	PC	617.884680548425
1554	1865	PC	550.651332345717
1554	1866	PC	27027.6012113226
1554	1901	PC	11.8108033281914
1554	1971	PC	1675.49545686121
1554	2030	PC	7.574871649611
1554	3001	PC	21.1784935903628
1554	4001	PC	384.20987968181
1554	4004	PC	1.86294189917151
1554	4005	PC	4.75610084859523
1554	5501	PC	1.22363724743396
1554	5605	PC	53.027674058931
1554	5810	PC	314.513456629964
1554	5860	PC	483.295992694903
1554	6010	PC	67.3916687022698
1554	6050	PC	1.61251364387304
1557	1401	PC	174.869224101252
1557	1502	PC	2884.21959960408
1557	1503	PC	108.577497676874
1557	1504	PC	467.364047498907
1557	1702	PC	41.5158198118271
1557	1703	PC	20.3116656911702
1563	1124	PC	314.923799383532
1563	1244	PC	7272.76281212946
1563	1502	PC	701.968270754504
1563	1503	PC	28063.1095894219
1563	1504	PC	487.570256327787
1563	1563	PC	.97395775738202
1563	1702	PC	3458.8880385929
1563	1703	PC	127.127947465284
1563	1719	PC	4.11959599697396
1563	1804	PC	233.833546993605
1563	1820	PC	1213.83687435038
1563	1865	PC	645.517145482126
1563	1866	PC	1260.4611855683
1563	1901	PC	8.72966745095576
1569	1124	PC	1584.22418516054
1569	1244	PC	1057.09562337856
1569	1401	PC	154.36355079852
1569	1502	PC	3421.60204920713
1569	1503	PC	282.594342160249
1569	1504	PC	355.062052062544
1569	1702	PC	3077.37955030242
1569	1750	PC	81.3330883548014
1569	1820	PC	825.941205371568
1569	1837	PC	826.176122633754
1569	1866	PC	6629.7175807539
1569	1868	PC	957.198741898846
1573	5101	PC	304.178710094233
1573	5102	PC	393.518481171441
1573	5201	PC	42.3488431724233
1573	5403	PC	8969.89218433437
1573	5404	PC	2323.48556867161
1573	5501	PC	10.5872107931058
1573	5750	PC	379.999427389475
1573	5800	PC	5061.70476014238
1573	5841	PC	65.9664672493517
1573	5920	PC	595.530607112202
1573	6000	PC	2146.96418871733
1573	6020	PC	9029.50632510786
1573	6040	PC	40.7200415119455
1612	1101	PC	53.4792221339494
1612	1244	PC	1260.63812886511
1612	1504	PC	1212.57197433072
1612	1833	PC	95.4462744861505
1612	1866	PC	6158.27886400983
1617	52	PC	33.4644590789271
1617	58	PC	85.1910455438657
1617	235	PC	1573.62979916177
1617	305	PC	66.6851341673512
1617	402	PC	43.383849736377
1617	720	PC	135.037003904894
1617	1124	PC	55.798977530574
1617	1244	PC	70.8245068925402
1617	1245	PC	52.8433765573968
1617	1271	PC	10.5627091875409
1617	1401	PC	5.29071243808139
1617	1502	PC	23.2135248121751
1617	1503	PC	12423.6987769962
1617	1504	PC	89.9109429701232
1617	1520	PC	45.730894183618
1617	1671	PC	3.6809302496886
1617	1702	PC	4439.61615782668
1617	1866	PC	1389.20120331175
1617	1870	PC	53.6755989468449
1617	4001	PC	52.0576530688287
1617	4005	PC	7.06343965442513
1617	5101	PC	765.658351710896
1617	5605	PC	377.958795412506
1617	5800	PC	117.20991566295
1617	5810	PC	81.8001832468797
1617	5820	PC	149.031379608286
1617	5841	PC	24.1740310269059
1617	5900	PC	159.158727584427
1617	5920	PC	2.36476145635776
1617	6010	PC	39.6107825511474
1617	6020	PC	324.807183130823
1617	6030	PC	1143.92559426988
1620	301	PC	1017.14464672493
1620	1274	PC	1.60330806825621
1620	1620	PC	138655.23872731
1620	1677	PC	24.2111514023154
1620	1971	PC	10.2493064009406
1620	6020	PC	3.69930944346748
1632	1525	PC	72.0620240720676
1640	62	PC	2.00258173982458
1663	5102	PC	234.539174245916
1663	5403	PC	103.301737185051
1663	5800	PC	169.503310655183
1663	5850	PC	356.120234433461
1663	6020	PC	455.660283709813
1671	1102	PC	131.600093378925
1671	1124	PC	12.3972720850459
1671	1130	PC	8.29170655980545
1671	1271	PC	429.145751500379
1671	1401	PC	7.96313365008418
1671	1416	PC	11.4091036187453
1671	1439	PC	2.27508316501493
1671	1502	PC	52.0081570453726
1671	1503	PC	24.3049066783497
1671	1504	PC	44.4024823640756
1671	1531	PC	1581.28377707445
1671	1703	PC	42.8546634933221
1671	1750	PC	100.277707520258
1671	1804	PC	746.449062759984
1671	1805	PC	173.845526566447
1671	1813	PC	3.0178226754135
1671	1820	PC	179.632203169773
1671	1860	PC	339.316122863264
1671	1865	PC	328.796686162138
1671	1868	PC	5.03320133289521
1671	1870	PC	79.333210149678
1671	1901	PC	237.799039588192
1671	1931	PC	596.108167012855
1671	1971	PC	13576.6731326897
1671	2003	PC	119.787911825366
1671	2004	PC	28.3926731765173
1671	2012	PC	6.2700846190076
1671	2014	PC	39.9867529595218
1671	2028	PC	6.63652141240481
1671	2030	PC	21.8458249886788
1675	1251	PC	64.9839990785624
1675	1271	PC	77.6709107533238
1675	1416	PC	16.8284278376493
1675	1503	PC	116.743240274696
1675	1702	PC	205.414571918708
1675	1719	PC	42.5690735702286
1675	1750	PC	112.609593881973
1675	1804	PC	554.656812470764
1675	1805	PC	7.80661576929573
1675	1820	PC	39.5190846973501
1675	1860	PC	242.482984027285
1675	1870	PC	73.7983350229563
1675	1901	PC	403.023047613753
1675	1931	PC	392.140800252968
1675	1941	PC	6.00665414985403
1675	1971	PC	12321.7943359698
1675	2012	PC	182.616214528596
1675	2014	PC	35.7776210690458
1675	2018	PC	4.00334769672796
1675	2025	PC	650.643403107816
1675	2030	PC	59.7416438465911
1750	50	PC	3.91532323795929
1750	4001	PC	61.0305196321513
1750	5102	PC	38.4449723518298
1750	5403	PC	89.4272607067817
1750	5605	PC	1.50203777485035
1750	5700	PC	33.8583443175455
1750	5710	PC	808.612933674911
1750	5790	PC	53.9368279293014
1750	5800	PC	697.576981571417
1750	5831	PC	499.415073419457
1750	5835	PC	4010.94229085222
1750	5920	PC	3140.38990211153
1750	6000	PC	3808.5633218203
1750	6020	PC	1613.95769510937
1750	6030	PC	190.664689069787
1804	235	PC	414.839474738934
1804	309	PC	8.7673717379075
1804	1172	PC	20.2449624178863
1804	1275	PC	13.8141420650221
1804	1677	PC	63.4927316801909
1804	1971	PC	5.51517852556942
1804	5700	PC	37.9630684539496
1804	5880	PC	34.9135760699438
1804	5900	PC	38.5653381808763
1804	6020	PC	560.261413473611
1805	1503	PC	39.096013568047
1805	1866	PC	43.4689258166343
1813	1502	PC	120.453532828038
1813	1820	PC	51.34185875907
1818	1845	PC	102709.863909999
1834	4001	PC	117.574218891429
1834	4004	PC	3.52432418212229
1834	5700	PC	72.2121191243365
1834	5831	PC	38.2325005392807
1834	6020	PC	225.373127404321
1835	1627	PC	5506.29850509024
1835	1834	PC	7108.51867718171
1835	5404	PC	47.7412653914381
1835	5800	PC	1483.73060861695
1835	5840	PC	226.859859118124
1835	5841	PC	417.548503100965
1835	6030	PC	15.0805535591317
1841	1804	PC	1.5496988111032
1841	1974	PC	1.63722382316735
1848	5201	PC	2.70218350814469
1848	5700	PC	577.323714837445
1848	5800	PC	305.115866358362
1848	5810	PC	36.9251569578791
1848	5831	PC	375.204002046584
1848	5842	PC	40.8479404459287
1848	5920	PC	115.85260467163
1848	6000	PC	79.8107766465767
1848	6010	PC	157.031793467368
1848	6020	PC	2174.08329808897
1851	58	PC	24.7744269408949
1851	101	PC	1.84776321999922
1851	625	PC	2.3198843650308
1851	3001	PC	17.5753135773183
1851	4001	PC	862.86569584786
1851	4005	PC	46.5021659907664
1851	5102	PC	57.8029256454975
1851	5201	PC	30.6256689151311
1851	5204	PC	3.98869588759184
1851	5403	PC	641.447729199824
1851	5404	PC	3393.80975495326
1851	5605	PC	939.628628312532
1851	5710	PC	716.452373642338
1851	5730	PC	33.2717517610704
1851	5760	PC	3.13145898927721
1851	5790	PC	49.5396812103655
1851	5800	PC	78.2864747319302
1851	5810	PC	1.40915654517474
1851	5820	PC	160.835648013014
1851	5830	PC	155.163792918686
1851	5835	PC	234.859424195791
1851	5840	PC	65.1128181964147
1851	5841	PC	338.618360643623
1851	5900	PC	154.412242761259
1851	5920	PC	384.707565480178
1851	6000	PC	298.979961324978
1851	6010	PC	712.673094074653
1851	6020	PC	17606.9256558151
1851	6030	PC	384.648850624129
1851	6040	PC	228.756993490436
1856	4002	PC	40.2139910669739
1857	1804	PC	1.12340641885566
1857	1874	PC	2.29076272952228
1857	5605	PC	568.381677312675
1857	5800	PC	37.1021941391723
1857	5835	PC	24321.1664703784
1857	5920	PC	5323.64622614992
1859	101	PC	82.1473563146937
1859	104	PC	342.186638934531
1859	235	PC	38.2737521369679
1859	303	PC	16.1720914873922
1859	305	PC	176.096107307159
1859	306	PC	1059.10236515347
1859	309	PC	1.79689905415468
1859	1074	PC	9.91405398558913
1859	1273	PC	238.957476680962
1859	1504	PC	48.5248653671495
1859	1671	PC	24.1370629003059
1859	1871	PC	1.14286330809841
1859	1971	PC	1126.77288142912
1859	1972	PC	273.545263975102
1859	2028	PC	601.569612314536
1860	1504	PC	22783.7935733503
1860	1866	PC	2357.92896192252
1860	2004	PC	126.175183139725
1860	2028	PC	2.00810075641476
1860	5710	PC	49.7767823951024
1860	5880	PC	12.2676609653715
1865	55	PC	63.2333093662238
1865	1106	PC	10.9803977973175
1865	1422	PC	206.637285148984
1865	1439	PC	256.164735224083
1865	1804	PC	20877.5189861023
1865	1805	PC	1.34428531168312
1865	1834	PC	113.156906040529
1865	1860	PC	20.6202729653011
1865	1865	PC	630.23051419093
1865	1868	PC	149.556543634812
1865	2018	PC	1363.69396990901
1865	2028	PC	286.87153663068
1865	4001	PC	609.79251335188
1865	5403	PC	2.39368994446273
1865	5710	PC	32.4305092642292
1865	5840	PC	179.758135862669
1865	5841	PC	183.984993356267
1865	5842	PC	101.239121459431
1866	58	PC	219.427603121055
1866	104	PC	17.5185281805643
1866	106	PC	1.05547147702272
1866	211	PC	919.396842418731
1866	213	PC	47.1660251030791
1866	214	PC	45.4256945127792
1866	215	PC	4.29857712041072
1866	230	PC	8.12182983376587
1866	233	PC	1.73981119120223
1866	235	PC	315.138002477095
1866	306	PC	1.76193311178346
1866	309	PC	1521.12654383175
1866	412	PC	668.560420027648
1866	542	PC	113.028348660136
1866	709	PC	492.121863991975
1866	926	PC	209.905861741443
1866	1102	PC	25.8700243508698
1866	1122	PC	219.91333412005
1866	1124	PC	.73298967827074
1866	1173	PC	10.8834661530713
1866	1271	PC	65.3535851251616
1866	1276	PC	583.134948693842
1866	1277	PC	40.6646456308547
1866	1502	PC	95.1722172067265
1866	1504	PC	97.9155573883822
1866	1531	PC	180.569198980619
1866	1653	PC	18.7255942808229
1866	1671	PC	3.24465685211544
1866	1673	PC	117.754457383649
1866	1677	PC	577.438533720253
1866	1805	PC	4.08746106551004
1866	1901	PC	3.33520196933237
1866	1925	PC	.870375624215788
1866	1971	PC	193.680219303388
1866	1972	PC	3.23674427172798
1866	1973	PC	114.593509632131
1866	4001	PC	25.1905828733403
1866	5201	PC	2573.50219534519
1866	5404	PC	10.2438015073263
1866	5700	PC	926.147152944786
1866	5800	PC	309.141884030415
1866	5820	PC	83.8236998342561
1866	5831	PC	1822.36912648623
1866	5900	PC	295.4577934752
1866	5920	PC	77.0616842559246
1866	6000	PC	116.72084634158
1866	6010	PC	701.052261489817
1866	6020	PC	1836.74285568458
1866	6030	PC	602.512977198567
1867	441	PC	4919.78877093676
1867	1833	PC	212.821856915817
1867	1857	PC	2054.11150603811
1868	59	PC	49.5512281245593
1868	1439	PC	2.177289322961
1868	1677	PC	1.42822704001968
1868	1971	PC	2.25142054286609
1868	1974	PC	1.9961722836458
1868	2019	PC	1.72681569440435
1868	4001	PC	135.781747062967
1868	5101	PC	119.289700886242
1868	5403	PC	3238.12612334976
1868	5605	PC	49.9780531873646
1868	5800	PC	38.2364118763049
1868	5830	PC	58.4118002616834
1868	6020	PC	19075.6439704313
1868	6030	PC	509.544155185316
1870	50	PC	38.3470702259211
1870	51	PC	9.56404307396982
1870	1271	PC	7.9156040354567
1870	1504	PC	45.5598436114595
1870	1835	PC	.442120148942658
1870	1931	PC	3.8588254916634
1870	1971	PC	18.6723918860377
1870	1973	PC	1.18788612944824
1870	4001	PC	703.887881698732
1870	4005	PC	92.0440343771723
1870	5201	PC	204.204175881
1870	5204	PC	139.210179859111
1870	5403	PC	2028.2272494856
1870	5605	PC	1066.02918706942
1870	5700	PC	39.4536537220829
1870	5710	PC	465.946741478499
1870	5800	PC	315.188572420156
1870	5831	PC	1341.24835881661
1870	5840	PC	384.350040930268
1870	5841	PC	71.3449948730744
1870	5842	PC	44.3917825737049
1870	5930	PC	1.81598255887981
1870	6020	PC	22068.4089160107
1870	6030	PC	223.602979777108
1871	1531	PC	100.665783623126
1917	1525	PC	12.7590412811518
1919	1919	PC	19516.6264061352
1923	1525	PC	5.26111729185739
1928	1971	PC	58178.0766516706
1929	231	PC	58.4323277865222
1929	1504	PC	29.6795198862417
1929	1674	PC	7.92570510093002
1929	1901	PC	5.00699496138844
1931	58	PC	234.979935619692
1931	1926	PC	3.657141484491
1931	1931	PC	18.414924803645
1931	1938	PC	11584.8694292464
1931	1971	PC	2904.87193167881
1931	3001	PC	1.31116124051664
1931	4001	PC	220.966346883938
1931	4004	PC	1.46279213227706
1931	5101	PC	52.5095829355724
1931	5102	PC	3.66577460787944
1931	5201	PC	61.7108564081475
1931	5204	PC	67.7740197329671
1931	5403	PC	101.584602947488
1931	5404	PC	14.8927030372295
1931	5501	PC	105.465191678948
1931	5605	PC	1182.73347895488
1931	5700	PC	90.1091602960218
1931	5710	PC	76.0673120968008
1931	5790	PC	34.6187709574101
1931	5800	PC	3.98237328395376
1931	5820	PC	299.932443880978
1931	5840	PC	128.1607370242
1931	5841	PC	205.735377408977
1931	5842	PC	30.2660369580486
1931	5850	PC	70.4820335660557
1931	5920	PC	263.390186627418
1931	6010	PC	180.704170132686
1931	6020	PC	3589.88052902049
1931	6030	PC	2142.76373391073
1936	4001	PC	152.140873070341
1938	1243	PC	1.38984483908202
1938	1439	PC	36.498409968534
1938	1503	PC	11.0973344481115
1938	1671	PC	2.57855756053547
1938	1804	PC	37.2990104891586
1938	1813	PC	10.3125670380096
1938	1815	PC	4.34283238573638
1938	1828	PC	20.9295549847899
1938	1860	PC	1.59816088568519
1938	1874	PC	7.35383669153862
1938	1901	PC	1.49047230355859
1938	1931	PC	2.48920693335115
1938	1941	PC	.95979709596373
1938	1971	PC	2.84731495896009
1938	1974	PC	2.08662263284797
1938	2003	PC	3.72138912821504
1938	2028	PC	1.0474370791315
1973	58	PC	55.81655686325
1973	1101	PC	552.03011476397
1973	1119	PC	75.651690674231
1973	1271	PC	1117.36956315299
1973	1439	PC	103.51222339346
1973	1504	PC	28.5209463121631
1973	1515	PC	66.5261463503912
1973	1627	PC	15454.4576392103
1973	1971	PC	224.572665702353
1973	3001	PC	86.8532949695996
1973	4001	PC	960.861300985226
1973	4004	PC	2162.46790138388
1973	4005	PC	196.092456945006
1973	5101	PC	3026.6079093144
1973	5102	PC	1210.91036743131
1973	5104	PC	48.3626616382541
1973	5201	PC	4140.2831304111
1973	5403	PC	1677.86798643587
1973	5404	PC	87.6512788866308
1973	5501	PC	375.876621363412
1973	5605	PC	2532.49062557816
1973	5700	PC	51.9052266032562
1973	5710	PC	7232.82345331475
1973	5730	PC	217.631977372143
1973	5750	PC	78.5893251621629
1973	5790	PC	53.8034610725577
1973	5800	PC	9928.80808678283
1973	5810	PC	1032.7685183977
1973	5830	PC	3188.61678046985
1973	5831	PC	2813.23587638822
1973	5835	PC	29574.7489508015
1973	5840	PC	239.076787586906
1973	5841	PC	2466.25796046457
1973	5850	PC	590.435554610625
1973	5900	PC	7044.58589866416
1973	5920	PC	15320.8095954934
1973	6000	PC	7547.02156020218
1973	6010	PC	53.4004388922389
1973	6020	PC	23983.7915125547
1973	6030	PC	241.813308191271
1973	6050	PC	57.6442624509957
1974	227	PC	354.21304492512
1974	1972	PC	5.04336918738336
1974	3001	PC	116.167113255086
1974	4001	PC	1.81359981143453
1974	4004	PC	1.97883890536523
1974	5840	PC	40.5420162291681
1974	5842	PC	42.7022151156768
2002	1504	PC	9.50777689792626
2002	1860	PC	170.087788547841
2002	1865	PC	2.43203680212764
2002	1866	PC	43.242533641383
2002	1941	PC	.634966592232157
2002	1971	PC	1.51371493089066
2002	1974	PC	16.4319161872934
2002	2002	PC	62.280056145179
2002	2004	PC	1.58697114382777
2002	2028	PC	100.193979623686
2004	1504	PC	24187.5604555555
2004	2022	PC	4148.13180821666
2004	2028	PC	59.2606769126183
2004	5605	PC	65.7260714531868
2004	5710	PC	96.4395951639975
2004	5800	PC	15455.888340589
2004	5840	PC	14194.6305548575
2004	5841	PC	2962.60247318696
2004	5842	PC	37.9325649844051
2004	6020	PC	8886.61412428739
2012	58	PC	5.57683173789188
2014	1938	PC	1.46045599175968
2014	1971	PC	3.54587622348963
2014	5403	PC	186.794437149696
2014	5710	PC	603.583581555702
2018	720	PC	5.02629716482739
2018	1149	PC	216.964730742066
2018	1271	PC	9.54161559568832
2018	1504	PC	2160.43150176533
2018	1620	PC	5.51719674799887
2018	1865	PC	12.8676974626674
2018	1971	PC	4.16467490882764
2018	2002	PC	2.63871223831907
2018	2004	PC	17.9724346301021
2018	2018	PC	86.691975358516
2018	2019	PC	60.7154049426224
2018	5800	PC	112.187536595804
2019	2028	PC	1.03706184597082
2019	3001	PC	1.51532694494993
2022	1504	PC	853.723015339381
2022	1860	PC	217.322703633023
2022	1865	PC	111.901458485797
2022	1866	PC	170.79781968318
2022	1868	PC	20.6114590736063
2022	1971	PC	2.83615854006183
2022	1974	PC	49.2707910584689
2022	2002	PC	200.065695958108
2022	2004	PC	99.0472757070825
2022	2019	PC	36.6018265121426
2022	2028	PC	479.119731573187
2023	1860	PC	7.77129475744589
2024	4001	PC	42.8790758435781
2028	50	PC	73.0522251861599
2028	52	PC	47.4680884350012
2028	54	PC	4.50287071684
2028	56	PC	228.826100980424
2028	58	PC	2868.11916525025
2028	301	PC	53.4887552647554
2028	2002	PC	800.790272319783
2028	2028	PC	9657.6004470074
2028	3001	PC	330.651670047191
2028	4001	PC	857.706814143682
2028	4002	PC	35.2398577839651
2028	4004	PC	321.581322207574
2028	4005	PC	59.0424239471567
2028	5101	PC	28.1311953609886
2028	5102	PC	183.057356798561
2028	5103	PC	228.569633126552
2028	5201	PC	4450.98198402298
2028	5204	PC	255.046512941571
2028	5402	PC	692.424050057378
2028	5403	PC	3640.95078192125
2028	5404	PC	1091.23743613826
2028	5501	PC	393.131937898162
2028	5605	PC	8755.28197555998
2028	5700	PC	1199.94065078254
2028	5710	PC	1165.409505694
2028	5800	PC	39.2239194834301
2028	5840	PC	63.5668301326425
2028	5841	PC	16.8838074182731
2028	5842	PC	43.4076737103375
2028	5860	PC	7.75276871247234
2028	5880	PC	17.5063782391231
2028	6000	PC	39.8973923210793
2028	6010	PC	441.569122422222
2028	6020	PC	4963.66905499301
2028	6030	PC	2668.13688786601
2030	1971	PC	187.186062867568
2030	2028	PC	.572280472336737
2030	2301	PC	148.268264808172
2030	5830	PC	998.750767042621
2030	5831	PC	35.6554023834216
3001	1974	PC	.930133400292861
4001	104	PC	52.11288719439
4001	211	PC	33.4597981519673
4001	217	PC	48.7596512768109
4001	219	PC	142.573907677666
4001	231	PC	27.1356845844711
4001	301	PC	8.25700393784837
4001	302	PC	6.77867190878986
4001	306	PC	30.9995660741915
4001	307	PC	9.15989544289651
4001	309	PC	29.6705516924862
4001	310	PC	4.65591634904902
4001	402	PC	7.37764335589942
4001	502	PC	1.57680721852072
4001	822	PC	11.2913797141039
4001	1122	PC	.868611457257369
4001	1271	PC	10.3325672220745
4001	1273	PC	3.571683689548
4001	1401	PC	1.01847795185977
4001	1439	PC	2.68632722484833
4001	1504	PC	518.910248345405
4001	1525	PC	8.53593380955352
4001	1534	PC	.774364035193884
4001	1554	PC	4.0987054380601
4001	1671	PC	2.70794887625687
4001	1860	PC	11.1260710493452
4001	1865	PC	16.0699761447537
4001	1972	PC	33.5433934908764
4001	2028	PC	2.90657487906127
4002	1653	PC	6.29617445479974
4003	219	PC	4.50554246196008
4004	1071	PC	1.54958339230409
4005	1504	PC	30.5731594706805
5101	106	PC	19.8163293004141
5101	211	PC	18.4225667764759
5101	219	PC	3.01160423829618
5101	301	PC	3.14352941796258
5101	305	PC	.969254903871795
5101	306	PC	28.8165595339396
5101	307	PC	.608622223422199
5101	402	PC	30.4669345993624
5101	625	PC	.644065331233145
5101	1071	PC	4.70140592325271
5101	1260	PC	4.34690202667065
5101	1504	PC	154.591030752786
5101	2028	PC	31.2835744361063
5102	312	PC	3.14352941796258
5102	1504	PC	52.7945429423588
5106	309	PC	1.15175425063684
5106	1271	PC	25.9281855511409
5201	402	PC	166.420506885576
5201	602	PC	.475140878324162
5201	1504	PC	5.05908402403633
5402	1271	PC	.720940775548209
5402	1504	PC	18.6825970704582
5403	106	PC	358.650201232358
5403	211	PC	2.73695920347235
5403	220	PC	1.09549335369653
5403	228	PC	.77333551655216
5403	231	PC	11.3735090629422
5403	301	PC	152.9772395173
5403	305	PC	3.35571765367504
5403	306	PC	22.9992837054767
5403	309	PC	19.0166065734413
5403	822	PC	.427815536593956
5403	1101	PC	.399582415019464
5403	1106	PC	4.24739110675668
5403	1175	PC	4.19402564884166
5403	1216	PC	.817661077040351
5403	1271	PC	36.2103052634761
5403	1504	PC	370.318090784511
5403	1514	PC	115.522639593338
5403	1531	PC	36.9979071958228
5403	1545	PC	48.7101365283938
5403	1677	PC	.60176641694597
5403	2028	PC	22.7298337664719
5404	231	PC	1.73379415647869
5404	309	PC	1.39712418576114
5404	1216	PC	.817661077040351
5404	1271	PC	4.08808274378927
5605	301	PC	1.92279216065378
5605	305	PC	1.71933595110231
5605	309	PC	2.9269751691696
5605	1173	PC	2.59054056789716
5605	1277	PC	.515481826791467
5605	1504	PC	602.397139348164
5605	1548	PC	929.467010025179
5605	2028	PC	11.4304367965769
5700	301	PC	1.19192157097747
5700	1504	PC	219.032614084719
5700	1532	PC	115.550831991008
5700	1868	PC	112.499872087558
5700	1871	PC	1.26945409291138
5800	1439	PC	22.5985099350772
5800	1504	PC	20.3692442357598
5810	704	PC	1.95699030276467
5830	1504	PC	193.71318475222
5831	1504	PC	3004.63373294047
5831	1545	PC	740.153090589119
5831	1868	PC	1680.77781664759
5831	1972	PC	11.7859620033172
5840	1244	PC	1.38047831855797
5840	1271	PC	40.1653900270433
5840	1439	PC	3.93861878564417
5840	1504	PC	.695409685337875
5842	1504	PC	2.83394452532882
5842	2028	PC	30.1112793226491
5850	104	PC	14.7337629817594
5850	219	PC	.744687593469602
5850	220	PC	65.7970161974038
5850	307	PC	5.92031373716284
5850	402	PC	8.61954665414248
5850	1271	PC	19.1049305520275
5850	1439	PC	3.49919639900308
5850	1441	PC	27.5943394430364
5850	1504	PC	147.266506052224
5850	1567	PC	51.363545030311
5850	1663	PC	103.812571447843
5850	1804	PC	78.1232028914753
5850	2028	PC	75.1199746861079
5930	106	PC	117.376429494226
5930	402	PC	241.003016292714
5930	1271	PC	24.398250164863
5930	1504	PC	794.81982893832
5930	1514	PC	492.45287411685
5930	1515	PC	70.0830454696628
5930	1804	PC	976.54003614344
5930	1860	PC	345.907184920014
6020	104	PC	125.837824435853
6020	211	PC	377.977841115674
6020	219	PC	38.9820227390368
6020	220	PC	1143.46922109087
6020	301	PC	121.175200238912
6020	305	PC	3.57139869985193
6020	307	PC	60.2116863932249
6020	309	PC	5.488078442193
6020	310	PC	10.0025359674337
6020	1271	PC	105.883819578257
6020	1503	PC	14.3886067055343
6020	1504	PC	637.73098263265
6020	1531	PC	234.17450436483
6020	2028	PC	93.5129478056928
6030	220	PC	5.10836977700642
6030	402	PC	106.729907215345
6030	1271	PC	22.0134587953652
6030	1504	PC	636.455921964219
6030	1972	PC	22.8258032180137
6040	302	PC	16.2206117966869
6040	306	PC	48.6024576121658
6040	1439	PC	12.0125383316897
6050	211	PC	20.8518540143166
